2.145266037111326668e-07
1.091083414992224132e-06
-1.164117182102937233e-06
1.004175729288324722e-06
-1.856698436217966340e-06
-7.530666198408747766e-07
1.015096923520383359e-06
1.106834113526728560e-07
2.788748680533985833e-07
1.009271048719940763e-06
-6.898864591089257487e-07
6.971826378742118888e-07
-3.450094274761223843e-07
-2.227588933934676768e-06
2.257362589705823562e-06
-1.615589550764969045e-06
2.904589918083050904e-06
1.469261818844084683e-06
-1.232391025011360828e-06
-1.902814528411928207e-07
-6.009849695381387170e-07
-1.040186973685787180e-06
2.714611363752195698e-07
-1.200880535215390763e-06
-1.411603241069418762e-06
-3.596872036695059164e-06
8.660876460827597039e-07
-3.141158638779909167e-06
2.101368751799504815e-06
-2.374767132062452482e-06
-3.632957311883496649e-05
3.836071647116586208e-05
-5.348014085836399757e-05
-5.625377953674567222e-06
-2.837432883064737980e-05
-4.572309299083307424e-05
-6.238175236178844868e-07
7.826204475610999125e-07
-2.586311051885373765e-07
-5.709649237795102762e-07
5.285349505138722755e-07
1.882146780929345407e-07
-6.194445869631193481e-07
-8.950959341743102574e-07
6.541434035368632620e-07
-7.033572240755912930e-07
7.961785025015119477e-07
2.626126808894249091e-07
6.010691155680862976e-07
1.393624770021860173e-07
-5.575931656614915963e-07
4.991425827237006130e-07
-5.313158918243253103e-07
-8.778704229832173767e-07
2.954309711982512055e-06
-7.611894445469883044e-07
-2.875709443236985741e-07
2.791916807822213175e-06
-2.254160298845085756e-06
-9.775906946682961679e-07
1.103914726341342400e-06
8.352913199506174840e-07
-1.068051328643352901e-06
3.610531667489819655e-07
2.500619797163054119e-07
-9.806137212699304371e-07
-3.462485446177850901e-06
-3.430852783895930231e-07
1.177591565950645152e-06
-2.867024879589906325e-06
2.099102975309054200e-06
1.606706229539523192e-06
1.219827460937796692e-07
-1.265194987449017142e-06
1.076032677253288478e-06
7.497131552779225920e-07
-1.146341830542890363e-06
7.717772193689862030e-07
-2.338077525095285494e-06
-4.262366709853535927e-06
4.370952349885279024e-06
5.910406320034401649e-07
-2.565840287975335768e-06
2.905605796379798595e-06
1.628313289693261706e-06
2.482786280034148522e-06
-3.315058536545310676e-06
-1.187347391678411041e-08
1.801203098435952423e-06
-3.031102521557072622e-06
6.508595382516178713e-07
5.012612274184500221e-06
-4.020783188720230533e-06
-1.904242623974709025e-06
3.161790616018214811e-06
-2.097848522933988602e-06
2.336687213259195149e-06
-1.286797236112399745e-05
1.250242482374399635e-05
7.643004888890021005e-06
-1.253743275146153759e-05
9.946451783773946372e-06
2.222893086553016337e-05
-3.094738458339788359e-05
2.264524171951708722e-05
3.086811697973291049e-05
-3.608956276656143954e-05
1.217689375325471545e-05
-2.374029984460055336e-06
4.964549593283552195e-06
-1.152540644765333049e-06
-5.587130729765943333e-06
4.536171529303805554e-06
3.525458113500699759e-06
-1.296243013762678885e-06
1.471580044874696461e-06
2.019429812267579009e-07
-1.299181628736111912e-06
1.720746021041533908e-07
6.824696936473087133e-07
5.193598680477410640e-06
-5.348947816411533037e-06
-3.339585900723203360e-07
7.500149096259569639e-06
-4.898826632307099046e-06
-5.509600602425250359e-06
6.340158026335665898e-07
9.278715637377830761e-08
-4.619323536906996431e-07
-5.203319868434261808e-07
1.276617137818935379e-06
6.665769343899473661e-07
-4.479940037133165809e-05
-2.874585737138684501e-06
2.981611847651078836e-05
-3.704335356201604704e-05
1.425505458679457229e-05
4.754290041565540660e-05
5.676263566983623309e-06
1.672589505429464579e-07
-5.230970553066053101e-06
1.872847591453890481e-06
3.777532209595033966e-06
-3.670053054240603923e-06
-3.818148186310164842e-06
-9.675920444993794977e-07
4.558907995659421903e-06
-8.833931857228410136e-07
-4.107983959429647547e-06
3.282201887575659961e-06
-6.136596736710238665e-06
-2.286494719990149805e-06
6.087007067831742974e-06
-5.791141854292845458e-07
-4.588189085062547105e-06
3.053733492341018035e-06
6.976356995054081982e-06
7.118914851847918434e-05
