-4.532220634829586955e-05
7.954555492513520616e-05
1.012608559759996919e-05
8.988043685204451531e-05
6.225562547032095534e-05
6.263512345761020940e-05
4.425440199225853880e-05
-5.580413825252196898e-05
-1.309746025511119075e-07
-7.142905444450372513e-05
-4.607990954802622776e-05
-5.383936607664015624e-05
8.029209637406593695e-05
-7.258092059396568235e-05
1.311657354694212201e-05
-1.062431566224614931e-04
-6.061703618423242159e-05
-8.536712180117417899e-05
8.357180210251763343e-04
1.263433381483035269e-06
5.203288369527504006e-04
-6.627346741145035856e-04
-1.988609608849976310e-04
-8.170486019547700072e-04
8.357180210251761174e-04
1.263433381483008164e-06
5.203288369527504006e-04
-6.627346741145034772e-04
-1.988609608849974683e-04
-8.170486019547697903e-04
8.357180210251761174e-04
1.263433381483387635e-06
5.203288369527506174e-04
-6.627346741145030435e-04
-1.988609608849970347e-04
-8.170486019547696819e-04
2.232890544239138581e-04
3.831485914626836921e-05
1.612228242565726458e-04
-1.589458253169259022e-04
-3.280381167542111362e-05
-2.215088731171481690e-04
2.232890544239131262e-04
3.831485914626890453e-05
1.612228242565729710e-04
-1.589458253169250077e-04
-3.280381167542022593e-05
-2.215088731171479522e-04
-1.680818595757931316e-04
-5.394605527399943612e-05
-1.408695347531997927e-04
1.135491867601670440e-04
1.495744068068587086e-05
1.828945176759283974e-04
3.224914957393131151e-07
-1.050039666143158694e-05
-4.949393597701410999e-06
-9.557714246181740444e-06
-9.444941865202532901e-06
-5.471116641971871763e-06
1.583801421808331451e-05
-7.796673763316646711e-05
-2.669981734469893767e-05
-7.388883487105310358e-05
-6.217309613380431589e-05
-4.476438685952025551e-05
-1.185369487708472919e-05
3.219761029670625515e-05
8.096710480502179391e-06
3.351499926495094781e-05
2.626687725093992227e-05
2.200768034814904866e-05
-4.532220634829641843e-05
7.954555492513446077e-05
1.012608559759916789e-05
8.988043685204442045e-05
6.225562547031985759e-05
6.263512345761060242e-05
8.357180210251766595e-04
1.263433381482059487e-06
5.203288369527497501e-04
-6.627346741145043445e-04
-1.988609608849984983e-04
-8.170486019547697903e-04
8.357180210251763343e-04
1.263433381482195013e-06
5.203288369527496416e-04
-6.627346741145040193e-04
-1.988609608849982273e-04
-8.170486019547695735e-04
2.232890544239138581e-04
3.831485914626817270e-05
1.612228242565725916e-04
-1.589458253169260919e-04
-3.280381167542137112e-05
-2.215088731171482232e-04
-1.680818595757931858e-04
-5.394605527399917185e-05
-1.408695347531998198e-04
1.135491867601673286e-04
1.495744068068611480e-05
1.828945176759282890e-04
-2.433913898226392169e-05
-5.252052093389143370e-05
-4.169147287639220927e-05
-3.927318340568654748e-05
-5.342471344290010350e-05
-1.628151513983885554e-05
-1.675928897044880909e-06
-6.164611240548628674e-06
-3.813137024443013069e-06
-4.686484464763599687e-06
-5.137960937120517379e-06
-2.171178623421583251e-06
3.224914957393122680e-07
-1.050039666143161743e-05
-4.949393597701632075e-06
-9.557714246181740444e-06
-9.444941865202532901e-06
-5.471116641971871763e-06
1.583801421807930974e-05
-7.796673763316703631e-05
-2.669981734470212252e-05
-7.388883487105169412e-05
-6.217309613380671469e-05
-4.476438685951708422e-05
-1.185369487708506631e-05
3.219761029670666172e-05
8.096710480502519898e-06
3.351499926495092070e-05
2.626687725093991888e-05
2.200768034814876744e-05
-4.532220634829685888e-05
7.954555492513462340e-05
1.012608559759881214e-05
8.988043685204454242e-05
6.225562547032007443e-05
6.263512345761156465e-05
4.425440199225891150e-05
-5.580413825252186733e-05
-1.309746025509153958e-07
-7.142905444450383355e-05
-4.607990954802634973e-05
-5.383936607664058314e-05
8.357180210251765511e-04
1.263433381481192126e-06
5.203288369527490995e-04
-6.627346741145049951e-04
-1.988609608849993657e-04
-8.170486019547696819e-04
8.357180210251763343e-04
1.263433381481490281e-06
5.203288369527490995e-04
-6.627346741145046698e-04
-1.988609608849990404e-04
-8.170486019547694651e-04
8.357180210251762258e-04
1.263433381481788437e-06
