-9.045002798732607261e-07
2.506470127781211084e-06
8.772071910686793166e-07
7.870080769941314548e-07
-7.470831600314407165e-07
-1.944279395137090872e-07
4.586502549450974612e-07
-3.027017060033730161e-08
4.344161784919704268e-06
2.590716421157645313e-06
-3.402389678149846758e-06
8.480537698048378826e-07
4.599828317181423981e-07
-1.667033295819861249e-06
-1.371516881295742457e-06
-2.218120190210240102e-07
8.634135371012288474e-08
-1.699437824119184495e-06
2.593913262796508165e-06
5.121513274452226322e-07
3.094088398006794263e-07
-6.146502641990572090e-07
1.336450604530654918e-06
1.364337992676275732e-06
-2.988231052260028125e-06
9.210788788591707105e-07
1.507486070098919094e-06
-1.261546038273368917e-06
1.824966660569682884e-06
3.330932851808569606e-06
-5.808361755411209528e-06
6.443734255349349514e-07
1.773450587163997067e-06
-3.180692839626288389e-07
-1.523007165927175092e-07
2.304120062694440625e-06
-2.832643284505453451e-06
-1.024162169397232790e-06
-5.484537609559077444e-06
4.843365259868542872e-06
-3.182606431074792122e-06
-9.033585684655985886e-06
1.186562114154574574e-05
5.140045204124262266e-07
-1.278388870186136951e-06
-8.337898743312040403e-07
1.209263957255523606e-06
-1.150526066175142422e-06
1.032061790367010826e-06
1.588517250677592281e-06
1.579997777808666586e-05
-8.369065038305691296e-06
2.747206377103052021e-06
2.020447807167285081e-05
-2.235910469947959274e-05
-4.513652069618040306e-06
1.579997777808673701e-05
-8.369065038306074155e-06
2.747206377103522971e-06
2.020447807167264075e-05
-2.235910469947982652e-05
-4.513652069617853958e-06
1.596374771641951359e-04
5.979093601249851550e-05
-8.318139583040704151e-05
1.493889061924379559e-04
-1.336492453081645224e-04
-1.048106957197353427e-04
1.596374771641947835e-04
5.979093601249892208e-05
-8.318139583040736677e-05
1.493889061924376035e-04
-1.336492453081639261e-04
-1.048106957197354917e-04
-3.287366985931632621e-05
-1.372131288142702473e-05
1.592283771789185513e-05
-2.943274797304845677e-05
2.546580425223675243e-05
1.775072306586108296e-05
-3.287366985931633977e-05
-1.372131288142706539e-05
1.592283771789216684e-05
-2.943274797304850759e-05
2.546580425223686763e-05
1.775072306586123204e-05
-5.179933770895233834e-05
-3.996328338155872119e-05
4.253964952563350787e-05
-4.785615538133811012e-05
4.246675722906570211e-05
4.511898786242202880e-05
-1.434805103554914104e-05
-3.880323073158488086e-05
3.560157731461764062e-05
-1.650884795296165991e-05
1.667007253586627147e-05
3.267375496456614088e-05
1.143750027644858941e-06
3.159579165616630578e-05
-2.923723060869384816e-05
5.858364628665013729e-06
-8.282867649695429079e-06
-2.639034768986479022e-05
1.773450587164207131e-06
-3.180692839628149744e-07
-1.523007165925500084e-07
2.304120062694615961e-06
-2.832643284505259481e-06
-1.024162169397365774e-06
-5.484537609558996128e-06
4.843365259868408193e-06
-3.182606431074370299e-06
-9.033585684655813091e-06
1.186562114154584061e-05
5.140045204123652403e-07
-1.278388870186069400e-06
-8.337898743312148400e-07
1.209263957255470243e-06
-1.150526066174849983e-06
1.032061790366760316e-06
1.588517250677554800e-06
1.579997777808672346e-05
-8.369065038305637086e-06
2.747206377103231592e-06
2.020447807167286437e-05
-2.235910469947958258e-05
-4.513652069618148726e-06
8.486086546202441781e-06
-1.597466714197555733e-06
-1.186973882007535781e-06
9.832616806798851885e-06
-1.026745842509449734e-05
-4.497484666167614898e-06
1.596374771641950816e-04
5.979093601249801406e-05
-8.318139583040655362e-05
1.493889061924380643e-04
-1.336492453081647934e-04
-1.048106957197350039e-04
1.596374771641947022e-04
5.979093601249867813e-05
-8.318139583040698730e-05
1.493889061924376306e-04
-1.336492453081641971e-04
-1.048106957197351800e-04
-3.287366985931631266e-05
-1.372131288142686888e-05
1.592283771789188902e-05
-2.943274797304848048e-05
2.546580425223693878e-05
1.775072306586099148e-05
-5.624612022773912081e-06
6.135194327275220064e-07
2.577761139235314089e-06
-3.492508247119540037e-06
7.128681679573147558e-07
2.750694718503491086e-06
