-4.493255604401373474e-06
-1.722231101687309063e-06
4.078181861632484936e-07
8.438669502662876231e-08
-1.191456044851848593e-07
5.033107353532616463e-07
-8.008104524201482809e-07
-5.815192097120512305e-08
5.536854736611681037e-07
-1.830181191389494045e-06
1.791486466364567588e-06
-6.982069689971782354e-07
1.464570267576890166e-06
1.050049219940403753e-06
4.208615163576941966e-07
-2.437716417973147808e-06
2.707858532772931406e-06
-1.409657426662238063e-06
3.097558343329046865e-06
1.765945873377154514e-06
7.095076565479142460e-07
9.563500851409555481e-08
1.015612936414259022e-06
7.083318382673199329e-07
4.469456921560459733e-07
1.554194742609384373e-06
-1.443431464035166328e-05
-1.855294433957866652e-05
2.319285929774003358e-05
-1.381302406730684095e-05
1.173652348240634081e-05
2.787056321294691463e-05
1.149033315991942041e-06
-7.914087543967918932e-07
1.400260093130040455e-06
1.184237036049131421e-06
-1.064648873407210754e-06
1.982482584959764990e-06
-4.356058849089456643e-06
1.335330092237814714e-06
-2.981454778960569059e-06
-3.711619873956889469e-06
2.719522260007975061e-06
-3.946241879232259390e-06
1.574917447274943745e-06
-5.238509705609775482e-06
4.944808410389383039e-06
7.315767758894477429e-07
-2.242148608207503831e-07
4.403405540145559471e-06
2.250408138573692624e-06
-4.745830312165376618e-06
5.532486428540183692e-06
1.590450599967274257e-06
-1.062768124150570698e-06
6.040892410312166625e-06
4.762492468630303399e-07
-6.502489133957751449e-06
4.743513122836776588e-06
1.389617575737986895e-06
-1.258921515426963199e-06
3.379139066826633445e-06
1.187052424073867662e-06
1.060087793731452231e-07
-3.245798109635956502e-07
1.770048737349296981e-06
-2.180047502640039728e-06
-8.459719571693797518e-07
-7.440312069454586693e-06
9.120158588952766020e-07
8.698742750518378764e-08
-7.294782825092522125e-06
6.792824712371160799e-06
1.380756785449729412e-06
7.459552948396839498e-07
-2.192531074317055905e-07
2.998548444766664913e-07
2.269354069267732681e-07
2.109588438834829086e-07
4.825842579315351853e-07
2.233914487849590611e-06
1.798493879783245168e-06
-1.381718957504039544e-06
2.100001991398057132e-06
-1.770091385566381059e-06
-1.112005896839661966e-06
9.277833985446292620e-06
3.641221705998836744e-06
-9.370093827115964769e-06
5.407679432621439114e-06
1.889605486038953644e-06
-1.130553398372990495e-05
-3.515733574274682294e-06
-3.760048300510656977e-06
4.869545797768810016e-06
-1.329101708107551544e-06
-1.247371482590435123e-06
4.639881850769639813e-06
2.894805866069826542e-06
2.676918084767744419e-06
-3.040734489628293911e-06
1.384903230523890444e-06
4.348858072972201905e-09
-2.743375336657957579e-06
1.459428734287451642e-06
3.371102753783803141e-06
-3.720254297553079799e-06
-3.202808168893125988e-09
1.636840437758941291e-06
-3.239258593935242629e-06
-1.844388681303829018e-06
-3.961732872582339739e-06
3.810079930481995621e-06
-3.708542691269853164e-07
-9.435946485079301031e-07
3.101093515589466880e-06
-9.122788125875156500e-07
8.780692722952244730e-07
-9.037682553718870315e-07
-1.202727431773581660e-06
1.503002503233912515e-06
-6.742081662386769615e-07
3.236078141247207025e-06
-1.697166798199948984e-07
5.233754979907679692e-07
3.253529507098003673e-06
-3.133069342128457290e-06
4.126880218354189007e-07
-1.035174923526212907e-06
-1.921929987533918124e-08
6.847104426846918402e-07
-8.658986125818868448e-07
1.260259413416787086e-07
1.091648970546428823e-06
1.446266708387034304e-06
-2.687297300235653918e-06
9.595525900113073187e-07
2.292018797314456888e-06
-1.800407256908534962e-06
-5.622530399662609953e-07
3.277522580957715720e-07
7.971745318698434477e-07
-8.006532228804106519e-07
4.846649853113186261e-08
3.451796822646379039e-07
-7.351652077237293706e-07
5.165216477933911062e-08
-2.960785505418972067e-06
2.772624954938172454e-06
1.282943582665953340e-07
-5.449468110141500479e-07
2.341980171920890775e-06
-3.005868281169572522e-07
9.554690591419162343e-07
3.578102826247134964e-07
-1.259548900059750875e-06
-2.120120595501682894e-07
1.772730094379453068e-06
