-4.734398446654723874e-06
4.815675499321143719e-06
1.303957799960211419e-06
5.829350342040420525e-06
4.931673734495775532e-06
1.452736710256183898e-06
2.990819835656052550e-05
-2.765436139343047052e-05
-8.373675327513812667e-06
-3.819564937489941644e-05
-3.584540527404183089e-05
-9.036366510576873757e-06
3.847287266129895643e-05
-3.164641504053961025e-05
-8.081608334103268352e-06
-4.684208832835326779e-05
-4.290873697801889114e-05
-1.239406580609484344e-05
-4.231507009772491050e-06
3.049686004846239115e-06
8.384470465698895622e-07
5.493431220150561757e-06
5.603190386385595284e-06
1.503972270248126777e-06
-5.180545384131926486e-05
2.009387778897687326e-05
-3.451078630386582942e-06
5.306414705793468964e-05
4.524518822132051941e-05
2.169904828165237145e-05
-5.180545384131843815e-05
2.009387778897932966e-05
-3.451078630384362021e-06
5.306414705793455411e-05
4.524518822132162394e-05
2.169904828164995233e-05
2.002423984397402041e-05
-5.044446888480899757e-06
2.950781918693261348e-06
-2.035158270196204216e-05
-1.785086135737800874e-05
-9.481464082502373254e-06
2.002423984397441004e-05
-5.044446888480676140e-06
2.950781918693304546e-06
-2.035158270196230643e-05
-1.785086135737821202e-05
-9.481464082502766278e-06
2.002423984397508089e-05
-5.044446888480931944e-06
2.950781918693078389e-06
-2.035158270196270284e-05
-1.785086135737815104e-05
-9.481464082502706985e-06
6.132273379783488012e-05
-3.136743597310606599e-06
1.752121246598089874e-05
-5.635893153689672426e-05
-4.577972637524468523e-05
-3.226534673547719367e-05
6.132273379783455486e-05
-3.136743597309535949e-06
1.752121246598149843e-05
-5.635893153689662939e-05
-4.577972637524491562e-05
-3.226534673547804748e-05
6.132273379783416184e-05
-3.136743597309122597e-06
1.752121246598211169e-05
-5.635893153689627025e-05
-4.577972637524453615e-05
-3.226534673547814234e-05
-1.360792952271451202e-06
9.247655803595710934e-07
1.744975267844150900e-07
2.422160015268538859e-06
3.039164157586988700e-06
9.862582121089117256e-07
-4.256124561806725454e-05
-3.362749130170259690e-06
-1.601229479184421004e-05
3.916362423738270926e-05
3.264288822409193029e-05
2.552395804430893724e-05
-4.256124561806776954e-05
-3.362749130170944093e-06
-1.601229479184450820e-05
3.916362423738230946e-05
3.264288822409178799e-05
2.552395804430929299e-05
-6.706418222611776087e-05
-1.849182182100667291e-05
-3.453486115707208242e-05
5.769807792331585982e-05
4.556378816618896833e-05
4.528387174765258671e-05
-2.451487451657089682e-04
-3.767297864142024394e-04
-3.977174166234814421e-04
2.167946536435690649e-04
1.841126309871146107e-04
4.128279304102756755e-04
-2.451487451657086971e-04
-3.767297864142023309e-04
-3.977174166234814421e-04
2.167946536435687126e-04
1.841126309871144481e-04
4.128279304102754586e-04
-2.451487451657086971e-04
-3.767297864142023309e-04
-3.977174166234814421e-04
2.167946536435686041e-04
1.841126309871142584e-04
4.128279304102755128e-04
-4.662665567585974071e-05
-1.147672443385145167e-04
-1.161927129798226709e-04
4.224419177640708251e-05
3.651875889805780392e-05
1.165390458531203493e-04
-4.662665567585918506e-05
-1.147672443385144489e-04
-1.161927129798226302e-04
4.224419177640658784e-05
3.651875889805730247e-05
1.165390458531202544e-04
-4.662665567585856164e-05
-1.147672443385144083e-04
-1.161927129798224947e-04
4.224419177640596442e-05
3.651875889805676037e-05
1.165390458531203086e-04
2.422402270703722960e-05
8.136118338293235673e-05
8.476192035848077613e-05
-2.540716372967526701e-05
-2.515232031262190486e-05
-8.772959396990123108e-05
2.422402270703704664e-05
8.136118338293247870e-05
8.476192035848083034e-05
-2.540716372967467070e-05
-2.515232031262165413e-05
-8.772959396990138016e-05
-2.451487451657099982e-04
-3.767297864142022225e-04
-3.977174166234811168e-04
2.167946536435700136e-04
1.841126309871157492e-04
4.128279304102754044e-04
-2.451487451657096729e-04
-3.767297864142021141e-04
-3.977174166234809542e-04
2.167946536435697697e-04
1.841126309871155323e-04
4.128279304102751334e-04
-2.451487451657095645e-04
-3.767297864142020057e-04
