1.016771720590596666e-05
-1.866268341698703567e-05
-1.750686663198387601e-05
-5.605773978088941868e-06
-5.854034629410758808e-06
-4.430484092794895183e-06
-3.035714831875666596e-06
6.235347275134246154e-06
6.234421512081222071e-06
1.358092261038811423e-06
-5.854034629411038329e-06
-4.430484092794872313e-06
-3.035714831875277808e-06
6.235347275133782827e-06
6.234421512081467711e-06
1.358092261038844457e-06
-5.854034629411161148e-06
-4.430484092794857067e-06
-3.035714831875598834e-06
6.235347275133921740e-06
6.234421512081364373e-06
1.358092261038930431e-06
-1.337622754327205470e-05
-1.929988121313898794e-05
-1.420225078688490162e-05
1.539597893780815307e-05
1.611837705351954481e-05
8.634320995672907216e-06
-1.337622754327151938e-05
-1.929988121313946906e-05
-1.420225078688510151e-05
1.539597893780781426e-05
1.611837705351903998e-05
8.634320995672661577e-06
-1.337622754327144823e-05
-1.929988121313908620e-05
-1.420225078688500665e-05
1.539597893780780748e-05
1.611837705351882991e-05
8.634320995673528938e-06
7.465518911708643457e-06
1.165982387455389236e-05
8.613617285129934766e-06
-9.610464182566191995e-06
-1.069983257663550006e-05
-4.916552097365038007e-06
7.465518911708341913e-06
1.165982387455425997e-05
8.613617285129997447e-06
-9.610464182566117456e-06
-1.069983257663508671e-05
-4.916552097364938904e-06
6.192382461612528494e-06
2.185501523691611248e-05
1.723649773084182462e-05
-1.105651782344481247e-05
-1.404176963190234719e-05
-1.149365984813000325e-05
-2.199722307093157880e-05
5.939682240252517481e-05
6.377239711948212665e-05
-5.479638761463772895e-06
-3.252698268881720756e-05
-5.591618993032203744e-05
-2.199722307093170755e-05
5.939682240252506639e-05
6.377239711948218086e-05
-5.479638761463772895e-06
-3.252698268881726177e-05
-5.591618993032191546e-05
-2.199722307093165334e-05
5.939682240252495797e-05
6.377239711948220796e-05
-5.479638761463664475e-06
-3.252698268881726177e-05
-5.591618993032196967e-05
-1.906724842617876320e-05
4.066429452140264342e-05
4.635199558746407706e-05
-1.649265475787129766e-07
-2.080848677431192031e-05
-4.312542934153688261e-05
-8.845185295590283868e-06
8.336701378776749404e-06
1.272274433488796016e-05
4.730082983627108078e-06
-1.814979779199375472e-06
-1.483461318178511958e-05
-8.845185295590292338e-06
8.336701378776790062e-06
1.272274433488786529e-05
4.730082983627162288e-06
-1.814979779199260275e-06
-1.483461318178505860e-05
-5.674282705586014111e-07
-4.598885541709648531e-06
-4.944227640321163049e-06
1.724447946836449297e-06
3.873748262984879741e-06
5.220989229117458340e-06
2.352553176073272280e-06
2.621258707476993758e-05
2.394334261625013344e-05
2.836860334306699831e-06
5.669278059294454282e-06
-2.092749156845159463e-05
1.143750027645258741e-06
-3.159579165616594663e-05
-2.923723060869362454e-05
-5.858364628665210241e-06
-8.282867649695617121e-06
2.639034768986462081e-05
5.081134792937231306e-06
-2.053354983873577152e-05
-1.802575093642240365e-05
-6.989538197895287696e-06
-7.546774110598864787e-06
1.564499779965736648e-05
-1.434805103554922235e-05
3.880323073158472501e-05
3.560157731461764062e-05
1.650884795296165991e-05
1.667007253586647475e-05
-3.267375496456591049e-05
2.805717792046029347e-04
-4.998277569472179020e-05
-1.021895672666823379e-04
-2.674881122613603345e-04
-2.422872494041456847e-04
1.502244188391080532e-04
1.620349778885271533e-04
1.428146501351781200e-06
-3.552874235386916150e-05
-1.598440665225397245e-04
-1.481880751209446463e-04
7.015392555976608137e-05
-7.947065542954107493e-06
3.146503793280474592e-06
5.307499047838386478e-06
8.333577757819306831e-06
8.137384064740153493e-06
-7.761779251455360856e-06
-8.300769828171636436e-06
-1.192988940146554868e-05
-1.320421112895461996e-05
3.852055029474112463e-06
5.208308382084374523e-07
1.274864211358138561e-05
-1.197556049267716261e-05
-2.726607074674819447e-05
-2.707111896975303387e-05
3.401124441362759191e-06
-2.205266873984113675e-06
2.439418953064868671e-05
1.816909598683169347e-06
3.820635708915629738e-06
4.281585553310170987e-06
-8.261978649334621847e-07
