2.182901011166423611e-06
-3.542735295478212995e-06
-4.110557296100314292e-06
2.162959762471933536e-06
5.024977740755061576e-06
4.428209919658884373e-07
-6.297126216826002435e-06
4.028032468663638301e-06
4.613128081937532108e-06
3.213951954057341216e-06
7.759973393935895778e-07
-3.660795137556987054e-06
-4.739278550976136860e-06
7.361079546009735634e-07
1.604475927889061955e-06
3.097741271045004874e-06
1.814538851120128498e-06
-1.597077998732544105e-06
6.438790672065765460e-06
-1.725014749274685619e-06
-2.922824445478815702e-06
-3.474167975987743013e-06
-1.279768758510329276e-06
2.134563554344836005e-06
1.955944686052619257e-06
1.198250919857924492e-06
6.001679271612361141e-07
-1.726320702936901258e-06
-1.651217014563420965e-06
-2.442005173594945461e-07
4.815465289266279876e-05
6.657995654778276894e-05
6.214357180938978641e-06
-8.363847328556511850e-05
-5.932101707328024556e-05
6.069853409185495111e-05
4.916766891594184156e-05
7.199241420048776248e-05
8.149823464202201034e-06
-8.725983776006272351e-05
-6.174513236353030535e-05
6.174390983954892477e-05
3.502418544956084092e-05
5.799614104332299501e-05
8.492010556986636613e-06
-6.568098236233853738e-05
-4.609904410566537537e-05
4.454665328718895650e-05
3.502418544956085447e-05
5.799614104332322540e-05
8.492010556986789079e-06
-6.568098236233872711e-05
-4.609904410566557865e-05
4.454665328718883453e-05
2.322417601102481281e-05
3.971406153578304016e-05
5.719068263325251947e-06
-4.387777271231446305e-05
-2.997366893767195730e-05
2.959444940756290941e-05
2.182901011166102585e-06
-3.542735295478207489e-06
-4.110557296099911104e-06
2.162959762471863656e-06
5.024977740755086140e-06
4.428209919657275011e-07
-9.645576003287865746e-06
9.860020573470002937e-07
2.360917784377074348e-07
8.230987022482328709e-06
6.767594620866583080e-06
-2.135124609095402076e-07
2.230198236201897297e-05
-4.790334570661411125e-08
3.118525000651008275e-07
-1.969287581498474493e-05
-1.687325668004589676e-05
6.773783038769791946e-07
4.203376935984758111e-06
1.349958672111947897e-06
1.170701293568013941e-06
-3.395270071213606762e-06
-2.700729139991532709e-06
-8.421708252365480373e-07
-2.245446236227127115e-05
-7.413232605555712088e-06
-5.302952707213791494e-06
2.021739117560573151e-05
1.781556800727438175e-05
2.394221325605853918e-06
1.542585391708608819e-06
-1.320948600168306913e-07
-2.424170742301565302e-07
-1.713969066071070552e-06
-1.747769974784180718e-06
4.997138041595674027e-07
1.921582524613619887e-05
1.432730679755317606e-05
1.016771720590569053e-05
-1.866268341698692048e-05
-1.750686663198380486e-05
-5.605773978089048594e-06
-5.854034629411289050e-06
-4.430484092795018003e-06
-3.035714831875616198e-06
6.235347275133870918e-06
6.234421512081543944e-06
1.358092261038771613e-06
-1.337622754327158037e-05
-1.929988121313922173e-05
-1.420225078688502359e-05
1.539597893780819373e-05
1.611837705351879264e-05
8.634320995673390025e-06
-2.199722307093162623e-05
5.939682240252493087e-05
6.377239711948212665e-05
-5.479638761463556055e-06
-3.252698268881712624e-05
-5.591618993032236947e-05
-2.199722307093163979e-05
5.939682240252471403e-05
6.377239711948212665e-05
-5.479638761463501845e-06
-3.252698268881707203e-05
-5.591618993032229494e-05
-2.199722307093169400e-05
5.939682240252476824e-05
6.377239711948212665e-05
-5.479638761463420530e-06
-3.252698268881701782e-05
-5.591618993032223395e-05
-8.845185295590216105e-06
8.336701378776762957e-06
1.272274433488801437e-05
4.730082983627155512e-06
-1.814979779199307709e-06
-1.483461318178494340e-05
-8.845185295590327914e-06
8.336701378776640984e-06
1.272274433488796016e-05
4.730082983627121630e-06
-1.814979779199253499e-06
-1.483461318178504166e-05
1.542585391709100310e-06
-1.320948600167336001e-07
-2.424170742302041758e-07
-1.713969066070918510e-06
-1.747769974784225399e-06
4.997138041595128749e-07
1.921582524613574486e-05
1.432730679755426026e-05
1.016771720590657144e-05
-1.866268341698605989e-05
-1.750686663198345249e-05
-5.605773978089614412e-06
1.921582524613632423e-05
1.432730679755324043e-05
