7.711084889903743462e-05
-7.254882364873613948e-05
1.351062742399548048e-05
6.592542295663303149e-05
6.138045687905790016e-05
2.274681106189542208e-05
4.872915083360405725e-05
-3.982598638170687608e-05
-2.974191512791403034e-04
6.725259657710304113e-04
5.128378009090172034e-04
5.354291323423814378e-04
6.887512401081964880e-04
-2.706142785397008203e-04
-2.409238694221119516e-04
3.657631761685619580e-04
2.628871164150617867e-04
3.538181378061013753e-04
4.215053059737836061e-04
-1.232494338413752581e-04
-2.409238694221131714e-04
3.657631761685610364e-04
2.628871164150603772e-04
3.538181378061020258e-04
4.215053059737837145e-04
-1.232494338413735505e-04
1.791710599982304942e-05
-2.455857895823210219e-05
-1.952940846758053527e-05
-2.729398994610042302e-05
-3.489228175109671426e-05
1.048177663817087992e-05
4.437181980490785706e-05
-4.989949290821022408e-06
3.109485181699375592e-07
-4.769339974147656573e-05
-4.957792463265787747e-05
-8.263283862439076735e-06
-2.697121155681483150e-05
-5.510231654151949280e-06
-7.157299778306605494e-06
2.930459491659401781e-05
3.075096621742192380e-05
1.051368451359991856e-05
-2.974191512791397071e-04
6.725259657710308450e-04
5.128378009090176371e-04
5.354291323423810041e-04
6.887512401081963796e-04
-2.706142785397012539e-04
-2.409238694221114909e-04
3.657631761685621206e-04
2.628871164150620035e-04
3.538181378061012127e-04
4.215053059737834977e-04
-1.232494338413758002e-04
-2.409238694221127919e-04
3.657631761685613617e-04
2.628871164150606483e-04
3.538181378061018632e-04
4.215053059737836603e-04
-1.232494338413739842e-04
1.791710599982305959e-05
-2.455857895823226482e-05
-1.952940846758054205e-05
-2.729398994610037220e-05
-3.489228175109670749e-05
1.048177663817093582e-05
1.791710599982315445e-05
-2.455857895823212252e-05
-1.952940846758063692e-05
-2.729398994610078555e-05
-3.489228175109703952e-05
1.048177663817082740e-05
9.504459234099428143e-05
-7.652539722575163038e-05
-4.988291319892957585e-05
-1.146067168960106339e-04
-1.256906337365222147e-04
1.585250470377026218e-05
5.379443046339126439e-05
4.963754174841275468e-06
4.355542134593268450e-05
-2.922403592929923583e-05
1.091735066710488528e-05
-4.894167626444509596e-05
2.456505075296016663e-05
2.468544865057644243e-05
3.336715240482866014e-05
-2.452808726467105784e-06
1.754730665218347718e-05
-2.639798079486970964e-05
-4.624644547830611001e-05
-6.247870062883566287e-05
-7.638516010577460708e-05
-2.211562950716283875e-06
-4.502233851615295172e-05
5.901720328852728877e-05
-9.902089026184522134e-06
-2.047378390738747409e-05
-2.113474854943874368e-05
-3.811783876055096140e-06
-1.392139008996102258e-05
1.433036738654885121e-05
3.457828943478254429e-05
1.042225523219401700e-04
1.046982020156470554e-04
2.819885489168943852e-05
7.711084889903715002e-05
-7.254882364873630211e-05
-2.974191512791384603e-04
6.725259657710316039e-04
5.128378009090189382e-04
5.354291323423803536e-04
6.887512401081962712e-04
-2.706142785397022839e-04
-2.409238694221109488e-04
3.657631761685627169e-04
2.628871164150627625e-04
3.538181378061009416e-04
4.215053059737833350e-04
-1.232494338413767489e-04
-2.409238694221121143e-04
3.657631761685618496e-04
2.628871164150614614e-04
3.538181378061013753e-04
4.215053059737835519e-04
-1.232494338413750684e-04
1.791710599982291051e-05
-2.455857895823244439e-05
-1.952940846758050817e-05
-2.729398994610022990e-05
-3.489228175109669394e-05
1.048177663817097648e-05
1.583801421808312478e-05
-7.796673763316622316e-05
-2.669981734469868695e-05
-7.388883487105309003e-05
-6.217309613380418037e-05
-4.476438685952039104e-05
1.583801421807945882e-05
-7.796673763316709052e-05
-2.669981734470210219e-05
-7.388883487105227688e-05
-6.217309613380643009e-05
-4.476438685951721297e-05
-1.185369487708447508e-05
3.219761029670618739e-05
8.096710480502076053e-06
3.351499926495059544e-05
2.626687725093984773e-05
2.200768034814891652e-05
-1.185369487708478678e-05
3.219761029670610607e-05
8.096710480502259012e-06
3.351499926495075130e-05
2.626687725093984095e-05
2.200768034814884537e-05
