3.027075013688922482e-07
8.687465616653414810e-07
-1.403410207825706618e-06
-3.512279634841973035e-07
4.538662331568033950e-07
-8.574441082659051948e-07
6.293356346165329821e-07
8.018706280691192332e-07
-9.459242629474874992e-07
4.086612559287394999e-07
9.545335965589411928e-08
-8.976065762968662238e-07
1.439517413489140247e-06
-5.246975659739174121e-07
9.759525676192285664e-07
2.243486714288470277e-06
-5.686473545774346257e-07
-8.077859899815833015e-07
1.628165618412738337e-06
-1.338313896953932709e-06
1.828722144111236418e-06
2.658678347561397311e-06
-1.155336127945660670e-06
-5.335056130279757896e-07
1.362216925399410916e-06
-1.808255721035374541e-06
2.171688745644128785e-06
2.275033670603573003e-06
-1.326207607545772408e-06
5.676603418253672292e-08
4.663136527441604359e-07
-1.683462106471674986e-06
1.829712014615406061e-06
9.414526133143317615e-07
-8.973584625718892920e-07
1.022729110706005668e-06
-1.038380434503336462e-06
-9.148980053331673695e-07
8.462609480203640021e-07
-1.180106164065627536e-06
1.254557399809067204e-06
3.359136201412244667e-06
-4.382400490868853831e-06
1.605024017993122488e-06
-1.848376800615926437e-06
-5.451947860515348211e-06
1.254557399809138354e-06
3.359136201412359440e-06
-4.382400490868950393e-06
1.605024017993183475e-06
-1.848376800615821405e-06
-5.451947860515370234e-06
2.231838214808932861e-06
3.821257806563019189e-06
-4.920643076493606686e-06
2.542270711305074531e-06
-2.727416445241703997e-06
-5.961105865106493193e-06
-1.590328733849772193e-05
7.866649697622169965e-05
-8.175007936856178007e-05
-9.882328982326079431e-06
3.141619338537380754e-06
-8.341228682522057762e-05
-1.913084560115625005e-05
8.204667661519592591e-05
-8.440581826425115901e-05
-1.171601564466619367e-05
3.823496131694504706e-06
-8.508051230127035357e-05
-1.878110270247877300e-05
6.322875291566369238e-05
-6.377088103173742765e-05
-1.103307577629600549e-05
3.473860432574553815e-06
-6.263040848440790814e-05
1.094845350158429949e-06
4.503247508627194334e-06
-2.813507853352959310e-06
2.294923483668761728e-06
-2.936050478630515096e-06
-9.806929971990803718e-07
8.316723971803654015e-06
-9.668871751840822073e-06
1.171940257565247509e-05
6.890944459478734529e-06
-5.052113353616271454e-06
1.325848397458498793e-05
8.316723971803882714e-06
-9.668871751840789886e-06
1.171940257565256996e-05
6.890944459478623568e-06
-5.052113353616398509e-06
1.325848397458488290e-05
1.369230082081856605e-05
-1.818652624563350746e-05
1.993570682015483947e-05
9.613254875451840230e-06
-5.575955443272418398e-06
2.046361705933522534e-05
2.711258201088593802e-06
7.220461089803148525e-07
5.999306026002757452e-07
3.110009952889510774e-06
-2.847735161656491858e-06
1.892132365542882731e-06
5.029529157236165145e-07
-9.994461021784497921e-07
1.347154460517206545e-07
9.128091248988883353e-07
-6.189670246967777139e-07
-5.720742594032595792e-07
8.801522901423989426e-07
7.048984703928714737e-06
-5.220334686635440363e-06
-2.892683274558759211e-06
4.252072223308770669e-06
-2.164567895041030805e-06
8.801522901433594780e-07
7.048984703929020516e-06
-5.220334686635184560e-06
-2.892683274558273014e-06
4.252072223308675801e-06
-2.164567895041181577e-06
-5.750626448182340634e-08
5.962160456597391142e-06
-3.900914449446472338e-06
-2.958914917503567400e-06
3.667471013370248927e-06
-1.161540964607649326e-06
-9.723932722131075055e-07
-9.307624142481882501e-07
1.378512378128583649e-06
-2.778073682872393070e-07
-4.323751682376203822e-07
1.296558285047234988e-06
-9.723932722129740978e-07
-9.307624142478766478e-07
1.378512378128823782e-06
-2.778073682878386358e-07
-4.323751682376569635e-07
1.296558285046821212e-06
-9.723932722128275611e-07
-9.307624142485520507e-07
1.378512378128682328e-06
-2.778073682874428596e-07
-4.323751682373429789e-07
1.296558285046887281e-06
-4.598007475194273752e-07
-4.484194795679208672e-06
3.555942022357992850e-06
1.703642115374095989e-06
-2.659708185737850895e-06
1.878788477386805363e-06
1.465613104666577756e-06
-6.443771493220339387e-06
3.820711505444389296e-06
3.876932932038042496e-06
