-1.093899555235991255e-03
2.077543647689986063e-04
-2.651518461725662973e-04
-6.005940461739366120e-04
-5.730890118361372555e-04
-3.300837806923968007e-04
-6.558549072643728812e-04
6.851775014991673375e-05
-2.651518461725636952e-04
-6.005940461739371541e-04
-5.730890118361354124e-04
-3.300837806923984270e-04
-6.558549072643725560e-04
6.851775014991430784e-05
1.668271038885334032e-05
5.820816222202695160e-05
5.171845738588712164e-05
3.688260044276753171e-05
6.578176769620078473e-05
-2.674371586930006833e-06
1.668271038885318786e-05
5.820816222202733107e-05
5.171845738588700644e-05
3.688260044276788407e-05
6.578176769620104223e-05
-2.674371586929720536e-06
1.955111855760161888e-05
1.941282239884880851e-04
1.442204379399644016e-04
1.357417041345494008e-04
1.986091627139651946e-04
1.160789166318984317e-05
-3.373473361230728776e-05
3.861098028280190428e-05
-2.951854788383217906e-05
4.210620190940505474e-05
-2.117541005676594712e-05
4.619750912690153159e-05
-6.017963442942823567e-04
-9.266722105563737896e-04
-1.025202847254493141e-03
-4.381068239024694250e-04
-1.093899555235991038e-03
2.077543647689990942e-04
-2.651518461725665683e-04
-6.005940461739366120e-04
-5.730890118361375808e-04
-3.300837806923964755e-04
-6.558549072643727728e-04
6.851775014991709966e-05
1.955111855760261499e-05
1.941282239884881665e-04
1.442204379399650250e-04
1.357417041345491027e-04
1.986091627139651675e-04
1.160789166318920959e-05
-6.628131910289091877e-05
2.629243466792040602e-05
-5.859965641667433156e-05
4.087059226867462868e-05
-4.416621130052466812e-05
5.523676325223541200e-05
-3.939539727114868789e-05
8.740334851229863026e-06
-3.538431435424430754e-05
1.890394829791334434e-05
-2.707156103522206613e-05
2.857609587254398927e-05
1.015703106870576966e-04
-6.191673919431287462e-06
9.478741075731616670e-05
-3.733709793495074944e-05
7.495463924869069845e-05
-6.744681600955260365e-05
-6.017963442942826820e-04
-9.266722105563734643e-04
-1.025202847254493357e-03
-4.381068239024689371e-04
-1.093899555235991038e-03
2.077543647689995279e-04
-2.651518461725668394e-04
-6.005940461739363951e-04
-5.730890118361376892e-04
-3.300837806923961502e-04
-6.558549072643726644e-04
6.851775014991742492e-05
-2.651518461725645083e-04
-6.005940461739370457e-04
-5.730890118361359545e-04
-3.300837806923978849e-04
-6.558549072643724475e-04
6.851775014991501257e-05
1.668271038885342164e-05
5.820816222202695160e-05
5.171845738588714197e-05
3.688260044276747750e-05
6.578176769620074408e-05
-2.674371586930115254e-06
-9.925779407362897983e-06
-4.208068582716597661e-05
-3.954634864959335597e-06
-4.393222520286944020e-05
-2.696779519312850442e-06
-4.407313501704344027e-05
1.502554921775939859e-07
1.939975808918060020e-06
-5.165584724474264971e-08
1.929463744190604115e-06
-3.889593498714186332e-08
1.929696794374414760e-06
-4.071554370216999230e-06
4.790712517686195916e-05
-6.984144986181104218e-06
4.822079631155443884e-05
-4.961171702123065504e-06
4.827305434014058576e-05
-6.628131910289100008e-05
2.629243466792044329e-05
-5.859965641667431801e-05
4.087059226867458802e-05
-4.416621130052459358e-05
5.523676325223561529e-05
-3.939539727114853203e-05
8.740334851229991775e-06
-3.538431435424434820e-05
1.890394829791319865e-05
-2.707156103522202886e-05
2.857609587254408753e-05
1.015703106870578185e-04
-6.191673919431180736e-06
9.478741075731608539e-05
-3.733709793495087819e-05
7.495463924869083397e-05
-6.744681600955282049e-05
2.465942614767160972e-05
2.501389561430680708e-06
2.357181277087885401e-05
-6.110402191759575931e-06
1.886183840269543496e-05
-1.418890384216303009e-05
-1.438871027387072306e-04
-3.764366206331164313e-05
-1.474775448989075954e-04
2.100135155936674276e-05
-1.243194640408190220e-04
7.953305202584540917e-05
7.288362318489613275e-06
2.975511327582970257e-06
8.725645487538848783e-06
-4.582334393259628177e-07
8.305841337720075923e-06
-4.715286202756324307e-06
-6.017963442942836578e-04
-9.266722105563730306e-04
-1.025202847254493791e-03
-4.381068239024681239e-04
-1.093899555235991038e-03
2.077543647690001513e-04
