4.345284368488955967e-04
7.156147498582554004e-04
-2.659934916406985969e-04
7.929927053263933871e-04
1.861170695085499782e-04
6.278044253381351368e-05
8.191471183474294000e-05
1.828074391836758631e-04
-8.120796599103645278e-05
1.851759380255310443e-04
1.861170695085493819e-04
6.278044253381416420e-05
8.191471183474203198e-05
1.828074391836756734e-04
-8.120796599103695423e-05
1.851759380255303938e-04
-1.898301295389628798e-04
-9.722991100442070461e-05
-6.594385672020769027e-05
-2.022746855006684989e-04
9.769110992700824820e-05
-1.858859216568498247e-04
8.189280541721071383e-04
1.319499430796613137e-04
4.345284368488967893e-04
7.156147498582548583e-04
-2.659934916406975127e-04
7.929927053263937124e-04
8.189280541721067046e-04
1.319499430796614763e-04
4.345284368488963557e-04
7.156147498582549667e-04
-2.659934916406978922e-04
7.929927053263934955e-04
1.861170695085494090e-04
6.278044253381396091e-05
8.191471183474033791e-05
1.828074391836766220e-04
-8.120796599103681870e-05
1.851759380255304209e-04
-1.898301295389630966e-04
-9.722991100442056908e-05
-6.594385672020541345e-05
-2.022746855006691765e-04
9.769110992700816688e-05
-1.858859216568498518e-04
1.698501030930399592e-05
-4.307898830575502039e-05
4.955333823678716187e-05
1.277233485854807491e-06
1.913793974515482814e-05
4.870162151581947552e-05
-1.401085562040554701e-05
2.553798638571637490e-05
-2.987331780482816923e-05
-3.408617706031200805e-06
-9.610992027106300892e-06
-2.910558057922535779e-05
-3.724825222457422053e-05
4.513980816941632652e-05
-5.968024655005441131e-05
-1.576876165698283048e-05
-1.348679001464749038e-05
-6.287973694235752576e-05
-3.724825222457475585e-05
4.513980816941656369e-05
-5.968024655005397085e-05
-1.576876165698387741e-05
-1.348679001464704315e-05
-6.287973694235775616e-05
-3.724825222457526407e-05
4.513980816941634685e-05
-5.968024655005361171e-05
-1.576876165698438563e-05
-1.348679001464668062e-05
-6.287973694235778326e-05
4.526677388879269255e-05
-4.174971700101295409e-05
5.919729101627949747e-05
2.192378027876818592e-05
9.452701023113619456e-06
6.328911603792285157e-05
4.526677388879297038e-05
-4.174971700101222903e-05
5.919729101627964655e-05
2.192378027876852473e-05
9.452701023113284031e-06
6.328911603792333946e-05
6.317723493179474333e-05
-4.005421501803487763e-05
6.878969701731689219e-05
3.686871137985312289e-05
3.801720169834489404e-06
8.041802156861305379e-05
8.189280541721073552e-04
1.319499430796602295e-04
4.345284368488975483e-04
7.156147498582545331e-04
-2.659934916406967538e-04
7.929927053263943629e-04
8.189280541721071383e-04
1.319499430796603921e-04
4.345284368488974399e-04
7.156147498582544246e-04
-2.659934916406966996e-04
7.929927053263940376e-04
8.189280541721069215e-04
1.319499430796605818e-04
4.345284368488970062e-04
7.156147498582544246e-04
-2.659934916406970790e-04
7.929927053263937124e-04
1.861170695085500324e-04
6.278044253381316131e-05
8.191471183474115106e-05
1.828074391836764865e-04
-8.120796599103612752e-05
1.851759380255310985e-04
1.861170695085493276e-04
6.278044253381370341e-05
8.191471183474040567e-05
1.828074391836764865e-04
-8.120796599103656120e-05
1.851759380255305022e-04
-1.898301295389633134e-04
-9.722991100442028448e-05
-6.594385672020560319e-05
-2.022746855006689868e-04
9.769110992700795004e-05
-1.858859216568498789e-04
3.715787513038676352e-06
2.291425677302089708e-06
-1.772855579204693464e-06
5.132107024253896034e-06
-6.489253970184706928e-06
-6.250176193651944565e-07
-6.713859310150212180e-05
-3.043054180294187870e-05
1.727545149247163031e-05
-7.517893549344150511e-05
7.979708085313605751e-05
-1.444572310532076702e-07
1.501610459911375690e-05
7.727872291375516512e-06
-3.693636912198408734e-06
1.566783424316868403e-05
-1.507789553428265679e-05
5.250077452932229937e-07
-1.057164480284458204e-04
-4.114662948958123395e-04
3.330531132675694072e-04
-2.710651158197697032e-04
3.843524314268070624e-04
1.920511796917383717e-04
9.191599795087952946e-06
7.192608442395110853e-05
-5.769671407501326255e-05
3.968921296776449590e-05
