2.737849474951808856e-05
-3.249928292683284257e-05
-1.149760908700407367e-07
5.667392645579807652e-07
-1.210840406891279141e-07
-2.637444472107837678e-07
5.318135633767415174e-07
7.774661082661845007e-08
1.513572789859377430e-05
-9.247614112850624084e-06
-1.737611559532852373e-05
6.205336554460433502e-06
1.848304282604459631e-05
-3.568207190444090081e-06
-4.171972699790880802e-06
1.327080292946970602e-06
5.073022416903493162e-06
-8.605068565610006654e-07
-5.860590972503126688e-06
4.074011038277260879e-07
-2.251094345033094062e-05
5.077402815177692713e-06
2.333390264522238985e-05
-2.299325369814701031e-06
-2.344799434465349823e-05
3.649820539755743387e-07
1.608316231363522025e-04
1.905651640175736003e-04
-1.879666282339775038e-04
-1.645753185096677531e-04
2.087252446651226257e-04
1.333821785681788843e-04
-4.931214045157546777e-07
4.434865333892066319e-06
2.474119279131148977e-06
-4.112954612494306770e-06
-3.812346472829203673e-06
3.115103269397082205e-06
3.454863574838732821e-06
-8.916968749610502764e-06
-7.202312597111747695e-06
7.912762159602807434e-06
9.907949120397203317e-06
-5.946763764461227039e-06
1.280525416237226122e-06
-2.923378083863778839e-06
-2.138674409294346681e-06
2.255958313399565724e-06
2.480415298127165283e-06
-1.481345499797017655e-06
-8.554503285293155518e-06
1.024332016212261640e-05
1.191536264673685567e-05
-7.939724377565390465e-06
-1.398537390321232729e-05
5.356194626037323077e-06
-1.149760908698906001e-07
5.667392645580399516e-07
-1.210840406888949801e-07
-2.637444472108938820e-07
5.318135633766919659e-07
7.774661082680056215e-08
1.513572789859385731e-05
-9.247614112850535993e-06
-1.737611559532824590e-05
6.205336554460470772e-06
1.848304282604476911e-05
-3.568207190444201466e-06
1.513572789859314241e-05
-9.247614112851127222e-06
-1.737611559532801212e-05
6.205336554460889206e-06
1.848304282604429816e-05
-3.568207190445120497e-06
-4.171972699791294154e-06
1.327080292947047682e-06
5.073022416902726597e-06
-8.605068565604304005e-07
-5.860590972503057231e-06
4.074011038288471361e-07
-4.171972699791000234e-06
1.327080292946858582e-06
5.073022416902876522e-06
-8.605068565611791776e-07
-5.860590972503128382e-06
4.074011038280598189e-07
-4.171972699790819816e-06
1.327080292947314709e-06
5.073022416903369495e-06
-8.605068565609905010e-07
-5.860590972503711141e-06
4.074011038279458930e-07
-2.251094345033060519e-05
5.077402815177525001e-06
2.333390264522281336e-05
-2.299325369815190616e-06
-2.344799434465376589e-05
3.649820539760469831e-07
-2.251094345033094739e-05
5.077402815177700337e-06
2.333390264522249827e-05
-2.299325369815160969e-06
-2.344799434465310521e-05
3.649820539753651215e-07
-2.251094345033084575e-05
5.077402815177531777e-06
2.333390264522248133e-05
-2.299325369814965305e-06
-2.344799434465348468e-05
3.649820539753092174e-07
1.290776979837886707e-05
-4.353700901996611463e-07
-1.400884944002955320e-05
-5.828968799191495105e-07
1.491793758271361519e-05
1.239172643176251360e-06
1.290776979837902970e-05
-4.353700901998500346e-07
-1.400884944002958878e-05
-5.828968799196204608e-07
1.491793758271352032e-05
1.239172643176437707e-06
3.049983481730049359e-05
3.215747466017563651e-06
-3.025496542563546726e-05
-4.473507803802047092e-06
2.969884838961044842e-05
4.789659314636826126e-06
-5.588119737497487688e-06
-1.462272992788288914e-06
7.020100677279574814e-06
1.796679250876556278e-06
-8.449477920662524296e-06
-1.948418056427925401e-06
1.853928554824664043e-04
1.759870774706897558e-04
-2.085141082570126237e-04
-1.539236052618495748e-04
2.271423735569824405e-04
1.265910886544014010e-04
1.608316231363530969e-04
1.905651640175727059e-04
-1.879666282339782085e-04
-1.645753185096667231e-04
2.087252446651227883e-04
1.333821785681787758e-04
1.608316231363529072e-04
1.905651640175727601e-04
-1.879666282339781001e-04
-1.645753185096668315e-04
2.087252446651226799e-04
1.333821785681788301e-04
1.608316231363527988e-04
1.905651640175727601e-04
-1.879666282339779917e-04
-1.645753185096669670e-04
2.087252446651226257e-04
1.333821785681788843e-04
