-1.587862482313582538e-06
5.805942331863723837e-07
-1.044879189367165641e-06
-1.965164658116227067e-06
2.278564259023029695e-06
-1.671090421972815496e-06
-3.668903606742823637e-06
2.854122530292754607e-06
-3.671056184996351912e-06
-4.303775982464337213e-06
4.585786880074526242e-06
-4.667110467852484160e-06
-3.668903606742791450e-06
2.854122530293103584e-06
-3.671056184996265514e-06
-4.303775982464213546e-06
4.585786880074111196e-06
-4.667110467853157552e-06
-3.354237983023506686e-06
2.864399836300934594e-06
-3.487905878384658446e-06
-3.769399624415003981e-06
3.829579689861895888e-06
-4.219096460591779831e-06
8.974088193462723539e-07
5.075565032912037800e-07
-1.942786305124421978e-07
1.243731397358404541e-06
-1.592556131361885095e-06
2.973854481032851292e-07
8.974088193465687095e-07
5.075565032908087450e-07
-1.942786305124249130e-07
1.243731397358201253e-06
-1.592556131361665078e-06
2.973854481033076815e-07
8.974088193462273552e-07
5.075565032907822753e-07
-1.942786305125667116e-07
1.243731397358070810e-06
-1.592556131361748722e-06
2.973854481033734324e-07
3.960332823544651678e-06
-1.093949537690969919e-06
1.919851214384390631e-06
4.563098804828317635e-06
-4.908883039247342634e-06
3.060694171772077634e-06
7.264468167791428524e-06
-2.753800856753701282e-06
3.969004152444232628e-06
7.669089494560668243e-06
-7.534867137422894079e-06
5.497160529453960464e-06
7.264468167791449700e-06
-2.753800856753086336e-06
3.969004152444086938e-06
7.669089494560961317e-06
-7.534867137422548490e-06
5.497160529453165947e-06
7.264468167791457323e-06
-2.753800856753269296e-06
3.969004152443759983e-06
7.669089494561110394e-06
-7.534867137422489197e-06
5.497160529452899979e-06
5.767531264040136824e-06
-2.403100224167907219e-06
3.273451166412220622e-06
5.770648588731156227e-06
-5.337532669762482077e-06
4.271943670493081531e-06
-3.512931286029435299e-06
-4.476798121980274114e-07
-3.975260377843689311e-07
-4.293534887054640910e-06
4.846258623861479962e-06
-1.650274388666339593e-06
-3.512931286030038386e-06
-4.476798121981853830e-07
-3.975260377841453144e-07
-4.293534887054651074e-06
4.846258623861768800e-06
-1.650274388666231597e-06
-8.951743828359328683e-06
3.239018143133348492e-07
-2.168838031907005304e-06
-9.837302714838965092e-06
1.010111947461965782e-05
-4.591664050601238647e-06
-8.204650151161190896e-06
7.672889325336006085e-07
-2.401561375728184250e-06
-7.751953745505676857e-06
6.694525230931058047e-06
-3.972007232191947216e-06
-9.735722822788602209e-05
-8.819044386762855958e-05
4.610753852224578275e-05
-1.232750513801134898e-04
1.303096866584330777e-04
-2.820832468964750827e-06
-9.735722822788606275e-05
-8.819044386762865445e-05
4.610753852224574887e-05
-1.232750513801134627e-04
1.303096866584330777e-04
-2.820832468964710169e-06
-8.130612030095143506e-05
-8.063010976660232084e-05
4.300287573789518417e-05
-1.047820412597736609e-04
1.107140898924566485e-04
-1.995851344880928161e-07
-3.507843861922764760e-05
-4.091513058342885310e-05
2.177102329806177499e-05
-4.615641637519245916e-05
4.762924353220935984e-05
1.123118535718437564e-06
1.143306236935237421e-05
2.200230275232889702e-05
-1.531447926692809446e-05
2.091449525027291038e-05
-2.621071491053306719e-05
-4.860882558795521442e-06
1.545634799974758946e-06
6.378392050887528276e-07
-8.155083001890756496e-07
2.701530662254371555e-07
7.298846890653369824e-07
-3.124166794416148260e-07
-1.005260624049756228e-06
4.188564553705985516e-07
-3.986858333070941810e-07
-3.833113653302012205e-07
-1.825220041280130814e-07
-7.984430549231591422e-07
3.530402612011805793e-10
-7.151772678305972933e-07
3.027075013690176091e-07
8.687465616656074493e-07
-1.403410207825670195e-06
-3.512279634841568577e-07
9.545335965605166741e-08
-8.976065762970042902e-07
1.439517413489412144e-06
-5.246975659735447176e-07
9.759525676191557216e-07
2.243486714288294942e-06
-1.041745834627572372e-06
-2.708909385485217816e-08
-1.639644761929540305e-07
3.283277424549006763e-08
-8.628434243901531118e-07
-8.923043249924413246e-07
3.530402608166276213e-10
-7.151772678304312749e-07
