2.984111836871482145e-05
1.718861019388120403e-05
-2.962524697063055297e-05
-1.820953217067667124e-05
2.949371108522873497e-05
1.822367461132310413e-05
2.984111836871508234e-05
1.718861019388142765e-05
-2.962524697063067833e-05
-1.820953217067689824e-05
2.949371108522911783e-05
1.822367461132330741e-05
1.856059974259313813e-05
1.244363961505013316e-04
-4.467348332911270546e-05
-1.229903538891530756e-04
6.920040992393041357e-05
1.154290495768852222e-04
1.856059974259271800e-05
1.244363961505012774e-04
-4.467348332911212270e-05
-1.229903538891531840e-04
6.920040992392980370e-05
1.154290495768853578e-04
2.138293486705872165e-06
-2.931170026379626759e-05
4.771850436536880178e-06
2.797958156493364566e-05
-1.039416710076834785e-05
-2.487822486619067504e-05
-9.958956224766121696e-07
-1.065574060797147302e-07
7.392350080630370300e-07
-4.633574967530640225e-08
-5.808016197811083293e-07
-1.031054792242221013e-07
-6.906893459827861187e-06
4.059326276529973544e-06
4.505573558247607755e-06
-7.206572358091772269e-06
-1.108462061087811032e-06
8.688149022058189508e-06
-1.489875230714125066e-06
-2.257978842105022612e-05
-6.135314320141135812e-06
2.168060989263699280e-05
1.228732326758982026e-05
-1.841183444173042822e-05
2.708339340327056314e-06
-1.814181805294897711e-05
-8.457703216822150670e-06
1.783882403680483688e-05
1.371763131831397400e-05
-1.579767796979780634e-05
-2.805882947204735671e-06
-2.162460345566147170e-06
1.468328450724144622e-06
3.987153857222631103e-06
7.367118584964914331e-07
-4.886541016848103868e-06
7.072377904555189159e-07
1.594189829973857680e-06
-1.287353685240530434e-08
-2.326887098869585313e-06
-1.114861848909952036e-06
2.719344598902151658e-06
4.735084101202976642e-06
1.102804471675494365e-05
2.223590452141809270e-07
-1.192584214764753966e-05
-4.557847631431005406e-06
1.072934453822753286e-05
4.735084101203068969e-06
1.102804471675504529e-05
2.223590452145044936e-07
-1.192584214764773787e-05
-4.557847631431250198e-06
1.072934453822703481e-05
2.845521408675930443e-06
1.578633508998246215e-05
3.375278936678123074e-06
-1.680486069549765480e-05
-9.275801728956708156e-06
1.547155222690321447e-05
2.845521408675620429e-06
1.578633508998249265e-05
3.375278936678776984e-06
-1.680486069549734648e-05
-9.275801728956991065e-06
1.547155222690303490e-05
-1.489875230714084409e-06
-2.257978842105012448e-05
-6.135314320141117177e-06
2.168060989263699280e-05
1.228732326758954244e-05
-1.841183444173022832e-05
-1.489875230714323272e-06
-2.257978842105033115e-05
-6.135314320141496648e-06
2.168060989263685727e-05
1.228732326758975250e-05
-1.841183444173052648e-05
2.708339340327091890e-06
-1.814181805294884497e-05
-8.457703216822040556e-06
1.783882403680485043e-05
1.371763131831411800e-05
-1.579767796979771825e-05
1.668432597602616827e-04
-1.418862489745107704e-04
-1.851824827226277565e-04
1.252706026089381980e-04
2.004341794565084225e-04
-1.040278875999445512e-04
1.668432597602616555e-04
-1.418862489745104723e-04
-1.851824827226275126e-04
1.252706026089379541e-04
2.004341794565083412e-04
-1.040278875999443885e-04
3.064924015124665096e-05
-1.853075674951869440e-05
-3.517546389757638683e-05
1.795451112002194525e-05
3.964330847889689950e-05
-1.621811061004465552e-05
-4.259519423618360952e-05
1.966695588931172961e-05
4.255736035114115128e-05
-1.761441061028965014e-05
-4.212710257065403567e-05
1.471514709927873208e-05
1.668432597602608966e-04
-1.418862489745113939e-04
-1.851824827226269976e-04
1.252706026089387672e-04
2.004341794565079617e-04
-1.040278875999452017e-04
3.064924015124655609e-05
-1.853075674951888414e-05
-3.517546389757652235e-05
1.795451112002168097e-05
3.964330847889688595e-05
-1.621811061004490624e-05
-1.149760908700407367e-07
-5.667392645579807652e-07
-1.210840406891279141e-07
2.637444472107837678e-07
5.318135633767415174e-07
-7.774661082661845007e-08
1.059903563682026815e-05
-1.031133097760297215e-05
-1.572407584035823180e-05
1.313845207304636465e-06
1.396570971028735745e-05
8.920563756193926506e-06
1.065941100390371571e-05
-8.623935790904286601e-06
