1.468972616066143338e-06
-1.170719400250705802e-06
-2.175259183232727397e-06
3.101983025979927601e-07
2.316372319244192005e-06
-6.018664321930704695e-07
-2.690484134006609983e-06
1.271598623316266445e-07
2.732949380446185297e-06
7.882360118722878749e-07
4.801862543151680201e-07
4.287968650553444824e-07
-4.764216874004641069e-07
-6.301440405277295781e-07
-3.513124218450349898e-08
1.148234052802154323e-06
-2.939457198000124870e-06
4.170877541755151800e-06
4.919732581757625246e-06
-1.017452266763570936e-07
-2.604378970428371826e-06
-3.795494939056875593e-06
6.199672234064682385e-07
-1.220293658749571283e-06
-8.283853457997118337e-07
3.986944605056507812e-07
6.196398981067876232e-07
-8.709458672639897191e-09
-2.738720546745895014e-06
-7.704675440453962819e-07
1.804804313881301931e-06
2.345829445723700326e-06
2.540941638713741143e-07
-2.923774741435600273e-06
1.102453122763142617e-06
2.127908922618248880e-06
-1.563337444041174074e-07
-2.357136025902597438e-06
-9.991315397111604433e-07
1.937989210032859741e-06
2.686124910918555077e-06
-4.047820339100656105e-07
-1.180661093778568313e-06
-1.886622347653988771e-06
-1.020847107958475087e-06
1.455441699776759743e-06
1.609325785060947232e-06
9.356467115523088103e-07
3.059253090034838637e-07
-1.880015009117736650e-06
-1.804855859517200796e-06
2.532987284687283559e-07
-1.659715879979955361e-07
-1.134138262705577133e-06
-6.288912961228805567e-07
1.485172107074007304e-07
1.035734987995611482e-07
1.080028692792284268e-07
1.062091245240765905e-07
-4.636788321737044133e-07
-4.728206706093682771e-07
-8.099718188929358034e-08
-1.951478147318791441e-07
3.989382228862079629e-07
2.598027802678833908e-07
1.232723498676979410e-06
8.038112338954862182e-07
-4.209630551579566065e-07
-2.747994852927211766e-07
-3.772303567087751123e-07
-3.832648617535735651e-07
-7.717431528172334806e-08
-2.863521358449991505e-07
2.153416162913333362e-07
-1.229637836266066472e-07
5.013191477789298782e-07
1.096450485806745374e-06
-1.740908215513156250e-06
-7.389811035918484906e-07
-2.102082892006080792e-06
-2.066326371961496816e-06
-9.192265763681862435e-07
-1.257335172532498609e-06
1.107196967601803222e-06
2.418610184353959619e-07
1.970885486035064330e-06
1.827717538552676690e-06
1.173918020940657653e-06
3.959382027217114843e-07
7.963108320670623666e-07
7.609461682698883782e-07
2.041853998939947466e-07
5.223180609480158296e-07
-2.580478846356191468e-07
-1.974855247207086963e-07
-9.909861855122483497e-07
-9.608540412573260937e-07
-4.451834861356694917e-07
-9.110907576576511843e-07
3.539044197218961659e-07
1.597350012482806752e-06
-1.883736228676018247e-06
1.484390551974521630e-06
-1.942092123285397078e-06
1.458239448799445812e-06
-1.766896238761469369e-06
-1.014875798265764948e-06
1.166486972480386622e-06
-6.024022159233565804e-07
1.036204205275615873e-06
-3.046508696655215099e-07
8.050462660810278400e-07
-1.313189264679654153e-06
3.108195605317187572e-07
-1.138326809911595408e-06
-3.922984019463760505e-07
-5.180705685328209158e-07
-7.960328968187716782e-07
-3.332368951568950106e-07
-4.863428713881097400e-07
-3.271454899496682563e-07
-6.438170752731263905e-07
-1.253882750798695184e-07
-7.408130516987357728e-07
1.105449367398194287e-06
1.648538807397358644e-06
9.512678179749676817e-07
1.408350295163581060e-06
6.408201152953208797e-07
1.178309420404368534e-06
3.207781720284856956e-07
-8.280387088210518728e-07
5.222585901561998501e-07
-4.238762090638628634e-07
3.701227844742112059e-07
2.098033984493509029e-08
3.440781422407368532e-07
-1.340908571247019807e-07
-3.178475774582916785e-08
2.731894069439739514e-07
-2.655599154260169278e-07
-3.104284570136969154e-07
-4.674164692261909258e-07
-1.996290757726872520e-06
1.592426738838590780e-06
8.896014859064405679e-07
-1.468516528087768947e-06
3.779355505729424151e-07
-2.280582098703889347e-07
1.873299118538737839e-06
-1.232889191413099610e-06
-1.262923009270517063e-06
1.533112933096497375e-06
-9.613458897135569980e-09
5.006108122253837823e-07
3.350043388592064338e-07
-3.950088523536341439e-07
-6.916351633351993605e-07
1.022804071450277974e-07
1.079954922464722290e-06
-1.963765221108783055e-07
4.708338426008899922e-08
3.161691352812968794e-07
1.734546565101698069e-07
1.190180414385398774e-07
-4.611067677308429525e-07
3.226330124152316362e-07
-3.704729286224814838e-07
5.798425803417970887e-07
3.690054152447059501e-07
-3.802663950698874729e-07
6.636799370445598168e-07
-3.293064829476027298e-07
3.939277280344386107e-07
-5.672906463119491124e-07
-1.404425899260008499e-08
-2.265858352207081443e-07
-4.351947490856017747e-07
5.963839985993913189e-07
-4.629788585745654442e-07
-5.523264258231113854e-07
-3.775282343156276828e-07
-2.689194046231508736e-07
3.954376837596988329e-07
