-3.104716416658900093e-06
-1.125420975746569225e-05
6.732552770888663043e-06
-1.101459127586077370e-05
1.361430610565583119e-05
-3.310312377456428145e-06
-4.306094509452686311e-04
4.758501482345266968e-04
-6.222952445919731172e-04
1.827888148391796903e-04
-6.251471026888703701e-04
-1.735538493684999142e-04
-3.724825222457495236e-05
4.513980816941667211e-05
-5.968024655005348974e-05
-1.576876165698408409e-05
-1.348679001464695844e-05
-6.287973694235772905e-05
4.526677388879291617e-05
-4.174971700101248653e-05
5.919729101627970076e-05
2.192378027876842986e-05
9.452701023113368735e-06
6.328911603792310907e-05
6.317723493179482465e-05
-4.005421501803475566e-05
6.878969701731672956e-05
3.686871137985373953e-05
3.801720169834001513e-06
8.041802156861343326e-05
-1.216807149129152854e-04
5.524074676037034370e-05
-1.127712232837988887e-04
-7.563976641666447928e-05
2.423571369318862779e-06
-1.365151054937553904e-04
8.189280541721071383e-04
1.319499430796639700e-04
4.345284368488949462e-04
7.156147498582565930e-04
-2.659934916406999522e-04
7.929927053263938208e-04
8.189280541721070299e-04
1.319499430796639700e-04
4.345284368488946209e-04
7.156147498582564846e-04
-2.659934916407001148e-04
7.929927053263933871e-04
8.189280541721067046e-04
1.319499430796642681e-04
4.345284368488941873e-04
7.156147498582565930e-04
-2.659934916407003316e-04
7.929927053263930619e-04
1.861170695085498155e-04
6.278044253381397447e-05
8.191471183474256052e-05
1.828074391836759444e-04
-8.120796599103477227e-05
1.851759380255319117e-04
1.861170695085493819e-04
6.278044253381444880e-05
8.191471183474166606e-05
1.828074391836759715e-04
-8.120796599103513819e-05
1.851759380255311798e-04
-1.898301295389627171e-04
-9.722991100442094855e-05
-6.594385672020720238e-05
-2.022746855006686344e-04
9.769110992700873609e-05
-1.858859216568496079e-04
-4.105735270077778723e-05
-3.087344820542447632e-05
-9.623976163980292115e-06
-5.161068396458644688e-05
2.911503956060494273e-05
-4.439757447977818970e-05
7.436800660360152434e-06
3.042922684462328193e-06
-4.226679904602673751e-06
9.065848265310448315e-06
-1.102144005746233090e-05
-4.383188688603883949e-06
7.184646386592942673e-06
5.068712152354978268e-06
-6.292520739350239073e-06
9.036691766954855381e-06
-1.157674101786148807e-05
-6.398524092807642062e-06
-1.002350957750379164e-05
-8.450697609184329136e-06
9.704293597892707456e-06
-1.222420831756200402e-05
1.534190769306910886e-05
9.305076405911662330e-06
-4.790788708649856441e-06
-6.369091652429156372e-06
7.204325578301878338e-06
-6.421807523609493937e-06
8.859403495827859417e-06
7.043979443610219363e-06
1.761017133885101524e-06
-1.112160789824191432e-05
1.142463682245889430e-05
-1.695616181300087312e-06
5.681024753673017454e-06
1.019178805989776553e-05
1.698501030930400270e-05
-4.307898830575503395e-05
4.955333823678741259e-05
1.277233485854702459e-06
1.913793974515460791e-05
4.870162151581959071e-05
-1.401085562040500153e-05
2.553798638571605641e-05
-2.987331780482760003e-05
-3.408617706030839969e-06
-9.610992027106139956e-06
-2.910558057922501559e-05
-1.401085562040571981e-05
2.553798638571629358e-05
-2.987331780482803371e-05
-3.408617706031412563e-06
-9.610992027106045088e-06
-2.910558057922542894e-05
-3.724825222457434250e-05
4.513980816941653659e-05
-5.968024655005407249e-05
-1.576876165698336241e-05
-1.348679001464738535e-05
-6.287973694235789168e-05
-3.724825222457521664e-05
4.513980816941621133e-05
-5.968024655005372691e-05
-1.576876165698475833e-05
-1.348679001464634519e-05
-6.287973694235766129e-05
4.526677388879279419e-05
-4.174971700101283212e-05
5.919729101627964655e-05
2.192378027876828078e-05
9.452701023113605904e-06
6.328911603792298710e-05
8.189280541721072467e-04
1.319499430796620455e-04
4.345284368488962472e-04
7.156147498582554004e-04
-2.659934916406982174e-04
7.929927053263940376e-04
8.189280541721070299e-04
1.319499430796621539e-04
4.345284368488959762e-04
7.156147498582554004e-04
-2.659934916406982717e-04
7.929927053263936040e-04
8.189280541721067046e-04
1.319499430796624521e-04
