-3.977174166234810084e-04
2.167946536435696341e-04
1.841126309871153968e-04
4.128279304102752418e-04
-4.662665567585942223e-05
-1.147672443385144354e-04
-1.161927129798230775e-04
4.224419177640533423e-05
3.651875889805756675e-05
1.165390458531202544e-04
-4.662665567585892078e-05
-1.147672443385144218e-04
-1.161927129798230775e-04
4.224419177640496154e-05
3.651875889805704498e-05
1.165390458531202409e-04
2.422402270703715506e-05
8.136118338293246515e-05
8.476192035848089811e-05
-2.540716372967506372e-05
-2.515232031262179643e-05
-8.772959396990125819e-05
-4.090384909110600523e-08
-4.029090800659956164e-08
4.656451467066176604e-09
-2.211878626425403051e-07
-1.942694622251218350e-07
-4.121578088072607755e-07
2.456505075295999723e-05
2.468544865057590033e-05
3.336715240482849751e-05
-2.452808726468420379e-06
1.754730665218360932e-05
-2.639798079486950296e-05
-4.624644547830583896e-05
-6.247870062883547314e-05
-7.638516010577464774e-05
-2.211562950712880497e-06
-4.502233851615298560e-05
5.901720328852729555e-05
-9.902089026184389997e-06
-2.047378390738732162e-05
-2.113474854943860477e-05
-3.811783876054170333e-06
-1.392139008996109882e-05
1.433036738654915783e-05
3.457828943478213771e-05
1.042225523219404140e-04
1.046982020156471367e-04
2.819885489168969602e-05
7.711084889903748883e-05
-7.254882364873615304e-05
3.457828943478180567e-05
1.042225523219404004e-04
1.046982020156469063e-04
2.819885489169000095e-05
7.711084889903789541e-05
-7.254882364873561093e-05
-2.974191512791408997e-04
6.725259657710301944e-04
5.128378009090165529e-04
5.354291323423818715e-04
6.887512401081964880e-04
-2.706142785397000613e-04
-2.409238694221123582e-04
3.657631761685617953e-04
2.628871164150611904e-04
3.538181378061015380e-04
4.215053059737836603e-04
-1.232494338413748516e-04
-2.409238694221134424e-04
3.657631761685607111e-04
2.628871164150599436e-04
3.538181378061022427e-04
4.215053059737838771e-04
-1.232494338413730897e-04
1.791710599982309347e-05
-2.455857895823214962e-05
-1.952940846758053866e-05
-2.729398994610058226e-05
-3.489228175109678203e-05
1.048177663817082740e-05
1.791710599982331708e-05
-2.455857895823221061e-05
-1.952940846758059626e-05
-2.729398994610080927e-05
-3.489228175109692433e-05
1.048177663817088500e-05
9.504459234099428143e-05
-7.652539722575139999e-05
-4.988291319892935224e-05
-1.146067168960106881e-04
-1.256906337365222689e-04
1.585250470376994370e-05
4.437181980490774864e-05
-4.989949290821218920e-06
3.109485181678132005e-07
-4.769339974147613882e-05
-4.957792463265798589e-05
-8.263283862439154662e-06
-2.697121155681504495e-05
-5.510231654151979773e-06
-7.157299778305572114e-06
2.930459491659392972e-05
3.075096621742183571e-05
1.051368451360008119e-05
2.416228632465783780e-05
-4.567674668575865008e-07
1.854118136469175930e-05
-1.486503859577053858e-05
3.584603385353087644e-06
-2.275133305859804807e-05
4.491579365643646863e-05
6.644478206683830459e-06
3.742946677532096107e-05
-2.291648240929495034e-05
1.033185338343002943e-05
-4.046113779125611818e-05
-3.715549690116644614e-05
-1.145450249676502060e-05
-3.448828848923652702e-05
1.624748654901095562e-05
-1.167683272453460598e-05
3.497182958309298363e-05
-3.736513869302630079e-05
-1.879659017799718563e-05
-3.839061475971461412e-05
1.241685955547100072e-05
-1.552551986767766533e-05
3.507480699206714765e-05
4.575820847387421572e-05
3.242361941895883094e-05
5.384355734349755197e-05
-1.122223404538496593e-05
2.492956987283391084e-05
-4.705530874063462319e-05
2.456505075296022084e-05
2.468544865057612734e-05
3.336715240482857205e-05
-2.452808726468418685e-06
1.754730665218366014e-05
-2.639798079486953684e-05
-4.624644547830591350e-05
-6.247870062883537827e-05
-7.638516010577476971e-05
-2.211562950716382131e-06
-4.502233851615293817e-05
5.901720328852729555e-05
-9.902089026184415408e-06
-2.047378390738735889e-05
-2.113474854943873352e-05
-3.811783876055504410e-06
-1.392139008996097176e-05
1.433036738654927811e-05
3.457828943478217837e-05
1.042225523219403056e-04
1.046982020156471367e-04
2.819885489168956727e-05
