-4.205084860494460726e-05
6.542420923027840972e-05
1.147615638094338269e-04
-1.045551331191246552e-04
1.344460856550492222e-04
-8.154682020153141645e-05
1.462273672016405892e-04
-5.863435812236743533e-05
3.310404044853954426e-05
1.215346125657285753e-05
1.773348441885478895e-05
3.338202750284682195e-05
-5.152973790481296451e-06
3.934918956092663323e-05
-2.894057548971881066e-06
-1.431140515334615976e-06
-1.259414544372381087e-06
-2.887984765864579053e-06
5.516098488389474672e-07
-2.985864913868582906e-06
-3.173275647735288669e-05
-2.498047009430775427e-05
-1.081358698435622681e-05
-4.137596757967987370e-05
1.284455559527151364e-05
-4.256423565546071572e-05
-1.861363082261673249e-06
4.322936683786741735e-05
-1.915982758003351500e-05
4.034063291953658790e-05
-3.204115605797693911e-05
3.224730636669073588e-05
1.394112076077552235e-05
-6.927783281625083842e-05
3.820912335978424022e-05
-6.118434582796472392e-05
5.525091573299140352e-05
-4.732269529788381480e-05
1.269758568333690400e-05
-3.380108505116853829e-05
2.324244455472759629e-05
-2.892803560489716187e-05
3.051629096339381091e-05
-2.203130451991660004e-05
-5.093720919316776987e-05
8.994858236245406374e-05
-7.476987029002743717e-05
7.379913406065278614e-05
-9.027888232574525420e-05
5.470474479682047356e-05
-1.251925213409258233e-05
1.558666289076130818e-05
-1.627395878290458983e-05
1.262490313963851428e-05
-1.874207214645352945e-05
9.321469779594129438e-06
1.147615638094328782e-04
-1.045551331191253464e-04
1.344460856550488157e-04
-8.154682020153221605e-05
1.462273672016406434e-04
-5.863435812236828914e-05
1.147615638094333119e-04
-1.045551331191251295e-04
1.344460856550490054e-04
-8.154682020153193145e-05
1.462273672016407790e-04
-5.863435812236781480e-05
-1.401715279318375997e-05
9.247090325942792035e-06
-1.515077898242953470e-05
6.954465254360845808e-06
-1.567894835717672570e-05
4.867322974910063719e-06
1.247499509199629080e-03
0.000000000000000000e+00
1.258969319108939984e-03
0.000000000000000000e+00
1.257529845634423014e-03
0.000000000000000000e+00
7.239767657533700915e-04
1.156326445897849569e-04
7.347570626289205492e-04
8.625988932108786980e-05
7.364137003517414425e-04
6.032902636598270498e-05
7.239767657533692242e-04
1.156326445897873964e-04
7.347570626289195734e-04
8.625988932109049899e-05
7.364137003517405751e-04
6.032902636598533417e-05
-8.108206835246403634e-05
-2.654246807917751388e-05
-8.410347942308416284e-05
-1.999709387256082914e-05
-8.549106879235994993e-05
-1.408398559242438934e-05
-8.108206835246425318e-05
-2.654246807917793740e-05
-8.410347942308443389e-05
-1.999709387256113746e-05
-8.549106879236013966e-05
-1.408398559242454519e-05
-2.026470128929909009e-04
-1.042432324217752103e-04
-2.161873887434941912e-04
-7.905379367939828917e-05
-2.232156703544602248e-04
-5.585742354543990831e-05
1.269758568333690400e-05
3.380108505116853829e-05
2.324244455472759629e-05
2.892803560489716187e-05
3.051629096339381091e-05
2.203130451991660004e-05
-3.966874108772390469e-06
-1.730109742233163162e-05
1.427524349594538284e-05
-1.329772506321913900e-05
2.060281324311943269e-05
3.788980566909418274e-06
-9.528169262398358943e-07
-2.006098063460113137e-05
1.823072591389635237e-05
-1.295058905263373378e-05
2.339862653473447562e-05
6.614454138622793913e-06
-2.437347045714986253e-06
2.644390878773734217e-05
-2.502825216148725585e-05
1.417059884023644028e-05
-2.871705741146021891e-05
-1.036909737286877942e-05
-4.536827490998979542e-06
1.650609948418418695e-05
-1.745068131663807335e-05
7.053488365126201487e-06
-1.833992295036359819e-05
-8.616885232344157359e-06
-2.106480946830447228e-05
1.901173498418047591e-05
-3.019024103294225638e-05
-1.074596117797961838e-06
-2.352478472400020723e-05
-2.117117594409760682e-05
1.985538872329479663e-05
-8.774302855951001881e-06
2.218563001556603820e-05
6.156805777069766887e-06
1.499454061670407001e-05
1.880306171188286004e-05
-1.413971053658726278e-05
5.835217240786921047e-06
-1.477226385248874538e-05
-4.346347151729075821e-06
-9.462097258536932926e-06
-1.205878647951497256e-05
