-5.106428655716257890e-05
-4.701940546845630756e-05
6.643220660453169070e-05
8.210979849764366652e-07
-1.023235718966656208e-06
-1.099019269887014278e-06
8.892148021498452189e-07
5.990151626538631126e-07
-5.984568529333409880e-07
-3.936630322815335085e-08
1.228626215734573963e-06
6.555369511817645982e-06
-2.398619329155119601e-06
-6.717244391631185681e-06
3.845502118253133385e-06
6.352915647417440169e-06
2.133474599306220899e-06
-9.763157079838594614e-07
-2.724763299399117800e-06
1.053357129187352007e-06
3.339013258492856443e-06
-1.130239594912578525e-06
4.489143823564356215e-06
3.885355317327667782e-05
2.202741501968255838e-06
-4.148880949890377428e-05
-9.227939292636873066e-06
4.243283826278483172e-05
2.329360925633480392e-06
2.734974934662984367e-05
4.103752460501389632e-07
-2.562852925417615909e-05
-2.708464642345956048e-06
2.332454244430026837e-05
9.295298776449840961e-06
-4.288038837457884436e-06
-1.097498392142693210e-05
1.431099988030347608e-06
1.165992411364252665e-05
2.264402573578792638e-06
1.952174952871014045e-06
1.605784641822215541e-06
-1.619587249659659663e-06
-2.068881623684719986e-06
1.059816984280880349e-06
2.394536070597360971e-06
4.685562461891343534e-06
6.378001976507413536e-07
-4.077197553676423172e-06
-1.525167839442747656e-06
3.243158699871734470e-06
2.169544631726684760e-06
-4.921948571597480473e-06
2.911700255588408568e-06
4.322381494842103536e-06
2.665989941160232174e-06
1.654378590196229412e-07
-4.394011690502900864e-06
4.002912670152004131e-07
-3.711356851170949480e-06
-3.971261743941428227e-06
1.334060092636766056e-06
3.545625298731289769e-06
3.158428853094583155e-06
2.809216452187191676e-05
1.251058660779180167e-05
-9.428457982012657069e-06
-2.848302031355428329e-05
-1.424872471408622385e-05
2.545895817196041391e-05
7.894376364261549784e-06
3.064898077234273843e-06
1.399242987471550293e-06
-8.347852822840853322e-06
-8.248642750063926807e-06
6.862179804319138435e-07
1.242006149019246596e-06
1.544972926826778771e-06
1.034644349374041338e-06
-7.611595165404761717e-07
-2.134216793765186558e-07
-8.430835458218861781e-07
-7.196366580292661464e-06
-7.092211426245505755e-05
-5.975076221694349465e-05
3.859416728115675101e-05
6.098327455428257022e-05
3.490960294210889982e-05
-7.429826664341070682e-07
-3.899854816777358688e-06
-4.644119142091125831e-06
4.536329832034487253e-07
2.712134306078125849e-07
5.263730591567322132e-06
-1.300834059175582613e-07
-9.162603607590567688e-06
-8.740567093612646826e-06
-4.950803523561968525e-07
-7.014041404998035996e-07
8.137510496977024102e-06
-9.598490135839677297e-07
7.970272443089454131e-06
8.765336055306146282e-06
1.223018087170374799e-06
1.155839314519525016e-06
-9.439347171152783248e-06
-7.743990123960779216e-05
4.103773105324987134e-05
5.503220833638667339e-05
6.618312651363906932e-05
5.180054873671623454e-05
-6.555549467161110556e-05
1.943680867250182900e-06
-2.347033787067207399e-06
-1.162454208566252326e-06
-2.327788261604848922e-06
-2.037478882771616335e-06
2.064507297219748289e-07
1.943680867250498844e-06
-2.347033787067714348e-06
-1.162454208566299336e-06
-2.327788261604864169e-06
-2.037478882771685792e-06
2.064507297221586351e-07
-7.631178971523770385e-06
5.000733113007271337e-06
2.009220251194041747e-06
9.441996892039983058e-06
9.927968752856362810e-06
1.159380254849841726e-06
-1.319074428873517749e-06
1.035888374276748611e-06
3.968881903019770936e-07
7.722135644816458719e-07
-3.542042463264889344e-08
-2.565795154671925889e-07
-1.319074428873514361e-06
1.035888374276416151e-06
3.968881903020270685e-07
7.722135644823300628e-07
-3.542042463249981564e-08
-2.565795154670547343e-07
1.349439586368124134e-05
-3.678712327833738303e-06
3.716801332030592180e-07
-1.437863219773232232e-05
-1.393032671071221745e-05
-4.080444962457320899e-06
3.843743352215874844e-05
1.109651513388648194e-05
1.863142332183306054e-05
-4.010758733119566908e-05
-4.026977466153285458e-05
-2.617129397728420084e-05
9.785951381789706981e-05
4.570851891110950616e-05
5.802395901887940212e-05
-9.391740857018034865e-05
