1.783342214813738333e-05
1.169600395056844005e-05
-1.731530758380126281e-05
1.134258069919401291e-05
3.787988455552728949e-06
-2.135050548007936058e-05
1.783342214813743077e-05
1.169600395056860268e-05
-1.731530758380138478e-05
1.134258069919397734e-05
8.412365801090131561e-07
-3.984818767323499085e-07
-9.154446224470135195e-07
4.504194118957423843e-07
9.501516657998524968e-07
-7.954142677753034647e-07
-2.188227186386055817e-06
-2.157716298962421517e-05
1.240754066520252793e-05
1.639383132436786575e-05
-1.795213304179824759e-05
-6.615395041277291822e-06
-1.982384669395293802e-06
6.143317537161744853e-06
-1.251754617986584208e-06
-5.495586288284772238e-06
3.357141234912576231e-06
3.491774631848590802e-06
3.101005826752892052e-05
-4.059973497116902390e-05
3.075676843280187494e-06
5.399326609237297195e-05
-3.938338767749284254e-05
-4.090365120014882901e-05
1.885793087268001719e-05
-2.606390274876325275e-05
2.783639882741970745e-06
3.467755110282292946e-05
-2.650100600076578448e-05
-2.630799814066215442e-05
1.885793087268022048e-05
-2.606390274876314433e-05
2.783639882741733575e-06
3.467755110282268551e-05
-2.650100600076577093e-05
-2.630799814066241192e-05
-4.395480967335167321e-07
-5.128965614406209400e-06
3.739076137492805950e-06
3.866923430342088504e-06
-5.622939994393229125e-06
-8.078860800812658608e-07
-4.672765630522446973e-06
-4.213455181897462245e-09
3.883115799599171162e-06
-4.062383964707145579e-06
2.574532575895525354e-07
6.373086472300248690e-06
-4.672765630522409704e-06
-4.213455181958448617e-09
3.883115799599083071e-06
-4.062383964707098145e-06
2.574532575895343242e-07
6.373086472300255466e-06
-2.292984608306211697e-06
1.051194716401517426e-06
1.952845909844580102e-06
-9.884029028240646712e-07
-1.495553875424907298e-06
1.015297629305927569e-06
-9.629892351595314878e-06
-1.087906605065346563e-05
1.218534693064810876e-05
5.986467945644845614e-06
-1.237184974152559812e-05
-2.212675960403620564e-07
-2.550580106468862621e-06
-2.896652992525990402e-06
3.718691948710740774e-06
1.616744050069177641e-06
-4.096587100680081152e-06
3.060288375959435937e-07
7.109740070587661895e-06
1.631100131097658925e-05
-1.288267984923413217e-05
-1.064040025147999660e-05
1.508818461907341152e-05
2.821344196606352993e-06
8.412365801089324762e-07
-3.984818767325099978e-07
-9.154446224470861526e-07
4.504194118957754186e-07
9.501516657999376236e-07
-7.954142677753132056e-07
-2.188227186386373878e-06
-2.157716298962404915e-05
1.240754066520242459e-05
1.639383132436753032e-05
-1.795213304179844749e-05
-6.615395041276908963e-06
-2.188227186386136708e-06
-2.157716298962412030e-05
1.240754066520240596e-05
1.639383132436772684e-05
-1.795213304179836956e-05
-6.615395041276993666e-06
1.885793087267989521e-05
-2.606390274876346959e-05
2.783639882741889430e-06
3.467755110282297012e-05
-2.650100600076592001e-05
-2.630799814066250679e-05
1.885793087268008495e-05
-2.606390274876330018e-05
2.783639882741726799e-06
3.467755110282273972e-05
-2.650100600076577093e-05
-2.630799814066250679e-05
-4.672765630522545229e-06
-4.213455181800159335e-09
3.883115799599184715e-06
-4.062383964707308209e-06
2.574532575896346976e-07
6.373086472300272407e-06
1.885793087268000363e-05
-2.606390274876363899e-05
2.783639882741902982e-06
3.467755110282286170e-05
-2.650100600076594711e-05
-2.630799814066241192e-05
-1.243740111300087651e-06
2.642931182288963135e-06
2.757467846861526425e-07
-4.283603385247883186e-06
3.313329595487609760e-06
5.214719140338605440e-06
7.569258125971443590e-06
-1.062088534492992996e-05
-5.520481266232772632e-06
1.104897630996958923e-05
3.029839607579803775e-06
-1.109072673572642780e-05
1.241240943289403593e-05
-1.327326493389918667e-05
-9.594385982197335135e-06
1.570854666745920749e-05
5.584399014600255272e-06
-1.747335591798620505e-05
1.241240943289431207e-05
-1.327326493389895289e-05
-9.594385982197680725e-06
1.570854666745893983e-05
5.584399014600437384e-06
-1.747335591798590350e-05
-1.814850491233014295e-05
1.320502762560254656e-05
1.394664517626659344e-05
-1.645891395690914788e-05
