-7.055452658797090659e-06
-2.693069896305279971e-04
5.813180542184970083e-05
-2.635789381103653662e-04
-6.832070814565143510e-05
-2.572439900405434606e-04
-7.055452658796116571e-06
-2.693069896305274550e-04
5.813180542185058852e-05
-2.635789381103647157e-04
2.614356203577309577e-05
2.565794242410379135e-04
-2.338804042799678303e-05
2.585303366231487686e-04
-7.596654230208565420e-05
2.471272541028540813e-04
1.201852700283456262e-05
-8.511634959249086377e-06
1.133803442721489921e-05
-9.578674235205964643e-06
1.106610940611837650e-05
-9.856625972824380300e-06
-7.176878166737523073e-05
1.575578561092312455e-05
-6.953522154788183748e-05
-3.085114921351740988e-05
-4.205084860494748039e-05
-6.542420923027622776e-05
4.075655343963963074e-05
-2.664428879133584401e-06
3.584086536274464667e-05
2.090675954700543646e-05
1.979764854762300884e-05
3.668769904586857732e-05
8.864269102894696431e-05
8.882703596182175201e-06
7.286356042060065626e-05
5.548573383984917949e-05
3.692796458450170330e-05
8.541716597855584950e-05
-8.187433755626654438e-05
-2.122743159410804274e-05
-6.195972690293500098e-05
-5.933555442786453334e-05
-2.786757965228238987e-05
-8.145209799320914730e-05
-1.008022909602073857e-04
-4.454488156839631172e-05
-7.143702359980647651e-05
-8.716253003743310978e-05
-2.761658997787283141e-05
-1.105770352130103592e-04
-4.345639015810412757e-04
-9.777462661599172801e-04
-1.543519639375096736e-04
-1.068930346590003713e-03
1.451044625068345466e-04
-1.069201355763248814e-03
-4.345639015810408962e-04
-9.777462661599168464e-04
-1.543519639375093213e-04
-1.068930346590003279e-03
1.451044625068347363e-04
-1.069201355763248380e-03
-6.832070814565163839e-05
-2.572439900405434064e-04
-7.055452658796444372e-06
-2.693069896305274550e-04
5.813180542185025649e-05
-2.635789381103647157e-04
2.614356203577338715e-05
2.565794242410379135e-04
-2.338804042799653570e-05
2.585303366231488228e-04
-7.596654230208535604e-05
2.471272541028542440e-04
1.201852700283448808e-05
-8.511634959249220208e-06
1.133803442721510250e-05
-9.578674235205890104e-06
1.106610940611836295e-05
-9.856625972824326090e-06
-4.345639015810437693e-04
-9.777462661599161959e-04
-1.543519639375122757e-04
-1.068930346590003713e-03
1.451044625068319987e-04
-1.069201355763249464e-03
-2.387793588034588870e-05
-1.768664359337053228e-05
1.748486193296320569e-06
-3.185817296319239892e-05
2.807151394046354030e-05
-1.872566370823572100e-05
3.842609048592674268e-05
3.781337612099510629e-05
-8.753215877988081931e-06
5.565172886588729527e-05
-5.043780764593896294e-05
2.886314918233349354e-05
1.425011054026432072e-05
2.023306686045584258e-05
-7.607226272951080141e-06
2.533977408927158711e-05
-2.544059978817892858e-05
1.141276322707173600e-05
-3.739713031196481981e-05
-7.236748397496197457e-05
3.202480509873137913e-05
-7.794305331022789111e-05
8.074891486254415370e-05
-3.002044589695538308e-05
-3.104716416658729416e-06
-1.125420975746568717e-05
6.732552770888697771e-06
-1.101459127586104983e-05
1.361430610565596164e-05
-3.310312377456081708e-06
2.023038432069478658e-05
1.247513311304777319e-04
-7.565815808573321077e-05
1.052278854363478859e-04
-1.290294228184029441e-04
2.514295667807544719e-05
-8.141824609225985354e-07
-2.092790007528906560e-05
1.301378467219889616e-05
-1.531682404695202334e-05
1.884242341893574719e-05
-2.772877695444761160e-06
-4.306094509452704200e-04
4.758501482345252873e-04
-6.222952445919740930e-04
1.827888148391774135e-04
-6.251471026888708038e-04
-1.735538493684988029e-04
-4.306094509452718295e-04
4.758501482345233900e-04
-6.222952445919742014e-04
1.827888148391749199e-04
-6.251471026888695028e-04
-1.735538493685010797e-04
7.074457421143173861e-05
-5.754105910589352971e-05
8.866347287519557216e-05
-1.571803813711353107e-05
8.273591082857295088e-05
2.975158815345663250e-05
7.074457421143224005e-05
-5.754105910589340096e-05
8.866347287519577545e-05
-1.571803813711334473e-05
8.273591082857311351e-05
2.975158815345710345e-05
1.806953849970261523e-04
-1.032491259088832411e-04
2.090018049804378305e-04
-1.099295213468862999e-05
