-8.621445015898769376e-06
1.853356457115046716e-05
-1.657408544984841054e-05
9.357817130576161649e-06
1.368151545761936898e-05
-1.401246319547805745e-05
-8.937520601165559430e-06
1.771648575291688490e-05
3.863322503813311471e-05
-1.219881806831202650e-05
-3.195293755957247386e-05
2.310544639675839778e-05
2.165337182247407304e-05
-3.111334185336669836e-05
-1.533047840428126019e-04
-4.008830499975365644e-05
1.593276704174832346e-04
-3.406552636673937286e-05
-1.296870651534115222e-04
1.031648437395625280e-04
-1.533047840428123851e-04
-4.008830499975358868e-05
1.593276704174831804e-04
-3.406552636673943385e-05
-1.296870651534113867e-04
1.031648437395622027e-04
-1.533047840428122767e-04
-4.008830499975373098e-05
1.593276704174830449e-04
-3.406552636673919668e-05
-1.296870651534111699e-04
1.031648437395628261e-04
-2.547304724214569639e-05
-7.894034497642350216e-06
2.873826132255807007e-05
-5.622730069443895335e-06
-2.470897006782017441e-05
1.988859098469385715e-05
-2.547304724214557103e-05
-7.894034497642419672e-06
2.873826132255809379e-05
-5.622730069443852136e-06
-2.470897006782006260e-05
1.988859098469359288e-05
-7.166934038035232293e-06
1.743887026583077843e-05
5.203104356455203470e-06
-1.790707655144076058e-05
-2.269137965474491742e-06
1.797534482874179679e-05
-7.226983364593313346e-06
1.540743829359352696e-05
5.321616387483823789e-06
-1.628183844307955452e-05
-2.450221364301624043e-06
1.675589912659082958e-05
7.569258125971308912e-06
-1.062088534493039414e-05
-5.520481266232930181e-06
1.104897630996942491e-05
3.029839607579895678e-06
-1.109072673572682760e-05
1.241240943289437644e-05
-1.327326493389891562e-05
-9.594385982197596021e-06
1.570854666745889917e-05
5.584399014600553428e-06
-1.747335591798604581e-05
-1.814850491233034623e-05
1.320502762560261263e-05
1.394664517626650196e-05
-1.645891395690947991e-05
-8.621445015899023486e-06
1.853356457115073821e-05
2.053955982535697112e-05
-7.144208471062659321e-06
-1.645614511131577191e-05
1.219154221345573316e-05
1.092938480416696656e-05
-1.555894482764164725e-05
-1.533047840428129272e-04
-4.008830499975309401e-05
1.593276704174832075e-04
-3.406552636674011148e-05
-1.296870651534114680e-04
1.031648437395626635e-04
-1.533047840428127103e-04
-4.008830499975316855e-05
1.593276704174829094e-04
-3.406552636674011148e-05
-1.296870651534113867e-04
1.031648437395623924e-04
-2.547304724214586918e-05
-7.894034497642302782e-06
2.873826132255811750e-05
-5.622730069443589556e-06
-2.470897006782005244e-05
1.988859098469389781e-05
-2.547304724214561169e-05
-7.894034497642358686e-06
2.873826132255802263e-05
-5.622730069443682729e-06
-2.470897006782007954e-05
1.988859098469374195e-05
1.143005671656595624e-06
1.239450105006069317e-06
-2.153742967248949684e-06
-6.060740425468818177e-07
2.752166470669958393e-06
-8.701888279827189089e-07
3.311284335759470484e-07
-3.376831206733877310e-06
3.474945791097757928e-06
4.191349551171305498e-06
-7.242807947257792419e-06
-9.657992589909182099e-07
1.494453727257439794e-06
4.297097468432584423e-07
-5.958703306456691090e-07
-2.078273297427897417e-07
-2.670411896336431789e-07
-1.258284536178077353e-07
2.984111836871473336e-05
1.718861019388102107e-05
-2.962524697063103748e-05
-1.820953217067670851e-05
2.949371108522883661e-05
1.822367461132347343e-05
-1.011475653769224055e-05
-8.306656782053405166e-06
9.126197528285083657e-06
7.408831285433386094e-06
-8.150182271917352008e-06
-6.299426016740397980e-06
6.572130514646596662e-06
-3.704611566421162457e-05
4.138942477327746814e-06
3.933141875640789285e-05
-1.463768725500191650e-05
-3.834465912866822154e-05
3.867889651780289821e-06
3.643450142643963273e-07
-4.523928336785444636e-06
-1.021115779512151711e-06
5.070378918222061284e-06
1.630333362241688551e-06
-2.360884161340129296e-05
-4.782966315404141105e-06
2.316010579632585086e-05
7.421175595158705890e-06
-2.246389476145011768e-05
-9.015003062297225947e-06
1.494453727257509251e-06
4.297097468435078935e-07
-5.958703306454797972e-07
-2.078273297430673568e-07
-2.670411896336431789e-07
-1.258284536178077353e-07
