1.842953100688877170e-07
5.606990154350703324e-07
-8.237407083874567098e-07
-2.785756052686022894e-07
1.081594018468903519e-06
-3.144048724105088012e-07
-1.578358268936825875e-07
-7.560474905946498962e-07
1.339581741459901618e-07
6.729880959141046867e-07
-7.883711015465014570e-08
-8.593819865728109682e-07
5.999292340910102227e-07
-2.155418577031999727e-07
1.543604369127815576e-07
4.367683892229066649e-07
-7.109677769414024220e-07
-9.882243649433041633e-09
1.077159943116398947e-06
6.617142521450658068e-07
-7.184571736988550728e-07
3.725567987795382127e-07
-9.211970076252757105e-08
-5.285215145346262422e-07
-8.906440047438464993e-07
-1.451228078850086681e-06
1.148044240568717433e-06
6.064333537840399521e-08
-3.514229405012901161e-07
5.576355109676337371e-07
-3.656511590835779229e-07
5.441567037486983263e-08
8.765788069811917313e-08
-4.316891262767011816e-07
2.819316887319899575e-07
3.564081152881769053e-07
1.083488157986390204e-07
5.589487055837496166e-07
-4.187558941025640502e-07
4.855508642636353133e-08
4.102136352645448231e-08
-3.883649169050533907e-07
7.892018081399671058e-07
-4.543412783372387111e-07
-9.813019787244696167e-07
3.240852527147749672e-07
1.311895020009784318e-06
-1.549351237421050735e-07
-1.581392981523189026e-06
-2.194968396235386087e-06
2.340769086633051231e-06
2.275999923493279097e-06
-3.007365197884455773e-06
-2.221061266718661819e-06
-5.097689719422212038e-07
6.376732735119267878e-07
3.994809328183404675e-07
-6.523419395584775910e-07
-4.184301037357707476e-07
5.445512922995502015e-07
8.325056030160404410e-07
-4.801325947063658214e-06
-1.808853822318245679e-06
5.263031916023703788e-06
3.128800385409163956e-06
-5.312631503179695709e-06
-1.910872898564596099e-06
3.357783836148054669e-06
2.172663478556267545e-06
-3.090176844521740043e-06
-2.440074020087690710e-06
2.557633225495690046e-06
-1.066044831878707887e-06
2.465335673317888976e-06
1.613667210227296382e-06
-2.846428023768153937e-06
-2.370584841629579023e-06
3.011060615207378466e-06
2.415478143554794313e-06
-2.255272959283580792e-06
-2.572580043949584783e-06
2.335282004612145471e-06
2.762068185708340080e-06
-2.139789742124348343e-06
-2.510514680889000712e-08
2.050042930685070235e-07
7.660274563385778302e-07
7.280130829217712983e-08
-1.148360727866340042e-06
-9.301889667935450413e-07
5.995737728760714887e-06
1.981012265906858977e-08
-5.820263677611796913e-06
-2.260039356718894226e-06
4.433818686203625058e-06
4.506172491501083092e-06
-1.170695438188247397e-06
-4.534132593165318695e-07
5.768116335265765432e-07
5.133795472315681733e-07
-5.467922967283704129e-08
-2.286733148525496726e-07
-1.860752746763753665e-06
-2.345810186645817253e-06
1.691041548226388545e-06
2.930307059861550256e-06
-1.042668160677359861e-06
-3.497215114254891413e-06
2.229294455829395061e-07
1.085998255644746213e-06
-1.139893647189817350e-07
-9.527601066974516175e-07
-5.436708390418372568e-08
7.077869112448106056e-07
-4.413532829608047836e-07
1.240824643255697406e-06
3.632075861673440238e-07
-1.484963805819883916e-06
-4.173081931554235369e-07
1.540233976173779919e-06
5.827281199639395712e-09
8.417665997175925461e-07
4.443222402735805481e-08
-1.212645988395348394e-06
-2.161826730711649315e-07
1.580616437389592136e-06
3.416879903891634208e-06
4.144081145217725113e-06
1.678994094221324101e-07
-5.806931604783040581e-06
-4.345242270544492836e-06
4.267970826143691827e-06
-2.715216140672592822e-06
-4.069230068773527592e-06
-2.956592922598058775e-07
4.411732497338270315e-06
2.677637321084672123e-06
-2.761479410259616663e-06
-1.181475163174028682e-06
-3.017315858488243799e-06
-9.972375394656248847e-07
3.570566004170241856e-06
3.362121842479252721e-06
-2.278895367697626639e-06
1.147314377039672446e-06
4.574769011500997272e-06
1.469897424485036979e-06
-4.210164214467043738e-06
-3.384282044462046755e-06
2.265903714789553616e-06
3.695063810248155036e-07
-4.317715786134810012e-06
-2.375829680451855090e-06
3.541379222440274916e-06
3.733653857720632914e-06
-1.567905151095358336e-06
-6.452768313373916565e-07
1.356772151578354692e-06
