1.376470534926386721e-07
-1.110998393488475883e-06
-3.071253850470620630e-08
-1.555083549896847043e-06
-6.527119317268075156e-07
-1.828201865460816431e-06
2.880254989055417244e-05
2.009824791429229505e-05
3.493095086436278534e-05
-1.288252492941206122e-06
2.659457974837770564e-05
-2.166983146041614116e-05
-5.749550608160304750e-06
-1.006777009685031301e-05
-1.081331141787488731e-05
-3.701556695204105706e-06
-1.025786473674946963e-05
4.140916566201982400e-06
3.450310355821935574e-06
-8.828447300930801215e-08
3.356980311932616360e-06
2.805171251522409109e-07
3.123826810796997133e-06
4.235832691854026329e-07
5.620213746203661119e-06
8.208060983929527020e-07
5.047394771632898714e-06
1.285509842965855295e-06
4.402370332147980825e-06
1.374198821663196485e-06
4.440649472085416695e-06
1.952053041719456795e-06
3.562557739244028184e-06
2.083333651375194320e-06
2.792870298556999142e-06
1.951234494073187067e-06
1.484896892749411676e-06
1.438839873645102623e-06
8.771276893263163736e-07
1.371021954536352166e-06
4.139193012694017890e-07
1.232072134714368482e-06
1.484896892749198859e-06
1.438839873645581620e-06
8.771276893257730020e-07
1.371021954536270004e-06
4.139193012696784512e-07
1.232072134714432857e-06
-5.787099737906267905e-06
-3.034632846105265506e-06
-5.137864257499008934e-06
-2.906120858321610014e-06
-4.510657199274861480e-06
-2.528587576567845443e-06
-5.787099737906912497e-06
-3.034632846105451853e-06
-5.137864257498957265e-06
-2.906120858321399950e-06
-4.510657199274775082e-06
-2.528587576567938616e-06
4.714118849573334873e-07
-1.211842073473086569e-06
8.133248546665228794e-07
-1.012319358346582749e-06
1.032541420041876431e-06
-9.000946238835401167e-07
4.714118849577564744e-07
-1.211842073472873752e-06
8.133248546663876717e-07
-1.012319358346907163e-06
1.032541420041712107e-06
-9.000946238836328668e-07
4.985759475078845466e-06
5.395720534445913735e-06
4.635059648532583872e-06
4.673815322164739792e-06
4.267396076816033827e-06
3.859359103174720277e-06
5.008807343115312385e-07
2.058787749234693786e-06
-4.681032022905535671e-07
1.512197530320381572e-06
-8.403767919568066351e-07
7.083482988795489872e-07
-1.412345026170178104e-06
-2.484690648077482410e-06
-3.411079751696456925e-07
-3.193207760177910765e-06
8.328193512557314135e-07
-3.349840388684061759e-06
-2.488627797233618165e-06
-8.948362899296484341e-06
1.034299117410950386e-06
-8.871540644776474411e-06
3.647791007524410938e-06
-7.567843463249172950e-06
-1.592679867686391811e-06
-8.522958684476755054e-06
1.568415533625684187e-06
-7.894517751492262608e-06
3.669048052080378526e-06
-6.316850271641791946e-06
6.148589542013698066e-07
-5.468046067502039311e-08
5.272712982322323791e-07
7.322863101839015033e-07
8.060884241081988647e-08
1.318636404094737763e-06
8.452138148012113244e-07
5.553108037633392252e-06
-1.038818044015104218e-06
5.784752316847571136e-06
-2.655487369606895350e-06
5.365079430066933198e-06
-1.483501243465984825e-06
8.807032464497843344e-06
-3.709307450613543155e-06
7.256053417789632676e-06
-4.916964093689306706e-06
5.369379092841922549e-06
1.770678989070578765e-06
-9.259055624789864963e-06
4.077425450833796273e-06
-8.684749090550839955e-06
5.830398989704374542e-06
-7.591477846288617552e-06
4.726305281616233366e-06
-7.809843420147854389e-06
5.743525459920684439e-06
-5.786863214609957098e-06
5.988811658296275915e-06
-3.859722544105177893e-06
5.922594011610664923e-05
-3.927642915871797037e-05
6.202855476835817425e-05
-3.547696409890418919e-05
6.382817611059432811e-05
-3.156252658884069553e-05
5.593552306707187324e-05
-1.941958615342595214e-05
5.564892305543043036e-05
-1.748315381806087683e-05
5.484254788523022740e-05
-1.548513486357473994e-05
2.682346578800068939e-05
-2.471319534049431447e-06
2.569928759343478026e-05
-2.102059439938886571e-06
2.435574332480496044e-05
-1.666935488447185182e-06
1.152789738821512905e-05
2.246614984709294324e-06
1.040559614162935335e-05
2.323506538958789277e-06
9.161435989249922226e-06
2.433273754369459191e-06
-4.972083170849316491e-07
-1.045291844708792542e-06
