-3.745056800792648282e-06
2.771571674447096408e-06
-2.054187554235799700e-06
-4.688165310613359439e-06
8.119831901350159348e-06
1.351398142263706816e-05
-1.748836534219877406e-05
5.918836901410155278e-06
-3.234249793943721742e-06
-2.084826313568052293e-05
-5.687372824870066796e-06
-1.022727806709990633e-05
1.220368025885031086e-05
-4.003651217890151856e-06
2.292296272903578414e-06
1.362148551562278438e-05
-5.687372824869783887e-06
-1.022727806710061106e-05
1.220368025885031425e-05
-4.003651217889911298e-06
2.292296272902982102e-06
1.362148551562341966e-05
-5.529097577777342600e-06
-2.215608353950385928e-05
2.534190112375352765e-05
-2.597075252521986272e-06
-1.773410200984837988e-07
2.796442380838882650e-05
-5.529097577777225710e-06
-2.215608353950364244e-05
2.534190112375289745e-05
-2.597075252521637294e-06
-1.773410200988327764e-07
2.796442380838918564e-05
-5.529097577777268062e-06
-2.215608353950384573e-05
2.534190112375305670e-05
-2.597075252521837194e-06
-1.773410200987040274e-07
2.796442380838873163e-05
2.819044557629459177e-06
7.545191141157630433e-06
-7.892717546783152007e-06
1.888715230598669119e-06
-1.154436559520293870e-06
-7.936040533622500909e-06
4.688752476739106427e-06
2.710525020417202955e-05
-2.911761985597842071e-05
1.776624878291351272e-06
6.100544773521601163e-07
-3.051070579758158438e-05
4.688752476739121674e-06
2.710525020417234464e-05
-2.911761985597886116e-05
1.776624878291269957e-06
6.100544773522177146e-07
-3.051070579758157422e-05
-2.058654247668139617e-06
3.217537705140850382e-05
-3.455843524377160997e-05
-4.491677880987306616e-06
6.340357872998098694e-06
-3.665707475557571738e-05
-3.065138017792286328e-04
3.319442022008327700e-04
-3.684334587407241601e-04
-2.669861000390397502e-04
2.226634097479525333e-04
-3.952833997014148322e-04
-3.065138017792285786e-04
3.319442022008328242e-04
-3.684334587407238348e-04
-2.669861000390398587e-04
2.226634097479526959e-04
-3.952833997014148322e-04
-3.065138017792286870e-04
3.319442022008325531e-04
-3.684334587407237264e-04
-2.669861000390397502e-04
2.226634097479527773e-04
-3.952833997014146153e-04
-8.280296823670321379e-05
6.097570997083034727e-05
-7.516668854970018506e-05
-7.388824795599715990e-05
6.281812409361688652e-05
-8.647840339627219097e-05
-8.280296823670311892e-05
6.097570997082985261e-05
-7.516668854969985980e-05
-7.388824795599729543e-05
6.281812409361715757e-05
-8.647840339627143203e-05
-8.280296823670301050e-05
6.097570997082948669e-05
-7.516668854969950743e-05
-7.388824795599749872e-05
6.281812409361727954e-05
-8.647840339627113388e-05
1.102348262756358999e-04
-6.349030857199049996e-05
8.285621123117922987e-05
9.379378374388847462e-05
-7.498495004170743924e-05
9.599579830712707347e-05
1.102348262756359812e-04
-6.349030857199001207e-05
8.285621123117878264e-05
9.379378374388881343e-05
-7.498495004170775094e-05
9.599579830712670755e-05
-3.065138017792279281e-04
3.319442022008334747e-04
-3.684334587407242685e-04
-2.669861000390392081e-04
2.226634097479519370e-04
-3.952833997014151574e-04
1.102348262756359135e-04
-6.349030857199033733e-05
8.285621123117898593e-05
9.379378374388858304e-05
-7.498495004170761542e-05
9.599579830712678887e-05
-1.278388870186168715e-06
-8.337898743313312011e-07
1.209263957255433397e-06
-1.150526066174984873e-06
1.032061790366808173e-06
1.588517250677705995e-06
1.579997777808685898e-05
-8.369065038306019945e-06
2.747206377103424715e-06
2.020447807167278305e-05
-2.235910469947976554e-05
-4.513652069617955602e-06
-4.522332067565917380e-06
4.091542130520459248e-06
-2.463331949383421691e-06
-5.621196852309857865e-06
5.997894726446813612e-06
-6.683581027804164342e-07
1.596374771641946751e-04
5.979093601249930155e-05
-8.318139583040780045e-05
1.493889061924375764e-04
-1.336492453081637635e-04
-1.048106957197360881e-04
-3.287366985931612293e-05
-1.372131288142725513e-05
1.592283771789222105e-05
-2.943274797304856180e-05
2.546580425223685747e-05
1.775072306586147598e-05
-5.742812523931876953e-06
-1.623300186735291749e-06
4.142935408849973294e-06
-1.692443740024252612e-06
