-7.176878166737634204e-05
1.575578561091961106e-05
-6.953522154787984526e-05
-3.085114921352107584e-05
-4.205084860494460726e-05
-6.542420923027840972e-05
-7.176878166737524429e-05
1.575578561092277896e-05
-6.953522154788185103e-05
-3.085114921351770804e-05
-4.205084860494761592e-05
-6.542420923027626842e-05
4.075655343963956298e-05
-2.664428879134334026e-06
3.584086536274468733e-05
2.090675954700490791e-05
1.979764854762342219e-05
3.668769904586801489e-05
4.075655343963974594e-05
-2.664428879133980813e-06
3.584086536274438240e-05
2.090675954700513831e-05
1.979764854762298512e-05
3.668769904586844857e-05
4.075655343963948844e-05
-2.664428879133553908e-06
3.584086536274468733e-05
2.090675954700568041e-05
1.979764854762310032e-05
3.668769904586850956e-05
8.864269102894735733e-05
8.882703596181592442e-06
7.286356042060121191e-05
5.548573383984903718e-05
3.692796458450194725e-05
8.541716597855586305e-05
8.864269102894677458e-05
8.882703596183040868e-06
7.286356042060038521e-05
5.548573383985017560e-05
3.692796458450133738e-05
8.541716597855591726e-05
-8.187433755626625977e-05
-2.122743159410763277e-05
-6.195972690293504164e-05
-5.933555442786408611e-05
-2.786757965228240004e-05
-8.145209799320823928e-05
-1.008022909602072231e-04
-4.454488156839646757e-05
-7.143702359980628677e-05
-8.716253003743317754e-05
-2.761658997787247566e-05
-1.105770352130104947e-04
-4.345639015810398120e-04
-9.777462661599183643e-04
-1.543519639375079660e-04
-1.068930346590004146e-03
1.451044625068331913e-04
-1.069201355763249464e-03
-4.345639015810393241e-04
-9.777462661599181475e-04
-1.543519639375076679e-04
-1.068930346590003929e-03
1.451044625068335708e-04
-1.069201355763249031e-03
-4.345639015810388904e-04
-9.777462661599177138e-04
-1.543519639375072884e-04
-1.068930346590003713e-03
1.451044625068337334e-04
-1.069201355763248597e-03
-6.832070814565215338e-05
-2.572439900405438401e-04
-7.055452658799968876e-06
-2.693069896305278345e-04
5.813180542184989734e-05
-2.635789381103652578e-04
-6.832070814565113694e-05
-2.572439900405436232e-04
-7.055452658798977848e-06
-2.693069896305272382e-04
5.813180542185089345e-05
-2.635789381103646615e-04
2.614356203577288909e-05
2.565794242410379135e-04
-2.338804042799424532e-05
2.585303366231488770e-04
-7.596654230208595236e-05
2.471272541028539729e-04
-4.345639015810393783e-04
-9.777462661599174969e-04
-1.543519639375078034e-04
-1.068930346590003713e-03
1.451044625068332184e-04
-1.069201355763248814e-03
1.009182354211594126e-04
4.612275078001371655e-06
8.488906983754449973e-05
5.941120286430321394e-05
4.439817842216936365e-05
9.520483072459174181e-05
-1.358401458493885294e-04
-5.143824705595769360e-05
-9.840525895296142701e-05
-1.106917611481000207e-04
-4.028069656682997375e-05
-1.438451667427901508e-04
-7.176878166737650467e-05
1.575578561091973642e-05
-6.953522154787964197e-05
-3.085114921352099453e-05
-4.205084860494476989e-05
-6.542420923027826064e-05
4.075655343963952910e-05
-2.664428879134162925e-06
3.584086536274441628e-05
2.090675954700514508e-05
1.979764854762315114e-05
3.668769904586818430e-05
4.075655343963951555e-05
-2.664428879133487840e-06
3.584086536274482286e-05
2.090675954700556860e-05
1.979764854762310370e-05
3.668769904586855022e-05
8.864269102894685589e-05
8.882703596182844357e-06
7.286356042060043942e-05
5.548573383985002652e-05
3.692796458450143225e-05
8.541716597855594437e-05
-8.187433755626647661e-05
-2.122743159410810711e-05
-6.195972690293494677e-05
-5.933555442786445203e-05
-2.786757965228222386e-05
-8.145209799320913375e-05
-4.345639015810407878e-04
-9.777462661599177138e-04
-1.543519639375090502e-04
-1.068930346590003929e-03
1.451044625068321071e-04
-1.069201355763249464e-03
-4.345639015810404083e-04
-9.777462661599177138e-04
-1.543519639375086436e-04
-1.068930346590003713e-03
1.451044625068324324e-04
-1.069201355763249248e-03
-4.345639015810399746e-04
-9.777462661599174969e-04
-1.543519639375083184e-04
-1.068930346590003496e-03
1.451044625068326221e-04
-1.069201355763248814e-03
-6.832070814565238378e-05
-2.572439900405438401e-04
