-6.950239320534580577e-07
2.634445048288263595e-08
-1.471706223236540778e-06
1.388446464420252968e-06
5.883095450596244978e-07
-6.428676710543902693e-07
-6.607136105569792309e-07
-5.471130548611571630e-07
-3.438414700754781258e-07
9.393237149538417860e-07
-3.865144270658927607e-07
1.832582085070860403e-07
-6.022735025425791871e-07
2.165640986780103248e-06
3.979901251098551636e-06
-1.598153627247088645e-06
-7.921594105988978727e-07
1.222584745674823301e-07
6.542489722387633431e-07
4.050840119308202450e-07
-3.704357370239634304e-07
-6.676359681046231803e-07
3.311284335759470484e-07
3.376831206733877310e-06
3.474945791097757928e-06
-4.191349551171305498e-06
-7.242807947257792419e-06
9.657992589909182099e-07
3.311284335762723090e-07
3.376831206733545273e-06
3.474945791096989669e-06
-4.191349551171595183e-06
-7.242807947257753456e-06
9.657992589914772517e-07
1.143005671657052386e-06
-1.239450105005528275e-06
-2.153742967249301203e-06
6.060740425471371982e-07
2.752166470669802963e-06
8.701888279830543340e-07
1.143005671656595624e-06
-1.239450105006069317e-06
-2.153742967248949684e-06
6.060740425468818177e-07
2.752166470669958393e-06
8.701888279827189089e-07
1.143005671656561107e-06
-1.239450105005265906e-06
-2.153742967249559971e-06
6.060740425469965907e-07
2.752166470670230291e-06
8.701888279828756100e-07
2.265488855821912142e-06
-7.055408454468394604e-06
-7.885294325524843824e-06
5.077564471680859342e-06
1.113598863842690318e-05
1.008833189374803174e-06
2.338628200427228761e-06
-7.660931549429430231e-06
-8.133626990640153840e-06
5.369986921227350981e-06
1.122717625701011231e-05
8.668806888799998386e-07
2.338628200428174049e-06
-7.660931549430002825e-06
-8.133626990639821803e-06
5.369986921227044356e-06
1.122717625701012078e-05
8.668806888798863362e-07
2.338628200428036830e-06
-7.660931549429763962e-06
-8.133626990639923447e-06
5.369986921226893584e-06
1.122717625701009537e-05
8.668806888797910450e-07
-3.926836637176278627e-06
4.614960779179572672e-06
6.981015609654373535e-06
-1.821579200338916086e-06
-7.890061650959294957e-06
-2.768416877532603475e-06
-3.926836637176512408e-06
4.614960779178972126e-06
6.981015609654680161e-06
-1.821579200339001637e-06
-7.890061650959272934e-06
-2.768416877532780928e-06
-9.423529330848426266e-06
1.278451834593815771e-05
1.686755693389582419e-05
-5.528365787311846153e-06
-1.861912708835055069e-05
-5.325329689001894903e-06
-8.750997224851900672e-06
1.177299238938181027e-05
1.514081944573165528e-05
-5.019284836933145708e-06
-1.635263182246447683e-05
-4.491150661330062423e-06
-1.884229774756089105e-04
2.222245142173596502e-05
1.810398965208180589e-04
5.801697159810341258e-05
-1.393913933177240059e-04
-1.268400317056462179e-04
-1.884229774756089105e-04
2.222245142173573463e-05
1.810398965208179505e-04
5.801697159810352100e-05
-1.393913933177239788e-04
-1.268400317056462992e-04
-1.884229774756089647e-04
2.222245142173557539e-05
1.810398965208177878e-04
5.801697159810362942e-05
-1.393913933177239246e-04
-1.268400317056462721e-04
-6.617702563113270090e-05
-6.114440081914533301e-07
5.882356963088295870e-05
2.450586953019625550e-05
-4.282728620412190016e-05
-4.292757461967887654e-05
-6.617702563113260603e-05
-6.114440081916845701e-07
5.882356963088270120e-05
2.450586953019626905e-05
-4.282728620412157489e-05
-4.292757461967889687e-05
4.235024877193032154e-05
9.906165006895221949e-06
-3.677564146324989426e-05
-2.400794199363659641e-05
2.584964166711006375e-05
3.535761941263004067e-05
-1.970377754859927116e-06
-6.490348189437783614e-06
1.394043672833217139e-06
6.078943202494622513e-06
-5.832536089835054633e-07
-5.572246483074155132e-06
3.311284335759512835e-07
3.376831206733895945e-06
3.474945791097657131e-06
-4.191349551171256370e-06
-7.242807947257382456e-06
9.657992589909614086e-07
1.143005671656696209e-06
-1.239450105005892711e-06
-2.153742967248826864e-06
6.060740425467060584e-07
2.752166470669786022e-06
8.701888279828527401e-07
-1.884229774756087750e-04
2.222245142173654439e-05
1.810398965208180589e-04
5.801697159810253167e-05
