3.312525708423082500e-06
-3.893008450687530488e-07
-6.142117881370916139e-07
-3.605527225906225739e-06
1.480969347287390622e-06
-5.490503415709630218e-07
6.335230124286537202e-07
-1.029791416875290032e-06
5.446393683566079868e-08
-9.636604586557412582e-07
-2.248502936568970884e-07
2.104086399839076982e-06
1.574226936262216821e-06
1.596381554281878461e-06
2.160699946067868020e-06
-4.109874927490033998e-07
-1.419489031791885854e-06
-6.342490677266899028e-08
-1.033119405423475275e-06
3.325320482566628330e-07
-1.100828990542821945e-06
8.641999456244210768e-07
2.260293547074374762e-06
-4.549110127944305562e-06
-3.109854184186072282e-06
-4.481229797828173717e-06
-5.474654098730499431e-06
8.837688085988898236e-07
-5.981742698332007832e-07
-2.759323088036620086e-06
-1.352511848048022281e-06
-1.897358737592061805e-06
-1.634081706129976861e-06
-1.116812825311612288e-06
2.909054613822640328e-06
3.048317690119211106e-06
4.338012353281827380e-06
8.879652953440281577e-07
4.026524236556243724e-06
-1.829240261257413770e-06
-1.559276012391448081e-06
3.340847641129794856e-06
-2.882695114152586430e-07
3.423267994318927866e-06
1.025341643067561174e-06
3.458476125660366906e-06
-3.371322905917513492e-07
2.437038711681887833e-06
1.103904707140551519e-06
2.103368576441241052e-06
2.193360008221298181e-06
1.070407524554204055e-06
-1.922197585526095149e-06
-1.069420927073454781e-06
-2.059942093424924749e-06
7.530863406130841813e-07
-7.773266562152063813e-07
1.916694144052256153e-06
-2.196318621096465343e-06
4.788855744236146415e-06
-6.866011334890646487e-07
5.110946358889259532e-06
9.124905043640977630e-07
4.719180320593429839e-06
-4.123237406467842901e-07
-1.304788378546208950e-06
-6.968048020759622271e-07
-2.294509718834625721e-06
-1.791101069676200435e-06
-2.944150689351464325e-06
5.797654293126179633e-06
-5.911106758038742640e-06
3.168559688434048400e-06
-7.215334545427155784e-06
3.022820303955934861e-07
-7.130898952042189227e-06
-2.294743538075862378e-06
5.387327404107126751e-06
-6.196984652781249763e-07
8.398039943911058100e-06
3.515778343812375083e-06
1.038157709493450686e-05
4.673710457002990830e-06
1.721036639542953779e-06
4.461926508161026493e-06
-8.691483135546578126e-07
2.993740920856285109e-06
-2.628663772968246968e-06
4.277014535802647343e-06
2.587048041255053646e-07
3.338406614654936191e-06
1.544574629972277968e-07
2.199908172423128000e-06
1.052557871956237361e-07
-7.216966125758308301e-06
-1.223693309678299332e-06
-8.365063106960126630e-06
-5.979955958293975525e-07
-9.099638549370450764e-06
4.701473449320078864e-07
-4.904201785021314318e-06
-2.409466055638326754e-06
-3.066959620115811513e-06
-1.504867274061534256e-06
-7.514375721458027899e-07
-1.119544545452301566e-06
7.162942958668674741e-07
4.732768812358022800e-06
2.411023023175997413e-06
4.244580722782126652e-06
3.651701406662338611e-06
3.068296243233800518e-06
-1.745630696893850395e-07
1.405172657294705135e-06
-1.392838901376825484e-07
2.768000748639806943e-06
-5.472235984093310818e-07
4.177119653095410880e-06
2.108428584675874627e-06
9.615827244826536074e-06
5.177463964882173929e-07
9.669327211646587295e-06
-7.507525348283927726e-07
8.965408384354646432e-06
5.010497975378930029e-06
-3.417167900198084688e-06
6.988142279460923786e-06
-1.253486685956988652e-06
7.719549439082708359e-06
1.793841836200187996e-06
4.369542613779552101e-07
3.478145255257973353e-06
-6.680147833502552674e-07
2.780297137316558631e-06
-1.162046774869391762e-06
1.824813403541563964e-06
2.152222076805077233e-06
9.260610029974068161e-09
1.628216504601620902e-06
9.037929926626926601e-07
8.160611784126093376e-07
1.304401292227855021e-06
-8.670278419466611798e-07
3.092492920076419502e-06
-2.630108673270813415e-06
7.889237995746422024e-08
-5.198278341751186036e-07
-1.929531293911812147e-06
4.638825691875300211e-07
-1.392069182237173455e-06
1.120520314118080104e-06
-1.656693160328014378e-07
3.659953566369531694e-07
6.401654819561840081e-07
-1.058628941664445688e-05
-2.781159659606678915e-06
7.508971218345202358e-06
-8.066040101611656076e-06
