1.126611584340389706e-05
4.708497287711264987e-05
-3.902903841470167193e-05
-2.521600174955209941e-05
-1.212643319268183164e-05
2.096448855789861268e-05
-7.021404246316934918e-06
-2.472108378814748749e-05
2.360911196970865523e-05
1.300083697891955272e-05
-1.150747945948129308e-05
2.321551370365843614e-06
1.070694663691944845e-05
-4.699581098236465882e-06
-8.642209693565538843e-06
7.385207267037336610e-06
-4.262689194795665743e-06
-2.726871508278757355e-08
3.636457886610156531e-06
-8.249589026203092636e-07
-2.729793717220146058e-06
1.551303477071824252e-06
-1.556302866344078516e-05
-7.632627320112156044e-06
1.676696548977660661e-05
1.329801994279811183e-06
-1.505188393701237717e-05
5.517142434429768064e-06
2.914192827271756448e-06
1.465394576041516047e-06
-3.827022486321529887e-06
-1.983579327158484548e-07
3.944712196334573238e-06
-1.725318232780880401e-06
1.439587854789287256e-05
1.441052750679388752e-05
-1.857200735970713395e-05
-6.323720480206752143e-06
1.833419944533314414e-05
-3.157498808716823404e-06
-6.351333029272826698e-06
-7.371232159362687776e-06
9.647126207731874815e-06
3.600387708685211709e-06
-1.051234821241778979e-05
1.916609016112403904e-06
-1.070352793485138584e-05
-2.205551452275776155e-05
1.965221664969590894e-05
1.289977165915001836e-05
-2.222784261669766084e-05
-3.190422434209142432e-07
4.311691516517719962e-05
-1.148702413800960220e-04
4.575267750325654522e-05
1.132092731828225206e-04
-1.086375150900210343e-04
-5.182733861245491938e-05
-1.658924567507721225e-05
2.224572261850389480e-05
-5.109414298531856789e-06
-2.837367003989927050e-05
2.467400888334534776e-05
1.639287449539755546e-05
-2.188768363379227811e-04
6.617656310693888341e-05
1.741949520094295608e-04
-1.512958166040086368e-04
-9.625713890126409039e-05
2.093924472930935453e-04
2.570627314268940777e-06
2.779543104031013162e-06
-2.648660467297095114e-06
-3.375158768679242318e-06
2.896949772372654981e-06
3.712831067020310990e-06
7.154933552017523040e-06
9.963524240653013519e-06
-6.599389818630487271e-06
-1.050047135596840265e-05
6.652481159896878499e-06
1.026260080621126057e-05
-3.353537300690806559e-06
-7.045474915891973431e-06
3.515286832362497619e-06
7.572536490568409867e-06
-4.136345856683000789e-06
-7.687251885247156511e-06
1.635470936871022482e-06
1.289453802059744476e-05
-2.619773091759122576e-06
-1.324563122493003841e-05
4.347229877837845526e-06
1.306620841226164759e-05
-5.011905788645257482e-07
1.242127499979937424e-05
-7.297392591169551135e-07
-1.191621424766311420e-05
2.375367324129835541e-06
1.099131937877104637e-05
3.890485239393186539e-06
-1.958558705295455042e-05
-9.458603383394717826e-07
2.035295854968457719e-05
-3.013617745979220626e-06
-2.025005050895244951e-05
4.004520544021779264e-06
-9.993160844649825189e-06
-1.983287781386170544e-06
9.735593386801823359e-06
-1.404928602502208461e-07
-8.966789417245461997e-06
-1.516907728133545493e-05
2.650659246403172585e-05
8.787400458640542937e-06
-2.955779514366021305e-05
-8.004377547119171548e-07
3.071537671506432813e-05
-1.516907728133587844e-05
2.650659246403157338e-05
8.787400458640683544e-06
-2.955779514366014868e-05
-8.004377547121407715e-07
3.071537671506436879e-05
-4.658199152947314901e-06
4.819138418428087458e-06
2.740198024780277505e-06
-4.632860573627851481e-06
-1.181344557407347649e-06
3.831883334737235880e-06
-2.188768363379226998e-04
6.617656310693972367e-05
1.741949520094290187e-04
-1.512958166040091518e-04
-9.625713890126360250e-05
2.093924472930940061e-04
-1.527888626196983568e-04
1.719748820904140889e-05
1.279176267932165744e-04
-8.276052001333129187e-05
-7.647653668433522858e-05
1.283603055070816257e-04
-1.261239604492941176e-06
-2.772899528748269054e-06
1.733780534619400184e-07
2.874403634486295813e-06
2.220864045854380222e-09
-4.426391981223649850e-06
4.098115825426871812e-05
8.266900642463608233e-06
-3.991606158340759206e-05
1.427172115090093044e-05
2.737849474951796659e-05
-3.249928292683293743e-05
4.098115825426850128e-05
8.266900642463757311e-06
-3.991606158340736167e-05
1.427172115090070005e-05
