-2.651518461725674357e-04
-6.005940461739360699e-04
-5.730890118361380145e-04
-3.300837806923957165e-04
-6.558549072643727728e-04
6.851775014991815676e-05
-2.651518461725651046e-04
-6.005940461739367204e-04
-5.730890118361363882e-04
-3.300837806923972344e-04
-6.558549072643725560e-04
6.851775014991559533e-05
1.668271038885349618e-05
5.820816222202693805e-05
5.171845738588712164e-05
3.688260044276751816e-05
6.578176769620079829e-05
-2.674371586930211815e-06
1.668271038885325901e-05
5.820816222202735140e-05
5.171845738588719618e-05
3.688260044276778921e-05
6.578176769620108289e-05
-2.674371586929947541e-06
1.955111855760292670e-05
1.941282239884881394e-04
1.442204379399621519e-04
1.357417041345524637e-04
1.986091627139653030e-04
1.160789166318884028e-05
1.955111855760215421e-05
1.941282239884879767e-04
1.442204379399615827e-04
1.357417041345526534e-04
1.986091627139650320e-04
1.160789166318947386e-05
-5.856394134851600599e-04
8.999559677446111435e-04
-2.790842460024238079e-04
1.046700411154119666e-03
5.712851186006846283e-05
1.080200489273967822e-03
-1.880991582060578219e-04
2.073085709830466930e-04
-1.040631720834586172e-04
2.613557336324565496e-04
-8.478031544996194653e-06
2.797044226370089173e-04
6.172842660608399796e-05
6.045451452309316573e-05
5.968994266996684292e-05
6.376136788049024604e-05
6.017431482755448524e-05
6.312488560993925193e-05
-2.528415124460697773e-05
-3.414000824081844337e-05
-2.545100654543380227e-05
-3.450347871000262594e-05
-2.691112996957335609e-05
-3.329512441199432315e-05
-2.528415124460707937e-05
-3.414000824081916843e-05
-2.545100654543363964e-05
-3.450347871000263272e-05
-2.691112996957302744e-05
-3.329512441199458065e-05
-4.705106152335885683e-05
-9.056139818499353848e-05
-5.099703394839250460e-05
-8.933024205378500197e-05
-5.769371495158033119e-05
-8.469910721700255258e-05
2.769275962912164091e-05
8.335158330636319439e-05
3.464975797373756725e-05
8.152029837009908684e-05
4.364070343154406099e-05
7.686697547764675725e-05
1.997946092576383093e-05
1.219405001742500958e-04
3.493848159160696260e-05
1.192751200708628515e-04
5.203484928032204985e-05
1.121568327404646938e-04
-5.856394134851579999e-04
8.999559677446132035e-04
-2.790842460024212058e-04
1.046700411154120967e-03
5.712851186007139018e-05
1.080200489273968473e-03
-5.856394134851581083e-04
8.999559677446127698e-04
-2.790842460024215311e-04
1.046700411154120533e-03
5.712851186007088873e-05
1.080200489273968039e-03
-1.880991582060573882e-04
2.073085709830470996e-04
-1.040631720834580615e-04
2.613557336324566580e-04
-8.478031544995628835e-06
2.797044226370088088e-04
1.895085529796898050e-04
-1.527314773614903685e-04
1.169621717014121445e-04
-2.175797061775913905e-04
2.716576679728947410e-05
-2.465928172025384541e-04
1.201852700283456262e-05
8.511634959249086377e-06
1.133803442721489921e-05
9.578674235205964643e-06
1.106610940611837650e-05
9.856625972824380300e-06
6.172842660608402507e-05
6.045451452309330125e-05
5.968994266996678871e-05
6.376136788049017827e-05
6.017431482755436327e-05
6.312488560993923838e-05
-2.528415124460706582e-05
-3.414000824081899225e-05
-2.545100654543384292e-05
-3.450347871000265305e-05
-2.691112996957293935e-05
-3.329512441199453321e-05
-4.705106152335794881e-05
-9.056139818499379598e-05
-5.099703394839158303e-05
-8.933024205378498842e-05
-5.769371495157978231e-05
-8.469910721700256613e-05
-5.856394134851572409e-04
8.999559677446136371e-04
-2.790842460024201216e-04
1.046700411154121184e-03
5.712851186006939795e-05
1.080200489273968473e-03
-5.856394134851573494e-04
8.999559677446132035e-04
-2.790842460024204469e-04
1.046700411154120967e-03
5.712851186006903204e-05
1.080200489273968039e-03
-5.856394134851573494e-04
8.999559677446128782e-04
-2.790842460024207179e-04
1.046700411154120533e-03
5.712851186006865257e-05
1.080200489273967822e-03
-1.880991582060570900e-04
2.073085709830473436e-04
-1.040631720834577227e-04
2.613557336324568749e-04
-8.478031544995293410e-06
2.797044226370087546e-04
-1.880991582060575508e-04
2.073085709830460696e-04
