1.249277952283637009e-04
1.661328064633618175e-04
-1.496598842719411911e-04
-1.427267646195584530e-04
1.680877224417883366e-04
1.148865696590473074e-04
4.265473820828245474e-05
7.364659010003382525e-05
-5.401797049309565096e-05
-6.199342488933731060e-05
6.160006975429022753e-05
4.865805870196613346e-05
1.061209358697555731e-05
2.288784064002989994e-05
-1.322966354566156232e-05
-1.791522248498907767e-05
1.407978237814048263e-05
1.291035782916576975e-05
-1.846512568381549423e-05
-4.452572059012299677e-05
2.914078080678497994e-05
4.050632496891998658e-05
-3.805571720599760171e-05
-3.399402532263304222e-05
4.735084101202976642e-06
-1.102804471675494365e-05
2.223590452141809270e-07
1.192584214764753966e-05
-4.557847631431005406e-06
-1.072934453822753286e-05
-6.583958206600438144e-06
1.197844521897184058e-05
6.569105540048259391e-07
-1.467028647413916309e-05
5.554335730131014960e-06
1.448131058470406566e-05
-1.574206376031808571e-06
-3.003531790187941825e-08
1.921561326936051082e-06
1.309447132218917771e-06
-1.257249009761138529e-06
-2.812589152635983262e-06
-5.151321701223392204e-06
8.203665491041320154e-07
5.854559951122466475e-06
3.219698307319422224e-06
-3.669022695463758794e-06
-6.962990317057358107e-06
4.076617186546661030e-06
7.998661743525123152e-07
-3.803769840722395201e-06
-3.633268246958104608e-06
1.822916822797978497e-06
6.018467931149875583e-06
6.821944993707683229e-06
1.367913564125285632e-06
-5.746600094596644804e-06
-5.514332623214097899e-06
2.580146946801872027e-06
8.322009230305363773e-06
-7.461349053606595861e-06
-3.892564088592147997e-06
5.391069941188501310e-06
8.111834871863723691e-06
-1.456246162890273431e-06
-1.081245741446125362e-05
-6.906893459827861187e-06
-4.059326276529973544e-06
4.505573558247607755e-06
7.206572358091772269e-06
-1.108462061087811032e-06
-8.688149022058189508e-06
1.060438752219948209e-05
1.075387204670464850e-05
-5.680445293435780391e-06
-1.552320965086077939e-05
-6.275621951094547729e-07
1.770656003582627978e-05
5.159869165841657030e-06
5.784760604744522373e-06
-2.501164568463199211e-06
-7.233226222144519159e-06
-1.881394351447244244e-07
7.366044257703004522e-06
-1.167194611587084442e-05
-2.360200232318795279e-05
3.065485174704845258e-06
2.761328598909545073e-05
5.955189090701877108e-06
-2.825546940612285124e-05
-1.167194611587097656e-05
-2.360200232318765802e-05
3.065485174704758861e-06
2.761328598909581326e-05
5.955189090701880496e-06
-2.825546940612242772e-05
-2.299323784730389774e-06
-4.048793053513520703e-06
9.092549373249765065e-07
3.693055051844551939e-06
-5.628270046985523622e-08
-2.834880932030657117e-06
7.490635217561541581e-05
-2.451842764268552174e-04
-1.145696542246762170e-04
2.328858212941916760e-04
1.500432468621040955e-04
-2.123055127865760942e-04
8.690123462867175696e-05
-2.393414622856600673e-04
-1.217449868256167923e-04
2.252830822547378833e-04
1.525812481604121905e-04
-2.040759517366081029e-04
7.744945695792261522e-05
-1.593669556286287791e-04
-9.498352599735345641e-05
1.474752170582457466e-04
1.100785010140482541e-04
-1.318930773246578046e-04
7.744945695792299469e-05
-1.593669556286283725e-04
-9.498352599735389009e-05
1.474752170582451232e-04
1.100785010140487420e-04
-1.318930773246572625e-04
-1.419146107143377014e-06
1.261310113397304241e-06
3.217012306410107339e-06
-3.057028438623138154e-06
-5.266682582807606566e-06
4.443516649023339611e-06
-3.815617309227885094e-05
3.868810835770591168e-05
3.942149180374628797e-05
-3.700203795113229054e-05
-4.068863867376223346e-05
3.422631699343254132e-05
2.691765857662583737e-05
-1.358915030686897639e-05
-2.609292048274117337e-05
1.462150462794270495e-05
2.533123180426506159e-05
-1.469851107879887036e-05
3.867889651780289821e-06
-3.643450142643963273e-07
-4.523928336785444636e-06
1.021115779512151711e-06
5.070378918222061284e-06
-1.630333362241688551e-06
5.485865243541130899e-07
1.809362545936791299e-06
1.055318372380603693e-06
-3.054696889795521268e-07
3.630938168449919978e-09
-1.079410291997616717e-06
-1.104378911874673552e-06
-2.252024001297059457e-06
