-1.040631720834585359e-04
2.613557336324558449e-04
-8.478031544996296297e-06
2.797044226370083752e-04
1.895085529796896966e-04
-1.527314773614905853e-04
1.169621717014117786e-04
-2.175797061775914989e-04
2.716576679728908785e-05
-2.465928172025385625e-04
4.075655343963952910e-05
2.664428879134162925e-06
3.584086536274441628e-05
-2.090675954700514508e-05
1.979764854762315114e-05
-3.668769904586818430e-05
-7.176878166737650467e-05
-1.575578561091973642e-05
-6.953522154787964197e-05
3.085114921352099453e-05
-4.205084860494476989e-05
6.542420923027826064e-05
6.172842660608700662e-05
6.045451452308994023e-05
5.968994266997004809e-05
6.376136788048786079e-05
6.017431482755767008e-05
6.312488560993647366e-05
-4.008725616770103730e-06
-7.024661167804821006e-05
-1.465667259646328288e-05
-6.964021926225555923e-05
-2.646860052334895177e-05
-6.616696805235595794e-05
-5.856394134851566988e-04
8.999559677446140708e-04
-2.790842460024195795e-04
1.046700411154121400e-03
5.712851186006988585e-05
1.080200489273968473e-03
-1.675447040908439918e-05
1.752537207022512660e-05
-2.371732391523669102e-05
8.651252276570785610e-06
-2.580100528780368199e-05
2.019364353140368883e-07
-2.351152764724010518e-05
1.773036688388651309e-05
-2.999219595812062736e-05
7.051525957309932093e-06
-3.150551237594828710e-05
-2.363416514077136833e-06
3.110632684447926669e-05
-1.663258199596989319e-05
3.621262028026130906e-05
-4.217741677702760964e-06
3.659437611755067424e-05
5.744103494551237984e-06
2.335416136940392365e-05
-8.009001823627483958e-06
2.562270848729830837e-05
5.547832725703551998e-08
2.536625269662757693e-05
6.152949166975138040e-06
1.201852700283436611e-05
8.511634959249165998e-06
1.133803442721485855e-05
9.578674235205835894e-06
1.106610940611846798e-05
9.856625972824520907e-06
6.312013254662872115e-05
5.560504484865689992e-05
6.050269128096535649e-05
5.978452594321979798e-05
6.028001584009809867e-05
5.988179101803115141e-05
6.172842660608716925e-05
6.045451452308987246e-05
5.968994266996994645e-05
6.376136788048786079e-05
6.017431482755779883e-05
6.312488560993636524e-05
-2.528415124460699467e-05
-3.414000824081955468e-05
-2.545100654543354477e-05
-3.450347871000284278e-05
-2.691112996957346451e-05
-3.329512441199471617e-05
-4.705106152335815210e-05
-9.056139818499366046e-05
-5.099703394839158303e-05
-8.933024205378506974e-05
-5.769371495157986363e-05
-8.469910721700252547e-05
-4.705106152335786072e-05
-9.056139818499403993e-05
-5.099703394839059370e-05
-8.933024205378469027e-05
-5.769371495157895561e-05
-8.469910721700281008e-05
2.769275962912127160e-05
8.335158330636358742e-05
3.464975797373697093e-05
8.152029837009941210e-05
4.364070343154374251e-05
7.686697547764717738e-05
1.997946092576443063e-05
1.219405001742498518e-04
3.493848159160715911e-05
1.192751200708627024e-04
5.203484928032236833e-05
1.121568327404646938e-04
-5.856394134851563736e-04
8.999559677446142877e-04
-2.790842460024190374e-04
1.046700411154121400e-03
5.712851186007036018e-05
1.080200489273968690e-03
-5.856394134851565904e-04
8.999559677446140708e-04
-2.790842460024193627e-04
1.046700411154120967e-03
5.712851186006996716e-05
1.080200489273968256e-03
-5.856394134851566988e-04
8.999559677446134203e-04
-2.790842460024196337e-04
1.046700411154120750e-03
5.712851186006969611e-05
1.080200489273967822e-03
-1.880991582060569274e-04
2.073085709830475333e-04
-1.040631720834604739e-04
2.613557336324559533e-04
-8.478031544994985090e-06
2.797044226370088088e-04
-1.880991582060574153e-04
2.073085709830463407e-04
-1.040631720834612464e-04
2.613557336324551401e-04
-8.478031544996116726e-06
2.797044226370083752e-04
1.895085529796895340e-04
-1.527314773614908293e-04
1.169621717014140689e-04
-2.175797061775902250e-04
2.716576679728893538e-05
-2.465928172025385625e-04
4.075655343963974594e-05
2.664428879133980813e-06
3.584086536274438240e-05
-2.090675954700513831e-05
1.979764854762298512e-05
-3.668769904586844857e-05
-7.176878166737634204e-05
-1.575578561091961106e-05
-6.953522154787984526e-05
3.085114921352107584e-05
