2.493802503271595216e-06
-1.081031332995160767e-05
-6.489481003600789556e-06
-1.280310161721300392e-05
-1.602241554017595177e-05
-7.167671689708894690e-06
5.977368130065534040e-06
1.554265890494346455e-06
4.165933641439315922e-06
-4.789140590757093809e-06
-1.976743888317250711e-06
-6.005298139595779304e-06
2.704799643121486126e-06
8.278600168301665704e-07
2.311647154287320540e-06
-2.449167490662888627e-06
-1.073382616547652547e-06
-3.705135160259340698e-06
-4.637719338140875271e-06
-3.015146319180342775e-06
-4.871119229313696132e-06
3.427792877293263901e-06
8.889561612497493432e-07
6.104695080465814034e-06
-9.961066682697021996e-07
-4.623394071258720762e-07
-1.159196688527966125e-06
9.274097987231886565e-07
3.104668087613905197e-07
1.864722782349044031e-06
5.490397220240591725e-07
-1.948773863270499584e-06
-2.811966373143158122e-06
-9.880170743306549837e-07
-1.903627678572231426e-06
3.214637629166000372e-06
-4.964498537524707683e-05
1.778838579363980490e-05
-4.174143560056085633e-05
3.716428094443007207e-05
-2.653807665757570584e-05
5.208752988393911969e-05
1.797405134016311280e-05
-5.167712725164138026e-07
1.673012508203156241e-05
-8.996551734099244321e-06
1.172523330677684557e-05
-1.587307323002903057e-05
-2.655250110557357300e-06
-1.652431721016633216e-06
-2.426725369431007218e-06
3.329584421690945087e-07
-1.196805997184147046e-06
1.279865931380343411e-06
-1.415146782771829011e-06
-7.351502929368631891e-06
-6.564147103220800153e-06
-4.019803909339191513e-06
-7.545668987766270759e-06
1.550897958136305655e-06
3.251589183893684732e-09
2.961855490350870771e-06
2.073752146064241308e-06
1.648436925970046244e-06
2.224867306728884833e-06
-3.334976155012417977e-07
-7.369099450086074013e-07
5.687273567476620457e-06
4.282517742138609594e-06
4.323284084971715393e-06
6.248194341331176613e-06
-1.784541890918073750e-07
-1.258940585603109984e-07
4.723441735559083087e-07
6.920125599899259554e-07
-2.415273807386407266e-08
2.076831083561912929e-08
-7.554093780562141153e-07
4.710507671737778853e-05
3.723384890105104416e-05
5.064631184458087497e-05
3.394169728063360869e-05
5.321362351702994554e-05
3.043623039630622508e-05
1.045421018309082733e-06
6.080639647674019899e-06
2.979565495257089013e-06
7.139685590234300371e-06
4.975072224334230791e-06
7.784827721459798772e-06
-1.265367909647285112e-05
-1.353599449516639678e-05
-1.378877828745606766e-05
-1.074828905371965790e-05
-1.409701788692249063e-05
-8.080503696425737217e-06
-4.628966131530454514e-06
4.640126873500984643e-06
-1.519341717902250422e-06
5.885580872674561043e-06
1.116821522668533439e-06
5.359899449415625659e-06
-2.410688211797190317e-06
1.459342509694136604e-06
-1.418359612144795702e-06
2.737252799679772758e-06
-3.323856248964970593e-08
3.233684516582711028e-06
5.890179550532496251e-06
-2.842116958666600283e-06
3.045276023956897609e-06
-5.423303272951708678e-06
-6.209462887789099448e-08
-5.728150718823483540e-06
1.028178614366476521e-06
-1.935125971383146976e-07
9.574287047194681722e-07
-9.894017227435961476e-07
3.878951485389359899e-07
-1.593682142321134227e-06
1.239338823850120221e-06
3.900282617546190560e-07
1.437820874161323289e-06
-6.836548078468650008e-07
8.412863989999367884e-07
-1.607834892094381734e-06
-4.255530063282178498e-08
5.069134386242611728e-08
-2.720088330492834080e-07
5.390133444439387169e-08
-3.732944066043234626e-07
4.039762147100743628e-07
-6.568920337268521183e-07
-3.481462042452782935e-07
3.962714317663813721e-08
-6.265216561731714918e-07
5.516027379791380238e-07
-2.827317734701467133e-07
1.318250174829682362e-06
6.594009708296551267e-07
2.765682433546477452e-07
1.139340839648959225e-06
-5.766678522636671472e-07
7.790018377222042930e-07
-5.004573781704449334e-07
6.465774688044246963e-06
-7.034820774687592699e-07
5.725091055721295873e-06
-8.398896968753984869e-07
5.093287897009028144e-06
4.927310638986486836e-06
2.164054575950572803e-06
4.875164924052094811e-06
7.951912208397962623e-07
4.356173153813572842e-06
-6.550672304590620119e-08
-2.314359674030436714e-06
-1.014805811963123912e-06
