1.889987005689295913e-04
8.753260308023518000e-05
1.425011054026428006e-05
2.023306686045577143e-05
-7.607226272950716764e-06
2.533977408927139398e-05
-2.544059978817913865e-05
1.141276322707152085e-05
-3.739713031196481981e-05
-7.236748397496190681e-05
3.202480509873108775e-05
-7.794305331022786400e-05
8.074891486254407238e-05
-3.002044589695532548e-05
-3.104716416658965739e-06
-1.125420975746582269e-05
6.732552770888704547e-06
-1.101459127586096513e-05
1.361430610565602432e-05
-3.310312377456159212e-06
2.023038432069551164e-05
1.247513311304775693e-04
-7.565815808573291262e-05
1.052278854363482519e-04
-1.290294228184030796e-04
2.514295667807612820e-05
-4.306094509452700406e-04
4.758501482345257210e-04
-6.222952445919737677e-04
1.827888148391779285e-04
-6.251471026888710206e-04
-1.735538493684981795e-04
-4.306094509452713958e-04
4.758501482345237153e-04
-6.222952445919739846e-04
1.827888148391755433e-04
-6.251471026888697196e-04
-1.735538493685004292e-04
7.074457421143176571e-05
-5.754105910589363135e-05
8.866347287519546374e-05
-1.571803813711363272e-05
8.273591082857316772e-05
2.975158815345655119e-05
1.425011054026449690e-05
2.023306686045584597e-05
-7.607226272950769280e-06
2.533977408927147191e-05
-2.544059978817913865e-05
1.141276322707152085e-05
-4.306094509452711248e-04
4.758501482345237695e-04
-6.222952445919739846e-04
1.827888148391758143e-04
-6.251471026888697196e-04
-1.735538493685001040e-04
-1.690187914085962499e-05
1.191587608070795201e-05
-1.832130303487595661e-05
-1.538957334723350495e-05
8.763763223869548729e-06
-2.541700842376709980e-05
2.423609816437278220e-06
-1.640456453475839721e-06
2.304380766077065828e-06
1.913740293757142780e-06
-8.969816305962657852e-07
2.838842267946766358e-06
2.379818145700777007e-05
-7.457848391909614998e-06
1.684175220877723712e-05
2.253307558492945840e-05
-1.468569157468845905e-05
2.728461863567889647e-05
3.842609048592665459e-05
3.781337612099506564e-05
-8.753215877987910831e-06
5.565172886588701744e-05
-5.043780764593864445e-05
2.886314918233341562e-05
1.425011054026433935e-05
2.023306686045585275e-05
-7.607226272950744716e-06
2.533977408927151934e-05
-2.544059978817890825e-05
1.141276322707168179e-05
-3.739713031196493500e-05
-7.236748397496187970e-05
3.202480509873097255e-05
-7.794305331022786400e-05
8.074891486254419436e-05
-3.002044589695534581e-05
-3.104716416658949645e-06
-1.125420975746581931e-05
6.732552770888757910e-06
-1.101459127586094649e-05
1.361430610565588540e-05
-3.310312377456179117e-06
2.023038432069563023e-05
1.247513311304775693e-04
-7.565815808573512168e-05
1.052278854363466798e-04
-1.290294228184030254e-04
2.514295667807625695e-05
-8.141824609227082261e-07
-2.092790007528886570e-05
1.301378467219925022e-05
-1.531682404695178278e-05
1.884242341893558456e-05
-2.772877695444565072e-06
-4.306094509452695527e-04
4.758501482345259921e-04
-6.222952445919735509e-04
1.827888148391785248e-04
-6.251471026888710206e-04
-1.735538493684975019e-04
-4.306094509452708537e-04
4.758501482345239321e-04
-6.222952445919737677e-04
1.827888148391761396e-04
-6.251471026888699364e-04
-1.735538493684997516e-04
7.074457421143179282e-05
-5.754105910589358392e-05
8.866347287519532822e-05
-1.571803813711358189e-05
8.273591082857319483e-05
2.975158815345648003e-05
7.074457421143205032e-05
-5.754105910589359747e-05
8.866347287519572124e-05
-1.571803813711343959e-05
8.273591082857327614e-05
2.975158815345682901e-05
1.806953849970261252e-04
-1.032491259088836341e-04
2.090018049804382100e-04
-1.099295213468421526e-05
1.889987005689297268e-04
8.753260308023473276e-05
-4.306094509452690648e-04
4.758501482345263173e-04
-6.222952445919733341e-04
1.827888148391791211e-04
-6.251471026888712375e-04
-1.735538493684969327e-04
7.074457421143168440e-05
-5.754105910589376010e-05
8.866347287519530111e-05
-1.571803813711364966e-05
8.273591082857316772e-05
2.975158815345636484e-05
-3.739713031196484014e-05
-7.236748397496197457e-05
3.202480509873104709e-05
-7.794305331022816216e-05
8.074891486254426212e-05
-3.002044589695536614e-05
