4.102027241960229473e-06
1.410893395470128045e-06
-2.709521585477551152e-06
1.034387263534456466e-06
1.089903302549874995e-06
-1.191274414908503475e-06
3.184617970074294675e-06
-9.683681485476389747e-07
-3.773372181594699228e-07
2.315252905192519828e-06
-1.509409559205612963e-06
-4.036593394770989710e-07
-6.232540691918230674e-07
2.164371291390307828e-07
-1.261050169649698474e-06
7.502658831940368803e-07
-1.323354137919741276e-07
-3.447483398642325143e-06
2.982872660242881393e-06
-5.440714710908781283e-07
-1.695335666906893282e-06
1.636427790121279792e-06
3.784149333390241025e-07
-1.679498639016509106e-06
7.312104698982724811e-06
-2.203983654172885552e-06
-3.293358657386037750e-06
5.289582553926733518e-06
-9.755053850151260689e-07
-4.494439361863393880e-06
-4.400288567913407045e-06
-3.119598124903702978e-07
2.753634230533048064e-06
-1.901229537946652915e-06
-7.381878887040301579e-07
2.185450441387685058e-06
-4.400288567913444315e-06
-3.119598124911029813e-07
2.753634230533700279e-06
-1.901229537947031539e-06
-7.381878887032737574e-07
2.185450441387532592e-06
-5.624612022773995090e-06
6.135194327275524996e-07
2.577761139235561422e-06
-3.492508247119462957e-06
7.128681679572503813e-07
2.750694718503497862e-06
4.102027241960273519e-06
1.410893395470343191e-06
-2.709521585477679901e-06
1.034387263534394421e-06
1.089903302549678483e-06
-1.191274414908522110e-06
3.184617970074259100e-06
-9.683681485473747005e-07
-3.773372181594800872e-07
2.315252905192747680e-06
-1.509409559205484214e-06
-4.036593394770684779e-07
-1.249723968076004723e-05
-8.123071089735566463e-05
7.720102208451201620e-05
2.163830689320638922e-05
-5.007938110973675209e-05
5.951950849915060707e-05
-1.249723968076014210e-05
-8.123071089735552910e-05
7.720102208451189423e-05
2.163830689320636212e-05
-5.007938110973683341e-05
5.951950849915057997e-05
-1.249723968075992526e-05
-8.123071089735566463e-05
7.720102208451189423e-05
2.163830689320628080e-05
-5.007938110973680630e-05
5.951950849915049865e-05
3.482647130834479058e-07
-4.741043053678135140e-05
4.198339419206292388e-05
1.871008854242916868e-05
-3.269655801888497878e-05
2.964113833990409682e-05
3.787988455552749277e-06
-2.135050548007942834e-05
1.783342214813749853e-05
1.169600395056839262e-05
-1.731530758380146610e-05
1.134258069919408745e-05
3.787988455552857698e-06
-2.135050548007943512e-05
1.783342214813751547e-05
1.169600395056844683e-05
-1.731530758380128991e-05
1.134258069919390618e-05
-2.009255912930428133e-06
3.337697139997033643e-05
-2.833132246851253189e-05
-1.263917348392732965e-05
2.017691551598263652e-05
-2.000387678222733843e-05
-1.325411816977000549e-05
1.369159204738392189e-05
-9.781402638606927587e-06
-1.428235347777255794e-05
1.438073659947580944e-05
-5.406978942642555932e-06
1.240011223559997090e-05
-6.448485085404697274e-06
4.429811873427233788e-06
1.188823321181129434e-05
-1.103601762372794262e-05
2.013787352877553197e-06
4.478191403103547244e-07
5.062531546103088251e-06
-2.093812261509048248e-06
-4.325886555820263308e-06
3.400806940890359835e-06
2.562998674646182293e-06
8.959266196203917795e-07
-7.813016033846020340e-06
1.855973441031353140e-06
6.703863196703538999e-06
-3.949028761844765702e-06
-4.215140959709304247e-06
-4.400288567913269826e-06
-3.119598124908374365e-07
2.753634230533543578e-06
-1.901229537946760489e-06
-7.381878887032466524e-07
2.185450441387777384e-06
-5.624612022774169579e-06
6.135194327274762666e-07
2.577761139235427591e-06
-3.492508247119725537e-06
7.128681679575875005e-07
2.750694718503701150e-06
4.102027241960398880e-06
1.410893395469960332e-06
-2.709521585477805261e-06
1.034387263534276683e-06
1.089903302549881771e-06
-1.191274414908620365e-06
-1.249723968076007434e-05
-8.123071089735550200e-05
7.720102208451197555e-05
2.163830689320625370e-05
-5.007938110973658946e-05
5.951950849915064773e-05
-1.249723968075997947e-05
-8.123071089735555621e-05
7.720102208451192134e-05
2.163830689320614528e-05
-5.007938110973667077e-05
5.951950849915036313e-05
3.787988455552573094e-06
-2.135050548007944528e-05
