3.490847725513443322e-07
-1.699137892443358839e-06
3.834174777418675626e-06
-6.030159462039054149e-06
-4.242999151946052648e-06
-3.454628643400618380e-06
-4.131578589765499791e-06
2.690551499499703328e-06
1.948485501320163510e-06
-4.810217823649035694e-06
-4.950329140250117919e-06
-5.864599064299931539e-07
5.110537605744281460e-07
4.595916287331839359e-06
3.348402764051670982e-06
4.206425412628199802e-06
1.598116045820123206e-06
-3.756060552748208312e-06
-2.876633240591372991e-06
5.688470312355416430e-07
3.348402764051694699e-06
4.206425412628497958e-06
1.598116045819797945e-06
-3.756060552748302333e-06
-2.876633240591418731e-06
5.688470312358059173e-07
6.796271093912824230e-06
2.206311784041188593e-06
-4.323407903017683033e-06
-4.561713597213753815e-06
7.475561182835405784e-07
5.172544305405395176e-06
-5.626821840526049481e-06
-3.189367112886985919e-05
-3.487489002468617869e-05
4.275196619787802340e-06
2.339213818680269444e-06
3.754495021846718879e-05
1.290896863565592858e-06
-7.111561790688456002e-08
-6.912520240281143826e-07
-6.109758727884961844e-07
7.661174495881087839e-08
7.150049474613430415e-07
-7.249435936403064352e-06
1.869805330015628538e-07
-2.696696445969369567e-06
6.104116265384387527e-06
4.135666699804124446e-06
4.343743753968798399e-06
1.748156880940227658e-06
4.107193389936940292e-06
1.493216723397375499e-06
-3.098211929567016359e-06
-2.273687506549324721e-06
4.211208856067698639e-07
-3.367824042882357715e-05
2.098489035647693523e-05
1.025174370990008821e-05
4.212231600941222873e-05
4.648043668927870700e-05
4.201096597866159523e-06
-8.630059460851006035e-06
7.073242611556693752e-06
4.550294461205759973e-06
1.290375866447628154e-05
1.623358256752253109e-05
1.360281597653571864e-07
3.960332823544651678e-06
1.093949537690969919e-06
1.919851214384390631e-06
-4.563098804828317635e-06
-4.908883039247342634e-06
-3.060694171772077634e-06
-1.587862482313582538e-06
-5.805942331863723837e-07
-1.044879189367165641e-06
1.965164658116227067e-06
2.278564259023029695e-06
1.671090421972815496e-06
-5.672553954001270714e-07
-2.578512020333522553e-07
-7.401190790445562428e-07
7.252330508608367148e-07
9.700718507273213486e-07
1.288655266468566959e-06
-2.542245429527531622e-07
1.470469797099608708e-07
1.233758102863180997e-06
9.703579392963455441e-08
-2.933724514666293220e-07
-2.135402114734727988e-06
9.034919964115989822e-05
5.136127956030890130e-05
9.846359056279760749e-05
-4.550660390263013385e-05
2.187447112702466511e-05
-1.097005520773781809e-04
5.615470924185821415e-05
3.534706269159587774e-05
6.525685656488008739e-05
-2.760921441348388150e-05
1.623329139498342472e-05
-7.288070655751661638e-05
-1.157994804378921848e-06
-2.416476230686974246e-06
-1.925648536275217652e-07
-1.049126189273919726e-06
-1.187334047221555862e-07
-2.994867197470231002e-06
-1.674484741335733451e-05
-1.641482426491829878e-05
-2.173889248707272105e-05
5.085223441578643615e-06
-7.191254267315786896e-06
1.952804206145352606e-05
5.615470924185875625e-05
3.534706269159508491e-05
6.525685656487992476e-05
-2.760921441348471498e-05
1.623329139498301475e-05
-7.288070655751677901e-05
-1.297538562233662449e-05
-1.559908954008178107e-05
-2.159704986541808615e-05
3.569458238257708294e-06
-8.805712890961570638e-06
2.150629429740581199e-05
-3.131719310510025615e-06
3.138294169572080555e-06
3.075100327993639973e-06
4.333083381086248100e-06
5.628367380440882362e-06
-2.224523804626249573e-06
1.430133735969070230e-06
-4.145302328167633660e-07
-3.282847062565020079e-07
-1.564180127661570642e-06
-1.573492460991692007e-06
5.411465643049756172e-08
2.430197090561262952e-06
-1.333955166433468319e-06
-1.415993911949101809e-06
-3.385433692156447462e-06
-4.366778777596510930e-06
9.608992964294325444e-07
-7.832560276416514563e-06
-1.166228059634891198e-06
-8.442959721082398723e-06
1.248708220611252185e-06
-7.970727474088528609e-06
4.217280124636752520e-06
1.859949571014782532e-06
-1.176222722268382460e-04
-7.219860636812505217e-05
-9.759374352853268707e-05
-1.187121794013745317e-04
-3.532471449704708774e-05
