-2.785886130361587100e-06
-4.700512241142494630e-06
5.977175586792250543e-06
9.815155021912714273e-07
-4.826635496668799951e-06
3.982989597183986654e-06
-7.382095666139338789e-07
3.408492947519282859e-06
-1.470521901741427714e-06
-2.992578118590262932e-06
2.788825906618265486e-06
1.308456354544166273e-06
8.778832607727442836e-07
2.584322093089288673e-06
-3.950039438806800998e-07
-2.621467593279097235e-06
-4.903724983017169195e-08
2.361975822419273861e-06
2.438214547893724100e-06
5.004688786690987773e-06
-2.729585298702825498e-06
-4.781888884233902035e-06
2.963329367895514976e-06
4.230405221711193813e-06
-3.174438451232410576e-07
-1.396436785867918676e-06
-1.262239028925249955e-06
1.311179500890136553e-06
2.426700435644416718e-06
-3.067532017677776975e-07
6.045419309890806995e-06
1.326562473802633875e-08
-5.237685817470856680e-06
-2.464546688051677301e-06
3.378193675467186250e-06
4.069439308610448413e-06
2.425882554899944093e-06
3.477224527745663076e-06
5.896829421190786463e-07
-3.406960773224809804e-06
-2.076836935079107801e-06
1.392915310865662896e-06
-3.203945870359757438e-06
-4.214298366633085805e-06
-2.598154384607351822e-07
6.343252071701545081e-06
4.569630071846036595e-06
-5.418941653127466723e-06
-1.129202202491768979e-06
-5.689178342991330185e-06
-2.377642752675092860e-06
3.501918555592174239e-06
2.621781154448606509e-06
1.423543384853006059e-07
1.683773324242890386e-06
-4.898303986872838681e-06
-5.275313158074545465e-06
1.236481422654762492e-06
3.926303110035187077e-06
3.623217382690271760e-06
-1.753001428976131230e-07
-6.618970715041974542e-08
1.487022342827352622e-06
-9.864529047779606610e-08
-2.052693700218322604e-06
-2.172467991983641986e-06
-5.435663684817994414e-06
7.239057587167777170e-06
9.083347503068087023e-06
1.047773772254876121e-07
-5.146954546725448238e-06
-6.854509706845938189e-06
2.711884732520829463e-06
-2.691257081853303134e-06
-7.288826848112727778e-06
-6.732211763568294838e-07
6.327019873609104921e-06
8.995311461810042222e-06
3.587696645671316787e-06
1.621927211564691468e-06
-1.556154380847686567e-06
-3.022877924565402394e-06
-6.009427929353863681e-07
2.628630631677521709e-06
-3.683967056538219280e-06
8.802859327921029302e-07
1.751700788520709476e-06
2.717170410334026625e-06
1.325304904629071508e-06
-1.996242706370475438e-06
5.262082021174990111e-06
1.271244363712526542e-06
-9.685048418337216209e-07
-6.566724270077253117e-06
-6.534433127740925192e-06
3.943043761462681597e-06
5.681515287608048338e-06
3.061875677810330196e-07
-1.676470146665810119e-06
-3.769000486783400553e-06
-9.007646585846243998e-07
1.978522575417081175e-06
-9.187425061545144977e-07
6.265078631656624856e-07
1.386200861776104326e-06
1.126240364010125434e-07
-1.140889054883699578e-06
-1.141988281869105337e-06
1.555700733658547999e-06
2.513921707651819645e-06
2.680584835964621398e-06
-1.946341585620571783e-06
-2.317435769584173301e-06
-2.628020900684683922e-06
1.388134017071394862e-06
-1.017006863498314752e-06
-1.843069562364054018e-06
-9.291872092196623360e-07
-2.109009358056164965e-07
2.732448671856222761e-06
-1.843585820293986750e-06
-5.712945570377021033e-06
-5.693519173739852557e-06
2.684803036790209432e-06
3.496962658559805347e-06
5.143086922348948494e-06
-3.005415924102990960e-06
3.822060207874016423e-06
6.668056378797358380e-06
2.116431520957107170e-06
2.890425271274326205e-07
-9.578763397927307722e-06
2.298140065775969458e-06
-7.544351233667436288e-07
-3.295774876593973156e-06
-2.116492277648488235e-06
-8.391440116792770398e-07
5.279139446214920354e-06
-2.023031594279929132e-06
1.247989153897982924e-06
2.720076184668014244e-06
1.823659419856286222e-06
8.614324596620562293e-07
-3.859715919726307367e-06
-5.648938264603392523e-07
-1.151932691311224085e-06
-1.578215958831325630e-06
3.975355239191872475e-07
1.919359402529659129e-07
1.816347120288083652e-06
-2.489195652121705220e-06
1.142138532090975631e-07
1.283050716775674651e-07
2.712882879964916791e-06
3.041634117132241972e-06
-1.812787776789153864e-07
3.511140061450934602e-07
2.930873985234389411e-06
