-2.026122928701910072e-06
-1.098686083652406566e-07
-1.506753266920840650e-06
3.921272593145917568e-07
-3.354644000182037100e-06
-3.115966725145190553e-06
-3.934667232154999755e-06
-1.756695951390504718e-06
-3.818669653004946136e-06
-6.983946995821287875e-07
-3.477738949078073896e-08
1.897030075320213548e-06
-8.502535663066139083e-07
1.800758019260417580e-06
-1.637662720934393472e-06
1.170605721947617224e-06
-7.989147527067467461e-07
-2.718384915277480061e-06
-6.240372442866430199e-07
-2.019362253593626807e-06
-4.473951217648365847e-07
-1.364741310517187482e-06
4.869635841950757031e-07
-1.196411533201340691e-06
5.146913965158706398e-07
-1.070354549119078363e-06
5.702037930689812567e-07
-7.879283097263770171e-07
-3.238712844640046485e-07
3.359421245083874325e-06
-1.001573947561519646e-07
2.628642471123126538e-06
-5.204003073104982206e-08
1.864125612198292340e-06
-5.543803243354390521e-07
2.782818597321021119e-07
-5.858019936646181498e-07
3.902530709802131119e-07
-5.980806871890401481e-07
3.513793381570053864e-07
-3.891617074099769336e-05
-2.452090763454528984e-05
-7.421922290504651435e-06
-4.889798320226889814e-05
3.440456688347470299e-05
-3.952577595030947074e-05
6.235230977677895780e-06
9.682687885469637895e-06
-2.717247225969796504e-06
1.107210136501253611e-05
-9.656265363796966541e-06
5.249930950334267318e-06
-5.370312764499748795e-07
4.034381543415231999e-08
2.242803497515474419e-07
-2.163571353494639794e-07
1.001538678359432690e-06
1.624534079271501935e-07
1.538624470735097131e-07
-6.310698627357416337e-07
-5.076511043477107347e-08
-5.592294154251353200e-07
-9.332578719268651540e-08
-6.404081959885175378e-07
1.019893371721793576e-06
-3.081067104442692582e-07
2.711172848303961113e-07
-8.090977608147719368e-08
-4.179077165603176824e-07
-3.319557460373352435e-07
9.995644848803252051e-07
4.900174092985184595e-08
3.214809947661826962e-07
2.343993639301820953e-07
-3.817861479184722673e-07
1.838688171117040728e-09
-1.373074929416238170e-06
-3.326727023708444525e-07
-9.040845673139722203e-07
-8.560405959420915594e-08
-5.398559604267229440e-07
1.089345447331555905e-07
-1.216887968888843473e-06
-1.188566955714188138e-06
-8.282344897962937981e-07
-9.038643298239239052e-07
-3.245531950538729635e-07
-5.578085726972915493e-07
-5.289170049320399734e-06
7.632331277525760152e-07
-5.590631630483666041e-07
-5.209762827950865227e-06
4.960925493794756882e-06
-6.436184670814195993e-07
8.816038154661442181e-06
-1.838355968697607263e-05
2.128060560758507247e-05
-1.207122048821827990e-06
1.124672129349259570e-05
1.878604695252901217e-05
-1.931631029001077499e-06
-9.724164419079388798e-07
-1.079523174093103314e-06
-2.464987911836661020e-06
1.060967457538690604e-06
-2.897046435058595572e-06
-7.774307527067870771e-07
1.692822615449426044e-07
-8.169226588924092359e-07
-7.045609685157225428e-07
6.960918463440142335e-08
-1.458857638406775910e-06
9.967706175545261723e-07
9.402712307553100290e-07
3.924592558353220343e-07
2.010406573794408772e-06
-1.264800521218565662e-06
2.291918115269668387e-06
7.702234666450372389e-07
1.870726045044100423e-07
5.747733337640094493e-07
1.111502196702383641e-06
-5.640956599210660138e-07
1.686942550601741181e-06
4.370752383107365556e-07
-2.747751735578397419e-07
5.106591844568709363e-07
1.702598363742065875e-07
1.299206219121574104e-07
6.467546256298762912e-07
1.361122777382423851e-08
4.872497425619292699e-07
2.393633098508924330e-07
-2.406453945735501441e-07
9.525290539996598399e-07
-5.136721561698941154e-07
6.392740292890858106e-05
-2.193772446042261125e-05
3.271754322564438385e-05
6.396287962106806345e-05
-6.197611927571582754e-05
4.279053911755728671e-05
-2.086167746488097279e-05
1.974083692407837051e-07
-5.061107653940652366e-06
-2.138668225707160653e-05
2.065410689205922896e-05
-9.537314739694495376e-06
4.685229865668811994e-06
5.510764673951687996e-06
-3.126217163274895150e-06
6.900725843969340793e-06
-7.731148511677325534e-06
-3.028343877509338811e-07
3.770698129646916806e-07
3.756993714744792735e-06
-3.355726073639120599e-06
2.767098284203117089e-06
