-5.843814911769354696e-05
-3.240546784049178926e-05
1.280588102163988273e-05
-3.802913940016609260e-06
4.493952583640329091e-06
1.470368910849879760e-05
-1.621732815758082500e-05
6.113048800946489601e-06
-2.697121155681495347e-05
5.510231654151871353e-06
-7.157299778306436088e-06
-2.930459491659408557e-05
3.075096621742172729e-05
-1.051368451359963396e-05
-1.149939065893503052e-05
-4.879118241926243236e-07
-6.196449423129775513e-07
-1.305247591868364798e-05
1.433370817123178609e-05
-2.631168000851557234e-06
4.437181980490784351e-05
4.989949290820951258e-06
3.109485181701374589e-07
4.769339974147651152e-05
-4.957792463265782326e-05
8.263283862439307128e-06
3.715787513038684399e-06
2.291425677302082085e-06
-1.772855579204731157e-06
5.132107024253870623e-06
-6.489253970184774690e-06
-6.250176193651737042e-07
-1.057164480284480566e-04
-4.114662948958119058e-04
3.330531132675679435e-04
-2.710651158197719258e-04
3.843524314268083634e-04
1.920511796917363659e-04
-1.057164480284466742e-04
-4.114662948958118516e-04
3.330531132675685940e-04
-2.710651158197702995e-04
3.843524314268074961e-04
1.920511796917375585e-04
9.191599795088318864e-06
7.192608442395091880e-05
-5.769671407501299827e-05
3.968921296776447557e-05
-5.843814911769369604e-05
-3.240546784049139624e-05
9.191599795088142681e-06
7.192608442395106787e-05
-5.769671407501328288e-05
3.968921296776438070e-05
-5.843814911769368249e-05
-3.240546784049169439e-05
-8.929735100892648300e-06
1.450315634120062321e-04
-1.305091688581024479e-04
6.349495009080412505e-05
-1.164260174260163045e-04
-8.378159025874715605e-05
3.048381020193231423e-05
7.741858601076014016e-06
-3.406537250326025244e-06
3.388162420243678489e-05
-3.624579076097553531e-05
3.056251550042720608e-06
-5.490322009709760375e-05
-2.077421016564314323e-05
1.071881196100366962e-05
-6.017626954343709811e-05
6.285685921319470208e-05
-2.468447208488442490e-06
-1.057164480284484361e-04
-4.114662948958116347e-04
3.330531132675677267e-04
-2.710651158197722511e-04
3.843524314268084718e-04
1.920511796917359864e-04
-1.057164480284470537e-04
-4.114662948958117432e-04
3.330531132675682146e-04
-2.710651158197706248e-04
3.843524314268076045e-04
1.920511796917370707e-04
9.191599795088325640e-06
7.192608442395087814e-05
-5.769671407501287630e-05
3.968921296776460432e-05
-5.843814911769370959e-05
-3.240546784049130137e-05
-3.736513869302630079e-05
1.879659017799718563e-05
-3.839061475971461412e-05
-1.241685955547100072e-05
-1.552551986767766533e-05
-3.507480699206714765e-05
8.212871273378751676e-07
-5.226041008260339090e-06
7.395661579245760517e-06
3.073788387090614337e-06
-5.909907506292414267e-06
9.116638957016977778e-06
2.112595363905644152e-07
1.109791564884796478e-06
-1.425673877468996811e-06
-1.922067362045196161e-07
5.615772192693551011e-07
-1.558554057072912903e-06
-3.087384163508675170e-06
7.295381844454419050e-06
-8.824784615726343853e-06
-6.046879925608672363e-06
9.010504647895916893e-06
-1.010698822989328384e-05
5.108263902384587259e-06
-3.832073878235662798e-06
3.860147720241332386e-06
5.869979019091133055e-06
-6.276880093742224149e-06
4.163596898185547448e-06
1.988216100278817239e-05
-7.785487227450223186e-06
8.636984229022823224e-06
2.273838541989500593e-05
-2.486715181549911069e-05
1.084916858737063695e-05
-2.697121155681504495e-05
5.510231654151979773e-06
-7.157299778305572114e-06
-2.930459491659392972e-05
3.075096621742183571e-05
-1.051368451360008119e-05
-1.149939065893485942e-05
-4.879118241925447025e-07
-6.196449423127395350e-07
-1.305247591868364121e-05
1.433370817123182844e-05
-2.631168000851494554e-06
4.437181980490774864e-05
4.989949290821218920e-06
3.109485181678132005e-07
4.769339974147613882e-05
-4.957792463265798589e-05
8.263283862439154662e-06
3.715787513038555226e-06
2.291425677302039733e-06
-1.772855579205121216e-06
5.132107024253487764e-06
-6.489253970184554462e-06
-6.250176193650843422e-07
-6.713859310150221667e-05
-3.043054180294153989e-05
1.727545149247112547e-05
-7.517893549344199300e-05
7.979708085313542054e-05
-1.444572310538886847e-07
