-3.592460628131176417e-08
-4.383105035411596352e-06
6.409920194827082373e-06
2.197705393644787779e-05
2.153946722560152235e-05
-8.773363632391791635e-07
2.668919246577931126e-06
-1.975048240382795592e-05
1.143750027644858941e-06
-3.159579165616630578e-05
-2.923723060869384816e-05
-5.858364628665013729e-06
-8.282867649695429079e-06
2.639034768986479022e-05
5.081134792937293986e-06
-2.053354983873582911e-05
-1.802575093642219358e-05
-6.989538197895192828e-06
-7.546774110598851234e-06
1.564499779965729872e-05
-1.434805103554914104e-05
3.880323073158488086e-05
3.560157731461764062e-05
1.650884795296165991e-05
1.667007253586627147e-05
-3.267375496456614088e-05
-1.682208218365211850e-05
3.160215800430035124e-05
2.857945267879698960e-05
1.733212137853847905e-05
1.642176212175378835e-05
-2.600230426126053055e-05
-7.908354238670705860e-06
1.144929561157059196e-05
9.909903048375743627e-06
7.648258236229768504e-06
6.928404195187191415e-06
-8.628656579327161611e-06
2.228860722959158158e-05
-3.259919659593057918e-05
-3.126175202943328509e-05
-2.188581594153435737e-05
-2.024400108858070735e-05
3.024519296323274994e-05
3.381676403941290997e-05
-4.264087832782346185e-05
-4.088867127403660636e-05
-3.234237331282111574e-05
-2.937029636475629854e-05
3.960220935890727682e-05
3.381676403941333010e-05
-4.264087832782304172e-05
-4.088867127403575255e-05
-3.234237331282215251e-05
-2.937029636475657976e-05
3.960220935890727682e-05
3.365412112450576525e-06
-4.322779074974341618e-07
2.450589858232111740e-07
-2.598650747885388666e-06
-1.940904878279538272e-06
-8.793186207112450808e-07
2.805717792046029347e-04
-4.998277569472241362e-05
-1.021895672666826632e-04
-2.674881122613604971e-04
-2.422872494041456847e-04
1.502244188391085953e-04
1.620349778885274243e-04
1.428146501351062916e-06
-3.552874235387024570e-05
-1.598440665225396432e-04
-1.481880751209442939e-04
7.015392555976684031e-05
1.620349778885273972e-04
1.428146501351591465e-06
-3.552874235386964939e-05
-1.598440665225397787e-04
-1.481880751209446463e-04
7.015392555976635242e-05
-7.947065542953826278e-06
3.146503793280479674e-06
5.307499047838425441e-06
8.333577757819261091e-06
8.137384064740056932e-06
-7.761779251455184673e-06
-7.947065542953990602e-06
3.146503793280442404e-06
5.307499047838416971e-06
8.333577757819239068e-06
8.137384064740182292e-06
-7.761779251455492993e-06
-3.427470246641457020e-05
-3.548430418528191745e-06
6.184639483027140009e-06
3.633715586421816009e-05
3.547130739384438721e-05
-1.625497531641698843e-05
-3.560425827991834692e-05
-1.077253749518682492e-05
3.045456317579583712e-07
3.956817724906461253e-05
3.980268031663049348e-05
-1.210936297130491078e-05
-1.371516881295742457e-06
2.218120190210240102e-07
8.634135371012288474e-08
1.699437824119184495e-06
2.593913262796508165e-06
-5.121513274452226322e-07
2.805717792046033684e-04
-4.998277569472309124e-05
-1.021895672666830969e-04
-2.674881122613606598e-04
-2.422872494041456576e-04
1.502244188391091103e-04
2.643565320642518026e-04
-3.110096247584614396e-05
-8.398463142491677529e-05
-2.545304224565786075e-04
-2.321114194289449319e-04
1.328629684411451782e-04
1.620349778885276141e-04
1.428146501350547920e-06
-3.552874235387059806e-05
-1.598440665225395619e-04
-1.481880751209443752e-04
7.015392555976719268e-05
1.620349778885275328e-04
1.428146501351266204e-06
-3.552874235386994754e-05
-1.598440665225398329e-04
-1.481880751209445379e-04
7.015392555976673189e-05
-7.947065542953860159e-06
3.146503793280479674e-06
5.307499047838434759e-06
8.333577757819320383e-06
8.137384064740028132e-06
-7.761779251455296481e-06
-3.427470246641450244e-05
-3.548430418528306942e-06
6.184639483027207772e-06
3.633715586421809910e-05
3.547130739384430590e-05
-1.625497531641714429e-05
6.644832646631407523e-06
-1.476918439082947597e-05
-7.222243673196400253e-06
-1.315960671964576150e-05
-1.360510378171259996e-05
-8.234167288199860603e-07
-2.324703587533416652e-05
3.672439477831955480e-05
1.636895261194188755e-05
3.804121154728486794e-05
3.854220330532271582e-05
4.472288934779805879e-06
