-3.114505802775951292e-06
3.004536759974030111e-06
-5.721576004525973766e-07
-4.178793391016779694e-06
3.553456818492854381e-06
2.060148114127173337e-06
-3.238577363341711669e-06
-7.476219024611036935e-06
8.996189157289969762e-06
8.771971246385916812e-07
-5.608259269891598424e-06
8.155872543511373432e-06
-6.549449404488074349e-07
5.998176374512433409e-07
3.202870902861502787e-07
-4.881769977670316716e-08
-1.003448883844014096e-06
7.993581321319521483e-07
1.354161142690259388e-06
-1.759183885523047839e-06
9.291914986014753483e-07
8.470414989354514088e-07
-9.635847691347736272e-08
3.435089911779627632e-07
7.640973468652724525e-06
-3.895672608145322458e-06
-3.164163789846266342e-06
6.943161790412141203e-06
-1.891294495770244372e-06
-6.357795263906424148e-06
1.963650540038903467e-06
-1.454112139971164215e-07
-1.234271600148336732e-06
7.975958838852606986e-07
5.965572648470862220e-07
-9.325724286862411182e-07
-4.951253087848359510e-06
3.130185210512375777e-06
1.677382411786450252e-06
-5.678211348710730299e-06
2.684715975450162362e-06
5.175812600326092045e-06
-1.090055964494767742e-05
4.875300165869800561e-06
4.656184220571454513e-06
-1.043419725527201603e-05
3.708963277241534055e-06
1.004986303421129032e-05
-6.810643991312321882e-06
5.291993899887739131e-07
4.076788074595688011e-06
-4.307059283454796152e-06
2.357699197784548009e-08
5.036279221956764659e-06
1.515798568781917767e-06
-1.442588328183038710e-06
-2.882393291877039769e-07
2.501410268749062439e-06
-1.726858556571527377e-06
-2.265725132650668128e-06
1.603340918774253117e-05
-1.501121204112408218e-06
-9.543588595987287853e-06
1.207080305419288123e-05
-2.435651457168110437e-06
-1.425372486678959543e-05
1.010545572298113071e-06
6.189079097864310351e-07
-5.869443683148636958e-07
-3.467359471329359531e-07
2.019283611086802490e-07
3.876751026824098788e-07
-1.556302866344042940e-05
-7.632627320112813342e-06
1.676696548977668454e-05
1.329801994280846257e-06
-1.505188393701223318e-05
5.517142434429366570e-06
-1.556302866344082920e-05
-7.632627320111920569e-06
1.676696548977680312e-05
1.329801994279911133e-06
-1.505188393701259571e-05
5.517142434429869708e-06
2.914192827271965665e-06
1.465394576041032815e-06
-3.827022486321349469e-06
-1.983579327163753093e-07
3.944712196333671148e-06
-1.725318232780977386e-06
2.914192827272331584e-06
1.465394576041278666e-06
-3.827022486321365562e-06
-1.983579327162217846e-07
3.944712196334339457e-06
-1.725318232780673302e-06
2.914192827271852163e-06
1.465394576041476872e-06
-3.827022486321830583e-06
-1.983579327162673126e-07
3.944712196334612202e-06
-1.725318232780879978e-06
1.439587854789285562e-05
1.441052750679347417e-05
-1.857200735970698487e-05
-6.323720480206677604e-06
1.833419944533295102e-05
-3.157498808716770888e-06
1.439587854789237959e-05
1.441052750679432459e-05
-1.857200735970735418e-05
-6.323720480206452294e-06
1.833419944533325934e-05
-3.157498808716825098e-06
1.439587854789186459e-05
1.441052750679445673e-05
-1.857200735970713056e-05
-6.323720480205962709e-06
1.833419944533357782e-05
-3.157498808716903025e-06
-6.351333029272946129e-06
-7.371232159362741986e-06
9.647126207731547860e-06
3.600387708685178674e-06
-1.051234821241751535e-05
1.916609016112692743e-06
-6.351333029272907166e-06
-7.371232159362325246e-06
9.647126207731630869e-06
3.600387708684839014e-06
-1.051234821241778979e-05
1.916609016112378493e-06
-1.070352793485144683e-05
-2.205551452275765652e-05
1.965221664969563450e-05
1.289977165914988961e-05
-2.222784261669764389e-05
-3.190422434203077676e-07
4.266652240581046522e-05
-1.428759423147247208e-04
6.348228347520987170e-05
1.349125759092607629e-04
-1.360013834042679299e-04
-5.759854851638060436e-05
4.266652240581041101e-05
-1.428759423147246395e-04
6.348228347520987170e-05
1.349125759092607087e-04
-1.360013834042679841e-04
-5.759854851638076699e-05
2.534298284114699853e-05
-4.296063303747748799e-05
1.126611584340406647e-05
4.708497287711258889e-05
-3.902903841470178713e-05
-2.521600174955205198e-05
2.534298284114707984e-05
-4.296063303747714917e-05
