3.410712283967929109e-06
1.013657723481658536e-05
-7.858943512077609946e-07
-1.245385462748103694e-06
3.857668850473373055e-07
6.523450767552403245e-07
-9.992384880002659293e-07
-1.227357245204870918e-06
-5.558971998703865654e-06
-9.495928461293968515e-07
5.365800496293283932e-06
-2.048140646383768800e-06
-3.322639639914133276e-06
4.485404156763325457e-06
1.327051855509134055e-06
8.129322499297725110e-06
-5.896635378306743468e-06
-3.854457355852224095e-06
5.485076318212022587e-06
-1.388380153983528940e-06
-5.630157460187367244e-06
2.446412009509970409e-06
3.084714647277226857e-06
-5.038067901425823385e-06
2.631131163425619405e-07
5.459824891438741458e-06
7.540572056559420922e-07
1.041863373840771832e-06
-4.106719343050239611e-07
-1.363066146610357474e-06
-1.200828993082584058e-07
1.466797119884043956e-06
-9.313537269857572839e-06
7.169285686409982659e-06
1.008863350737706768e-05
7.634650524045884229e-06
4.928077549185590071e-06
-1.215802118803596469e-05
6.945909022340182590e-06
-2.422030605834188342e-06
-4.855288271297137712e-06
-5.991385199620255254e-06
-4.154446696246672478e-06
6.626987422188840639e-06
-3.104382325329849584e-08
7.176970731841369561e-06
8.379081076493797680e-06
2.917145539512759134e-06
6.747620448261506226e-06
-8.371844084030235979e-06
6.996059266551249960e-06
-3.992097241026295202e-07
3.505759155890214395e-06
-6.324049115571458724e-06
-3.767671613577280683e-06
-6.576328491608213859e-06
-3.367556275492506937e-06
2.701555598037159519e-06
8.137069760740171675e-07
3.965444768261096161e-06
3.593482715545197484e-06
9.912414791529586314e-07
9.568645963175346021e-08
1.552016744297046081e-06
4.076104176130770596e-07
1.776073956980367155e-06
8.838811858791920964e-07
1.756280602643106126e-06
-5.749782504729261113e-06
1.627798155074053637e-06
-4.435242340418556428e-06
3.065857227459381230e-06
-2.887191520943641941e-06
3.847856769559641682e-06
-2.272611781025570146e-06
-1.415267138076273452e-07
-1.636552950152424354e-06
-4.302485254935877781e-07
-9.935239501105483351e-07
-5.596083824390519314e-07
5.256148730806237205e-06
1.147259487963867176e-07
5.307331321209032061e-06
3.467908262384387976e-07
5.200220013290914586e-06
3.311679966030068347e-07
3.131572005419802866e-06
3.936462335524370760e-06
1.342923594679257450e-06
4.696426636117549645e-06
-2.786860744381697882e-07
4.569469169414988027e-06
-1.173552539157430360e-06
-2.012084448196713757e-06
-6.063930118670182488e-07
-2.957297837767788919e-06
2.942162902072297724e-07
-3.610994132636746136e-06
-1.962744338092432865e-06
-5.587727866319309355e-06
-1.068334277927640773e-07
-5.509460330039671875e-06
1.263064998370284166e-06
-4.769754002197369963e-06
1.427807016276611473e-06
-3.519267151206083409e-06
3.736492884614949469e-06
-2.090904773673782540e-06
4.623094578173960521e-06
5.171093275769353659e-07
6.741880351681417008e-07
-2.019379877013108521e-06
1.337836894174341327e-06
-9.366375981310088622e-07
1.032145403884754595e-06
-5.561512254458877359e-08
-3.607275872094433480e-06
4.506959960355409757e-06
-5.942861563907343286e-06
1.774464907754402676e-06
-6.223712089139887845e-06
-1.726038740088122341e-06
-6.809962040926186234e-07
1.148338007343519289e-06
-3.752311679488940098e-07
3.686101683873487927e-07
3.804407500750651234e-07
3.672851600726098027e-07
4.053546593450777039e-05
1.486177420901570282e-05
3.148335310915389236e-05
2.432398927978375719e-05
2.052000594947769982e-05
2.946616752090552561e-05
-3.197659044777052760e-06
4.489082622545823792e-07
-2.382571981710232645e-06
-2.511462055882195939e-06
4.957458565916790675e-07
-3.510967336896582704e-06
1.745566019900216390e-06
8.550094423407448560e-07
7.745990688391149578e-07
2.402873216035745361e-06
-1.457382690383419107e-06
2.775770381668575585e-06
4.296444850263066326e-06
6.601703977872857038e-07
2.249665759022510558e-06
3.706105753671407849e-06
-1.157012709555235539e-06
3.975102185928565002e-06
-1.343250217705258115e-06
7.431769692119543563e-07
-2.022787867690480150e-06
3.878515491438776811e-07
-2.509064706109033383e-06
-3.774569509553581846e-07
