-1.071656527939330955e-06
-1.220555307317375187e-06
-1.641315727271357427e-06
-1.173091047744847810e-06
4.532019635482098277e-06
-7.044951071857079139e-06
7.837747359672007032e-06
-2.051987788737579525e-06
6.976669063719263697e-06
3.140615202825241258e-06
-4.043969600626734499e-06
4.655474842421357967e-06
-6.520332685107627335e-06
1.096402650650090033e-06
-6.181963782692387148e-06
-3.099167231728868190e-06
-7.103921300439043910e-06
7.187978649261923330e-06
-1.020589186847075690e-05
1.129311813072994233e-06
-8.899168903118034700e-06
-5.030844468976624883e-06
-6.759209641124683403e-06
5.279622387458546607e-06
-8.062713473280549135e-06
-8.288310363535675833e-09
-6.052410478674339828e-06
-4.269498896403744787e-06
-2.655250110557357300e-06
1.652431721016633216e-06
-2.426725369431007218e-06
-3.329584421690945087e-07
-1.196805997184147046e-06
-1.279865931380343411e-06
-2.655250110557775734e-06
1.652431721016442210e-06
-2.426725369431377795e-06
-3.329584421694323690e-07
-1.196805997183916441e-06
-1.279865931380651308e-06
8.619810499931014684e-06
-5.106269665360401613e-06
1.037778289406001649e-05
7.966172862300583282e-07
8.492482141292371123e-06
6.350881763275741053e-06
1.212166464188196658e-05
-6.097050569180122593e-06
1.342578328493109015e-05
1.826890431803206560e-06
1.023273036544100455e-05
8.489654518188482387e-06
1.212166464188243244e-05
-6.097050569179621150e-06
1.342578328493155602e-05
1.826890431803396296e-06
1.023273036544070470e-05
8.489654518188433259e-06
4.056614727467440215e-07
3.493515361217871927e-07
-7.384061193862381925e-07
3.607283997864773350e-07
-1.494756827387048797e-06
-6.172706738245582256e-07
4.056614727473416033e-07
3.493515361217480174e-07
-7.384061193857608895e-07
3.607283997866235541e-07
-1.494756827387090090e-06
-6.172706738246943861e-07
-1.843708964937522382e-05
2.558589356031015259e-06
-1.703734631073684834e-05
-6.869590087818078381e-06
-1.147089299455094701e-05
-1.367830810714907764e-05
-1.020301532832562972e-04
-6.331993028225771608e-05
-7.555575796229377708e-05
-9.490669588765598692e-05
-3.982595936923487105e-05
-1.145660362278498628e-04
-9.861364894095815247e-05
-7.062204011408645282e-05
-7.051325436118214890e-05
-9.886333416408964734e-05
-3.475708091301461659e-05
-1.152102292402575035e-04
-9.541815750052506324e-07
-1.077991161942406908e-07
-8.431617907910817846e-07
-4.712410951706325949e-07
-6.301880537915000760e-07
-9.208859693262302645e-07
-1.916673973215433654e-06
-4.872452794428872695e-08
-7.402916702854515755e-07
-1.263101367410559844e-06
3.902302363401109162e-07
-8.578302060612372581e-07
3.462558517156349866e-06
9.585687440259610668e-07
1.377408728449512592e-06
3.996104616162303760e-06
-2.650110158963334431e-06
4.010288703462815155e-06
1.036317199091359574e-05
3.408674984961572517e-06
3.190824262061134745e-06
1.081316023218016457e-05
-6.670945809078937111e-06
9.262851359199515352e-06
1.036317199091372788e-05
3.408674984961146460e-06
3.190824262061990248e-06
1.081316023217956318e-05
-6.670945809078869349e-06
9.262851359200340362e-06
9.465583567172282110e-06
3.570163009745450507e-06
2.534138502555087079e-06
9.770612874127419169e-06
-5.963834304910874988e-06
7.850696473569476641e-06
-3.922378824178627573e-07
-4.185474188498221770e-07
-9.075744316050442100e-08
-1.247234072200427722e-06
1.306860094605032684e-06
-1.455932312264861072e-06
-3.922378824179995531e-07
-4.185474188494448239e-07
-9.075744316086928044e-08
-1.247234072201063843e-06
1.306860094605684052e-06
-1.455932312264377840e-06
-6.401855525319212823e-06
-3.949589904912894061e-06
-9.504738713258231082e-07
-8.222924490928172964e-06
6.022036122566357210e-06
-6.564117029131814646e-06
-1.156652566479095265e-05
-8.612933099266313985e-06
-6.537383764399809557e-07
-1.453531156424918482e-05
1.032737544832964350e-05
-1.007017132766808836e-05
-8.902709580595050739e-06
-7.322511016952367345e-06
-7.595172572038828588e-08
-1.115142909792872553e-05
7.790081720697957621e-06
-7.146330203912756838e-06
9.058908150700335223e-06
1.054954975010955928e-05
-1.727644644304973301e-06
1.468323023616342682e-05
