-8.784942604159770400e-05
-6.860315973220866819e-05
-6.042420862038669200e-06
-5.134901615137001006e-06
-7.074242389189434147e-06
7.434121953436114411e-06
8.513794320222780947e-06
8.963989016022391347e-06
-4.627496465640943419e-06
-1.052969277500410293e-06
-4.396778267564173945e-06
3.175730031491574859e-06
-2.777072702410547902e-07
5.982121331300326813e-06
-4.758623428568974396e-06
-9.446343821741794310e-07
-4.194440290859175439e-06
3.214343048578860795e-06
-8.957038216081204726e-08
5.558328426763574146e-06
2.441676841936904003e-06
1.811800540937287919e-06
3.546999234937334771e-06
-1.136343365923474812e-06
1.230788158861870596e-06
-4.241429983573161554e-06
5.729205954777119194e-06
3.140357414493192908e-06
6.085134297209527772e-06
-2.774147504399044627e-06
1.145982882871894285e-06
-6.555177570533153975e-06
-4.444607715406821358e-06
-4.987624300194788736e-06
-7.560815509004584914e-06
1.136504516848101813e-06
-3.319234467594971303e-06
7.866696331867538693e-06
-8.133213701455929831e-06
-7.438158678580919698e-05
-7.500448814765904267e-05
-2.452724765253643533e-05
-5.484946112510635693e-05
6.108636693049960653e-05
-2.909921645811097083e-08
1.350362065424998096e-06
1.314310204201809008e-06
1.549132754971717190e-06
2.693350680837597998e-06
5.180546925101702042e-07
9.672259050871631655e-07
5.644722474357485523e-07
1.206123060117700084e-06
-1.450967417973888018e-08
9.354355805655078603e-07
-7.260289897759066731e-07
9.672259050880627145e-07
5.644722474355179475e-07
1.206123060117148242e-06
-1.450967417976175007e-08
9.354355805654210394e-07
-7.260289897761993229e-07
3.469119544564711061e-07
-3.146638288376662477e-06
-2.126318493698074088e-06
-3.324628588118232511e-06
-4.461004962397468665e-06
-1.400835020028459225e-06
3.469119544563897909e-07
-3.146638288376461730e-06
-2.126318493698275681e-06
-3.324628588118816116e-06
-4.461004962397552521e-06
-1.400835020027803621e-06
-1.116076615874123366e-06
-6.127526550076144824e-07
-1.135490210178777983e-06
4.292444704735589813e-07
-2.354106954470317443e-07
1.167724302585585976e-06
-1.116076615873998428e-06
-6.127526550072450701e-07
-1.135490210178326726e-06
4.292444704737402464e-07
-2.354106954472485317e-07
1.167724302585561624e-06
-2.217283923969766489e-06
6.065595334561206986e-06
2.653616436923599011e-06
6.738332312243155879e-06
7.123614270346471374e-06
3.404179886257121553e-06
-5.999949441978175358e-05
2.694863079517415146e-05
-1.465893272915395754e-05
6.266422325965006080e-05
3.951046843895608825e-05
4.791829147982318564e-05
-4.475290523717134289e-05
1.868040729611401498e-05
-1.104664692573120130e-05
4.492013762317972198e-05
2.773338868552632406e-05
3.346540979366429921e-05
-1.389467903210344675e-06
1.919039574544441386e-06
-7.240154753235239076e-07
1.423464903460247912e-06
-3.054264284917265700e-07
7.547469629935576262e-07
1.725701704632040409e-07
-1.367353187665499326e-06
-3.399921778723397753e-07
-1.040625617662812920e-06
-6.763718509572778340e-07
-4.294200358011892058e-07
1.200285475740898985e-06
2.018327156223274975e-08
8.206657805627284502e-07
2.736306501992808306e-07
7.864466761683555445e-07
5.920382440844689137e-07
-2.899380024488528893e-08
1.379093165484367045e-06
8.003529638067266114e-07
7.906479503729445609e-07
1.158783799299628608e-06
-2.585868803652670761e-07
2.402643794966019819e-07
1.062137868840972746e-06
4.531758708350263471e-07
8.930509979249004576e-07
6.369786925451794126e-07
5.360569938373818487e-07
-1.658355411676437346e-06
1.296329107762581650e-06
-1.069597679912595462e-06
8.935836792202213565e-07
-7.449825815368290308e-07
4.068095495486362429e-07
1.725701704632557099e-07
-1.367353187665817810e-06
-3.399921778721110764e-07
-1.040625617663148345e-06
-6.763718509566815228e-07
-4.294200358014630092e-07
1.200285475740771930e-06
2.018327156266304248e-08
8.206657805623040867e-07
2.736306501994011092e-07
7.864466761682403480e-07
5.920382440845277825e-07
-2.899380024505384849e-08
1.379093165484546616e-06
8.003529638064411613e-07
7.906479503736586097e-07
1.158783799299599809e-06
-2.585868803652323478e-07
