-1.489190000873209705e-05
1.392408019518036853e-07
1.289215299325019071e-05
9.348758501478420606e-06
-8.291326014841227652e-07
1.915978659977495649e-06
1.173775332599302042e-06
-1.012724890100008898e-06
-9.408266830941473674e-07
5.453441102433040911e-07
-2.138498970382436449e-05
1.019564662891841623e-05
2.446260325939770427e-05
4.030050977309559317e-06
-1.880326285013528276e-05
-1.739393709045368704e-05
-2.138498970382441870e-05
1.019564662891826546e-05
2.446260325939752809e-05
4.030050977309911683e-06
-1.880326285013486941e-05
-1.739393709045358879e-05
-1.780162545831653174e-05
6.577340484277140295e-06
1.976968859125106948e-05
4.775844336628650040e-06
-1.489612379714827081e-05
-1.550512503715480552e-05
-1.020281924809489648e-04
-5.224864220676423359e-05
7.783040459376629151e-05
8.940209969255536739e-05
-3.880062634755707996e-05
-1.148611157537645483e-04
2.641765533125977250e-05
1.747920360004637146e-05
-1.811548153517629473e-05
-2.370116657588797318e-05
8.279802108036664175e-06
2.635334867034877461e-05
2.319831329089351644e-06
-2.275857349101095358e-06
-4.147837945179290849e-06
1.276390548095308980e-06
5.198363835523976551e-06
1.284993005480858396e-06
-4.771951845871894980e-06
-3.109588231273078369e-06
5.100545862728307985e-07
6.630762332297077589e-06
5.552317683875090129e-06
-5.211044960025194354e-06
-4.771951845871646799e-06
-3.109588231273415488e-06
5.100545862726308988e-07
6.630762332297083519e-06
5.552317683875049472e-06
-5.211044960024930927e-06
8.461585750590395295e-06
4.325927085210690392e-06
-1.864468483415568573e-06
-9.917106191607265450e-06
-6.796418259049110240e-06
8.038600159649047299e-06
1.282759025309662096e-05
1.356349448700418638e-04
7.749835326679929963e-05
-1.142168372452705957e-04
-1.331575335406672803e-04
3.798514608398270253e-05
1.282759025309667517e-05
1.356349448700416198e-04
7.749835326679944871e-05
-1.142168372452704195e-04
-1.331575335406673887e-04
3.798514608398262122e-05
-4.384209308178652569e-06
2.099674298818067440e-05
1.784496883740977396e-05
-1.575841254675856899e-05
-2.584157456785094096e-05
1.757409741863465359e-06
-1.137916737966387285e-06
-1.283953310901996223e-06
-9.890051863460580045e-07
7.048816372004690927e-07
3.239822451965978932e-07
7.636756899534645417e-07
-2.138510541429182231e-06
-1.117916389743278159e-06
-5.038725696067570961e-07
1.655330589101273330e-06
9.434614002350057991e-07
-5.228317823999077425e-08
-1.297646545064145001e-06
1.743062787815660638e-08
3.763888296505894215e-07
1.323298221148525007e-06
1.126914126580560150e-06
-8.309069825174004188e-07
5.410355097947418344e-05
-2.898179302947233023e-05
-5.465638237347888128e-05
-2.784344944814514831e-05
7.933367820490381129e-06
6.025264341152770893e-05
3.969727002584274634e-05
-1.651678228347740575e-05
-3.680514004000653885e-05
-2.293108377641732312e-05
2.360175142320132405e-06
4.323297241129767202e-05
-1.267475406908925557e-05
7.311256368262425951e-06
1.247829730300042657e-05
4.703803827921118028e-06
-3.748263937750475548e-06
-1.138911862277235338e-05
-6.582973840564101375e-06
-7.141680793306059104e-06
1.291012899383641867e-06
8.680314499387456486e-06
3.766692899400078697e-06
-6.750778239751858804e-06
-2.585365051139068215e-06
2.881870497556676313e-06
2.797510627022058444e-06
-2.030905359620828106e-06
-2.803813510480178993e-06
8.787333944338277872e-07
3.834174777418475726e-06
-6.030159462039027043e-06
-4.242999151946079753e-06
-3.454628643400401539e-06
-4.131578589765350713e-06
2.690551499499757538e-06
3.348402764051528681e-06
4.206425412628525063e-06
1.598116045819967352e-06
-3.756060552748270145e-06
-2.876633240591376379e-06
5.688470312357178258e-07
3.912008314803717661e-06
2.303167951381209430e-06
3.621583754271127114e-06
-2.067479657888382033e-06
-3.765494175333263771e-07
-3.630109533686382077e-06
-1.240800916507858490e-06
6.503176649368862675e-06
5.492194550534045421e-06
2.297787794291584133e-06
2.691269301410730819e-06
-4.396167236172475062e-06
-1.147999822059277747e-07
1.503247742296057317e-06
1.640560704342850965e-06
2.902704134249493693e-07
