-1.393913933177241143e-04
-1.268400317056460553e-04
-1.884229774756086666e-04
2.222245142173643936e-05
1.810398965208180589e-04
5.801697159810257232e-05
-1.393913933177239788e-04
-1.268400317056460824e-04
-1.884229774756086123e-04
2.222245142173634111e-05
1.810398965208179505e-04
5.801697159810251811e-05
-1.393913933177241143e-04
-1.268400317056453776e-04
-6.617702563113253827e-05
-6.114440081912297134e-07
5.882356963088270798e-05
2.450586953019655366e-05
-4.282728620412198825e-05
-4.292757461967846319e-05
-6.617702563113264669e-05
-6.114440081913703209e-07
5.882356963088245725e-05
2.450586953019689586e-05
-4.282728620412183917e-05
-4.292757461967870714e-05
-1.792307871339544553e-05
4.534081164803100095e-07
1.494882726655986966e-05
5.086186015458721163e-06
-1.051411676235774890e-05
-8.564658258936733225e-06
1.241240943289431207e-05
1.327326493389895289e-05
-9.594385982197680725e-06
-1.570854666745893983e-05
5.584399014600437384e-06
1.747335591798590350e-05
6.506660171331474846e-06
-4.201470213247181763e-06
-4.516764383332997211e-06
-3.687989147286993193e-06
-1.493002676334769346e-06
3.777241561888498080e-06
-6.297126216825894862e-06
4.028032468663163962e-06
4.613128081937965789e-06
3.213951954057345028e-06
7.759973393933651141e-07
-3.660795137557192036e-06
-4.739278550976113144e-06
7.361079546006787960e-07
1.604475927888294543e-06
3.097741271044703330e-06
1.814538851120560485e-06
-1.597077998732772804e-06
6.438790672065794260e-06
-1.725014749274406098e-06
-2.922824445478819090e-06
-3.474167975988052180e-06
-1.279768758510012486e-06
2.134563554344798736e-06
1.955944686052085626e-06
1.198250919858088816e-06
6.001679271611141413e-07
-1.726320702936834343e-06
-1.651217014562953402e-06
-2.442005173594166191e-07
4.815465289266269034e-05
6.657995654778343301e-05
6.214357180939317454e-06
-8.363847328556571481e-05
-5.932101707328055727e-05
6.069853409185489690e-05
3.502418544956050210e-05
5.799614104332346935e-05
8.492010556987107564e-06
-6.568098236233890330e-05
-4.609904410566563286e-05
4.454665328718894295e-05
-1.592879877008728023e-06
4.659032656282057389e-06
4.018782198863193883e-06
2.782804567384515696e-07
-7.851063326761736989e-07
-2.936777591102873965e-06
-6.290164363980596427e-06
8.449392648365962658e-06
7.560228074677757685e-06
3.037229078741943406e-06
5.193058757436191990e-07
-5.827508652468003645e-06
4.244374008492614161e-06
-5.287447709256075566e-06
-5.021751042817642598e-06
-1.820319671232486465e-06
9.637979644187720442e-08
3.831620927481530689e-06
-6.297126216825859287e-06
4.028032468663208008e-06
4.613128081937667633e-06
3.213951954057549163e-06
7.759973393934371119e-07
-3.660795137557014159e-06
-4.739278550976172436e-06
7.361079546010785955e-07
1.604475927888667237e-06
3.097741271044588981e-06
1.814538851120453758e-06
-1.597077998732610173e-06
6.438790672065726497e-06
-1.725014749274665291e-06
-2.922824445478815702e-06
-3.474167975987743013e-06
-1.279768758510076860e-06
2.134563554344758078e-06
1.955944686052539635e-06
1.198250919858065099e-06
6.001679271609828512e-07
-1.726320702936897870e-06
-1.651217014563195654e-06
-2.442005173592014727e-07
-3.638943872708888560e-06
1.172374699173491625e-07
4.343584050838598790e-07
1.297972238798340822e-06
5.357973718207375630e-07
1.217149156818510568e-06
4.335517577335582548e-07
-1.908554624785324869e-06
-1.911952955858090317e-06
6.875243261038383256e-07
1.713476564274779915e-06
1.114061026602560525e-06
4.815465289266285297e-05
6.657995654778332459e-05
6.214357180939087061e-06
-8.363847328556547086e-05
-5.932101707328051661e-05
6.069853409185497822e-05
3.502418544956078671e-05
5.799614104332306277e-05
8.492010556986728093e-06
-6.568098236233868646e-05
-4.609904410566525339e-05
4.454665328718917334e-05
3.502418544956067829e-05
5.799614104332330672e-05
8.492010556986965262e-06
-6.568098236233865935e-05
-4.609904410566526695e-05
4.454665328718892940e-05
2.182901011166173736e-06
-3.542735295478100763e-06
-4.110557296100019524e-06
2.162959762471938618e-06
5.024977740755195407e-06
4.428209919657935696e-07
