-4.171051441871271751e-06
9.337968747313788039e-07
1.465613104666345669e-06
-6.443771493220131864e-06
3.820711505444224972e-06
3.876932932038074683e-06
-4.171051441871141308e-06
9.337968747314973885e-07
1.465613104666660765e-06
-6.443771493220039538e-06
3.820711505444023378e-06
3.876932932037646085e-06
-4.171051441871581765e-06
9.337968747320394896e-07
1.929251560702386760e-06
-4.292686763648363855e-06
1.986089459950546635e-06
3.248104309852609536e-06
-2.989083211336942589e-06
-1.719335958026848394e-07
1.589479076806000235e-06
-8.418343957922422733e-07
-3.763330736001509134e-07
1.536352282617571863e-06
-8.955967530824649306e-07
-1.163604974848225365e-06
4.670946657496467805e-07
2.735809685492262945e-06
-2.437448213987843739e-06
-7.378420325834216371e-07
1.431147207869854960e-06
-1.663798966930024300e-06
4.670946657489572957e-07
2.735809685492040599e-06
-2.437448213987691273e-06
-7.378420325836230192e-07
1.431147207869547487e-06
-1.663798966930104768e-06
-1.077777791794681746e-06
5.257382938743144775e-06
-3.509886821326290221e-06
-2.847030063544061452e-06
3.248427862585391833e-06
-1.479671996513140238e-06
-3.165182561683417889e-06
4.596800236978408800e-06
-1.876729809541515144e-06
-4.084885903894248952e-06
3.469050921899873943e-06
4.760310803730776288e-07
1.936737619541125101e-06
7.271191909890870422e-06
-5.593230791689103305e-06
1.030002861962181558e-06
-1.168949814291460234e-06
-3.956650227807172139e-06
1.292461705090291394e-05
-1.993444957416418096e-06
1.905497185647296718e-06
1.327175469601404520e-05
-1.390999542192920195e-05
1.645151524699189124e-06
8.858725240370090361e-06
-4.832771321191687967e-06
4.231822607978805259e-06
8.804093482512149137e-06
-8.746988320459591021e-06
3.609440596679141698e-06
8.858725240370175064e-06
-4.832771321191654086e-06
4.231822607978744273e-06
8.804093482512067822e-06
-8.746988320459475824e-06
3.609440596679216236e-06
-6.414309189662784565e-06
-2.793528348496787726e-06
3.081639994326004648e-06
-5.791313343223166658e-06
5.057289345789904437e-06
3.206922688280163647e-06
-6.414309189663040369e-06
-2.793528348496913087e-06
3.081639994326096127e-06
-5.791313343223214092e-06
5.057289345789840062e-06
3.206922688280112825e-06
4.033244769095118271e-06
-9.431307470770340903e-06
1.076054763972266845e-06
9.333797969033798354e-06
-5.434027035246090923e-06
-6.362141099688945836e-06
-6.582973840564101375e-06
7.141680793306059104e-06
1.291012899383641867e-06
-8.680314499387456486e-06
3.766692899400078697e-06
6.750778239751858804e-06
6.311727734949559594e-06
-5.899184211135429342e-06
-1.390360946250592852e-06
8.237842944352114202e-06
-4.058257608054193303e-06
-6.760587492756649513e-06
7.640973468652856662e-06
-3.895672608145243684e-06
-3.164163789846041031e-06
6.943161790412165767e-06
-1.891294495770230819e-06
-6.357795263906736703e-06
-1.090055964494765031e-05
4.875300165869824278e-06
4.656184220571734034e-06
-1.043419725527185848e-05
3.708963277241815270e-06
1.004986303421162575e-05
-6.810643991312144005e-06
5.291993899884266296e-07
4.076788074595974308e-06
-4.307059283454719919e-06
2.357699197784548009e-08
5.036279221956764659e-06
1.603340918774264298e-05
-1.501121204112435323e-06
-9.543588595987342063e-06
1.207080305419276773e-05
-2.435651457167937643e-06
-1.425372486678957340e-05
1.603340918774282255e-05
-1.501121204112265917e-06
-9.543588595987433543e-06
1.207080305419252887e-05
-2.435651457167839387e-06
-1.425372486678967844e-05
6.178397847866662265e-05
4.735542620221380359e-05
-7.326770534905001613e-05
2.518640570587071239e-05
1.909813864049388684e-05
-7.414730493726987264e-05
2.804538954160779875e-05
3.691568586144353429e-05
-4.607895676443412631e-05
4.461570692975634330e-06
2.029415545585197317e-05
-4.121334758342166667e-05
2.804538954160745994e-05
3.691568586144373758e-05
-4.607895676443418052e-05
4.461570692975444594e-06
2.029415545585201383e-05
-4.121334758342159890e-05
1.437670714114706980e-05
2.539306965842278027e-05
-2.908880766244979833e-05
-8.015048554350668328e-07
1.558888814353223635e-05
-2.422676266720365050e-05
