-6.713859310150209470e-05
-3.043054180294173640e-05
1.727545149247127455e-05
-7.517893549344180327e-05
7.979708085313590843e-05
-1.444572310536210223e-07
1.501610459911344350e-05
7.727872291375447055e-06
-3.693636912198196976e-06
1.566783424316871791e-05
-1.507789553428245350e-05
5.250077452930713748e-07
-1.057164480284489240e-04
-4.114662948958115263e-04
3.330531132675672388e-04
-2.710651158197724679e-04
3.843524314268086887e-04
1.920511796917354443e-04
-1.057164480284474603e-04
-4.114662948958116889e-04
3.330531132675677809e-04
-2.710651158197708958e-04
3.843524314268076045e-04
1.920511796917365285e-04
9.191599795088329028e-06
7.192608442395091880e-05
-5.769671407501284920e-05
3.968921296776468564e-05
-5.843814911769368249e-05
-3.240546784049131492e-05
9.191599795088349357e-06
7.192608442395108143e-05
-5.769671407501328288e-05
3.968921296776456366e-05
-5.843814911769381801e-05
-3.240546784049157920e-05
-8.929735100892323039e-06
1.450315634120060966e-04
-1.305091688581022581e-04
6.349495009080424702e-05
-1.164260174260164129e-04
-8.378159025874680368e-05
-3.736513869302598230e-05
1.879659017799713820e-05
-3.839061475971458702e-05
-1.241685955547081437e-05
-1.552551986767766533e-05
-3.507480699206714765e-05
-5.529097577777276532e-06
-2.215608353950373731e-05
2.534190112375330742e-05
-2.597075252521464499e-06
-1.773410200986261004e-07
2.796442380838899591e-05
4.688752476739236870e-06
2.710525020417217185e-05
-2.911761985597874597e-05
1.776624878291202194e-06
6.100544773521397875e-07
-3.051070579758138787e-05
-2.058654247668261590e-06
3.217537705140880198e-05
-3.455843524377174550e-05
-4.491677880987303228e-06
6.340357872998288429e-06
-3.665707475557586646e-05
9.729539057611124415e-06
-6.478946842626294011e-05
6.651439209688488833e-05
1.204423049741738545e-05
-1.311943232313924349e-05
6.772710069445373533e-05
-3.065138017792304217e-04
3.319442022008316315e-04
-3.684334587407231843e-04
-2.669861000390415934e-04
2.226634097479543765e-04
-3.952833997014142359e-04
1.102348262756364420e-04
-6.349030857198953773e-05
8.285621123117970421e-05
9.379378374388842041e-05
-7.498495004170817107e-05
9.599579830712661268e-05
-3.065138017792296086e-04
3.319442022008324447e-04
-3.684334587407238348e-04
-2.669861000390407260e-04
2.226634097479535633e-04
-3.952833997014145069e-04
-3.065138017792293917e-04
3.319442022008323905e-04
-3.684334587407236180e-04
-2.669861000390407802e-04
2.226634097479536175e-04
-3.952833997014146153e-04
-3.065138017792294460e-04
3.319442022008320652e-04
-3.684334587407234012e-04
-2.669861000390407260e-04
2.226634097479535091e-04
-3.952833997014143985e-04
-8.280296823670324090e-05
6.097570997082975096e-05
-7.516668854970061874e-05
-7.388824795599656359e-05
6.281812409361740152e-05
-8.647840339627140493e-05
-8.280296823670338997e-05
6.097570997082922919e-05
-7.516668854970010374e-05
-7.388824795599672622e-05
6.281812409361753704e-05
-8.647840339627114743e-05
1.102348262756362929e-04
-6.349030857198976812e-05
8.285621123117978552e-05
9.379378374388817646e-05
-7.498495004170803555e-05
9.599579830712668045e-05
4.987402487924411221e-07
-1.178372786602072902e-06
4.398465062171660550e-07
-4.288895483975371518e-07
1.631783299559798007e-06
1.314777891231448415e-06
-1.503744977215090139e-07
-1.225920247237627316e-06
1.159426718720476066e-06
-8.093909515387880548e-07
1.506242495376397478e-06
2.271409473728947160e-06
3.972575935951763845e-07
7.747064149873034513e-07
-1.114102292183211856e-06
1.881856539934068689e-06
-2.869153392479281214e-06
-3.062246609466082496e-06
6.705966253583931088e-07
8.982404360887333403e-07
-1.419139088503890174e-06
1.105207041871759792e-06
-1.279926228880997568e-06
-2.552079066485137029e-06
-5.653933537426338560e-07
-9.175878221389957643e-07
1.376135861434667881e-06
-5.791068482775073197e-07
4.549356848377856073e-07
2.028566473731148864e-06
-6.875044438000191301e-06
-5.372221114537285847e-06
9.096557476319795362e-06
-6.400136149060936061e-06
4.818049217271112793e-06
1.260156616702254925e-05
3.233938890425927880e-06
2.499113270766389898e-06
