-1.219204086107559875e-05
9.488531987644565781e-06
6.788979536335659694e-06
1.109088787869077003e-05
-2.953550408909948515e-06
1.174293257716074542e-05
-9.351954079501864018e-06
5.811562664134661784e-06
-2.320716352252224742e-05
1.452084162452224765e-04
-1.023519351543321820e-04
1.053457441440324067e-04
-1.425248862948696278e-04
2.730658335258726675e-05
-2.044183013070672482e-05
5.557311289548238250e-05
-4.482204562062932975e-05
3.377124311033116808e-05
-5.232921610436095495e-05
3.611773859853730461e-06
-1.056731801570049651e-05
2.143762579509450096e-05
-1.781994837518446185e-05
1.083409668824831111e-05
-1.762484125277275445e-05
-5.125187937097259967e-07
5.909060389785035306e-06
-4.023274843864992156e-06
7.872558332548047110e-06
-1.574310492360893480e-06
8.590322260895241413e-06
2.032756546025067056e-06
2.651274603253353290e-06
5.174352506057602733e-06
-4.699169613987742520e-06
4.140875789084080491e-06
-5.603839430866854069e-06
-3.336086452582971807e-06
-8.681766640925718648e-07
-4.930042500765968323e-06
5.102231230867065313e-06
-2.721142672178350282e-06
4.910533233174230860e-06
4.249248855695673022e-06
-1.052201223465522268e-06
-6.651624351284591961e-06
6.055328204415104268e-06
-3.207795457142069397e-06
5.178690982102766029e-06
4.382582210145171100e-06
-9.744473700653210990e-07
8.991852778880913264e-06
-9.561206740268171826e-06
2.715807493107266428e-06
-6.931539067080431693e-06
-8.147470133342897040e-06
-1.534192042077319918e-06
1.203131577555093951e-05
-1.239674713618982107e-05
3.361792521880956639e-06
-8.584313571248906893e-06
-1.021115277959636845e-05
-1.108933777266757470e-06
7.071517901877024271e-06
-6.624972288438027364e-06
1.749021954248775610e-06
-4.159269133076686001e-06
-4.828711622074161175e-06
7.219058374448412925e-07
-1.779438024592103277e-07
1.258528173551499470e-06
4.025690486272013468e-07
7.608379376726509489e-07
1.969466908112674202e-06
2.404150327420048416e-05
-1.608705143416744519e-05
3.036466152344421062e-05
1.214361326315204963e-05
8.323570889028526358e-06
3.527632371985238267e-05
1.375387622290581745e-04
-4.438459747871028601e-05
1.199034214732907507e-04
7.930636303444617600e-05
1.279584841909781446e-05
1.407978407435038016e-04
-1.461292563329196083e-06
-7.896854219159725631e-06
7.775151949052120246e-06
-4.220656564885836029e-06
7.231534031659590930e-06
6.162342244149613749e-06
-6.570110254896768316e-07
-2.155451220419697652e-06
1.466978133119846984e-06
-1.160296540230123475e-06
1.249476120371777845e-06
6.039408149602468233e-07
-9.744473700656107843e-07
8.991852778881226666e-06
-9.561206740268281940e-06
2.715807493107465058e-06
-6.931539067080437623e-06
-8.147470133342900428e-06
-1.534192042077214886e-06
1.203131577555074469e-05
-1.239674713618997014e-05
3.361792521881241242e-06
-8.584313571249030560e-06
-1.021115277959652430e-05
-1.108933777266363176e-06
7.071517901877524020e-06
-6.624972288437815606e-06
1.749021954248739187e-06
-4.159269133076433585e-06
-4.828711622073558087e-06
7.219058374448595038e-07
-1.779438024590366860e-07
1.258528173551493541e-06
4.025690486270575630e-07
7.608379376730505367e-07
1.969466908112545029e-06
7.965420058007162217e-06
-1.676409429186185250e-05
1.907434967176769046e-05
-5.277311868584453288e-07
9.755687141723299520e-06
1.665558991695143112e-05
1.471722243771703467e-04
-5.621738729638459987e-05
1.354877768909223338e-04
8.218198541649733438e-05
1.858511094853504324e-05
1.565004308082335786e-04
1.135937505244378267e-04
-3.007078569650335350e-05
9.359987442168611030e-05
6.738747919065788110e-05
7.012008314242687895e-06
1.116623551673679305e-04
7.974235593047919186e-05
-1.655043184466463782e-05
6.172111563572599811e-05
4.831628026889778736e-05
2.569636242994172205e-06
7.443819133596520034e-05
7.848020829891502319e-06
-6.084448770221444293e-07
3.577530346491821864e-06
3.408150007513358989e-06
-4.889645995839495026e-08
2.033836812288588396e-06
-1.896588798420613690e-07
-8.866195291685622230e-07
8.571050367342164926e-07
-1.878671857822994139e-07
2.901563596212728054e-07
7.142582761537385291e-07
