5.203288369527493164e-04
-6.627346741145042361e-04
-1.988609608849987423e-04
-8.170486019547693567e-04
2.232890544239139123e-04
3.831485914626781356e-05
1.612228242565742721e-04
-1.589458253169244656e-04
-3.280381167542158118e-05
-2.215088731171482232e-04
2.232890544239133702e-04
3.831485914626857250e-05
1.612228242565745431e-04
-1.589458253169235983e-04
-3.280381167542063250e-05
-2.215088731171478437e-04
-1.680818595757931045e-04
-5.394605527399909053e-05
-1.408695347532007956e-04
1.135491867601658514e-04
1.495744068068632487e-05
1.828945176759281806e-04
3.098979709418820479e-05
1.112601613584962450e-05
3.226559224160192109e-05
5.578604475653793046e-06
3.172219339423814976e-05
-3.579649983983555329e-06
-3.145971325024600641e-05
-1.730693508452375525e-05
-3.428671089346939295e-05
-1.013708383215500503e-05
-3.498449344668539741e-05
1.121201823604661566e-06
1.583801421807948592e-05
-7.796673763316699566e-05
-2.669981734470255620e-05
-7.388883487105161281e-05
-6.217309613380652496e-05
-4.476438685951719264e-05
-1.185369487708486302e-05
3.219761029670643811e-05
8.096710480502448747e-06
3.351499926495125274e-05
2.626687725094001714e-05
2.200768034814879794e-05
-4.532220634829627612e-05
7.954555492513470472e-05
1.012608559759953381e-05
8.988043685204428492e-05
6.225562547032022350e-05
6.263512345761065663e-05
4.425440199225885051e-05
-5.580413825252193510e-05
-1.309746025510407567e-07
-7.142905444450388776e-05
-4.607990954802632940e-05
-5.383936607664055604e-05
8.029209637406570655e-05
-7.258092059396610248e-05
1.311657354694168833e-05
-1.062431566224616015e-04
-6.061703618423270619e-05
-8.536712180117386728e-05
8.357180210251768764e-04
1.263433381479457402e-06
5.203288369527477985e-04
-6.627346741145059708e-04
-1.988609608850010462e-04
-8.170486019547696819e-04
8.357180210251765511e-04
1.263433381479592927e-06
5.203288369527477985e-04
-6.627346741145058624e-04
-1.988609608850008836e-04
-8.170486019547691398e-04
8.357180210251764427e-04
1.263433381479999503e-06
5.203288369527477985e-04
-6.627346741145054287e-04
-1.988609608850005041e-04
-8.170486019547690314e-04
6.642044829254452375e-04
3.709551484573449568e-05
4.348523325429873450e-04
-5.099585882925631274e-04
-1.393035488288412512e-04
-6.536444647721566248e-04
2.232890544239139394e-04
3.831485914626744764e-05
1.612228242565740010e-04
-1.589458253169247638e-04
-3.280381167541940600e-05
-2.215088731171487111e-04
2.232890544239135057e-04
3.831485914626823368e-05
1.612228242565742721e-04
-1.589458253169239506e-04
-3.280381167541855897e-05
-2.215088731171484129e-04
-1.680818595757933485e-04
-5.394605527399867718e-05
-1.408695347532005245e-04
1.135491867601660140e-04
1.495744068068666368e-05
1.828945176759282890e-04
-1.683974122452423447e-04
-6.495865847172622499e-05
-1.483351877472347869e-04
1.092553326411640135e-04
9.280528379206564281e-06
1.858445072637723329e-04
-6.017963442942798630e-04
-9.266722105563754159e-04
-1.025202847254492056e-03
-4.381068239024715934e-04
-1.093899555235991472e-03
2.077543647689971968e-04
-2.651518461725622857e-04
-6.005940461739379130e-04
-5.730890118361347619e-04
-3.300837806923995112e-04
-6.558549072643722307e-04
6.851775014991669309e-05
-3.939539727114859302e-05
8.740334851230003633e-06
-3.538431435424440241e-05
1.890394829791320881e-05
-2.707156103522206952e-05
2.857609587254392151e-05
1.015703106870576152e-04
-6.191673919430947801e-06
9.478741075731634289e-05
-3.733709793495067490e-05
7.495463924869061713e-05
-6.744681600955263075e-05
2.465942614767166732e-05
2.501389561430936935e-06
2.357181277087899292e-05
-6.110402191759498004e-06
1.886183840269563825e-05
-1.418890384216300807e-05
-1.438871027387070951e-04
-3.764366206331169735e-05
-1.474775448989070262e-04
2.100135155936995809e-05
-1.243194640408190491e-04
7.953305202584515167e-05
-1.438871027387069595e-04
-3.764366206331229366e-05
-1.474775448989071075e-04
2.100135155936960573e-05
-1.243194640408193743e-04
7.953305202584475865e-05
-6.017963442942819230e-04
-9.266722105563740064e-04
-1.025202847254492924e-03
-4.381068239024698044e-04
