1.799173658938565956e-02 1.954722015789052414e-02 1.000000000000000000e+00
8.023819444852449759e-03 2.419740051941074790e-02 1.000000000000000000e+00
6.599551542283682744e-03 -1.174105531344287467e-01 1.000000000000000000e+00
7.432173874788587306e-03 2.256330394657766192e-01 1.000000000000000222e+00
-1.564316892564033418e-02 -1.236871491621476110e-01 1.000000000000000000e+00
9.332699928071340120e-03 1.764480055567747840e-02 1.000000000000000222e+00
-6.587900122645306937e-03 1.269903110762797271e-01 1.000000000000000222e+00
-1.118890128972779147e-02 -4.565746712947824082e-02 1.000000000000000000e+00
-1.265345418430668077e-02 -4.586984461849211159e-02 1.000000000000000000e+00
2.750244978730347414e-02 -1.474042582841222082e-01 9.999999999999998890e-01
3.446327883312768313e-03 1.714072507030161840e-01 1.000000000000000000e+00
2.648811310551985043e-02 1.315041168555092788e-01 1.000000000000000000e+00
-1.392426292220343186e-03 -9.769473334426177769e-02 1.000000000000000222e+00
1.014089605388057745e-03 5.276843347563284908e-02 1.000000000000000000e+00
-2.373649415295190496e-02 1.009141099727570295e-01 1.000000000000000222e+00
5.526560135402031754e-02 2.677558440305881360e-02 1.000000000000000000e+00
-8.194097880338237216e-03 -1.042064984772781977e-01 9.999999999999998890e-01
4.511050898494939863e-03 -2.025292884419718428e-02 1.000000000000000222e+00
1.473450090508818082e-02 1.733884464852023521e-01 9.999999999999998890e-01
-7.659924425934973302e-03 1.529320367518744450e-01 1.000000000000000000e+00
-3.257636692688566094e-02 -4.903199205524165841e-03 1.000000000000000000e+00
9.442366605701113177e-03 -9.577931086133976979e-02 9.999999999999998890e-01
-5.150333440682234448e-02 -1.242538580130439635e-01 1.000000000000000000e+00
5.020576288309926138e-02 9.329245598363533620e-02 9.999999999999998890e-01
-3.673107691237657152e-02 -8.968579640828460570e-03 9.999999999999997780e-01
5.955828877796334568e-03 9.075867803819175073e-02 1.000000000000000222e+00
-3.470774762764946425e-02 1.013946797450022835e-01 1.000000000000000000e+00
3.825278199393111062e-02 -6.310178974703149757e-02 9.999999999999998890e-01
1.972357973999683614e-02 1.474417526294482528e-01 1.000000000000000000e+00
-5.217287641321338015e-02 1.245589928311314869e-02 1.000000000000000000e+00
1.765970256335591682e-02 4.620457120384119896e-03 1.000000000000000000e+00
-6.982607120180540916e-02 -1.455150711228622440e-01 1.000000000000000222e+00
-3.859685289050008796e-05 -3.243175698048707950e-02 1.000000000000000000e+00
5.776635448569324843e-02 -1.716216524658032427e-01 1.000000000000000000e+00
-6.648872991927121286e-03 -7.361586309827765351e-02 1.000000000000000000e+00
-1.112033820013816343e-02 9.875928740056590105e-02 1.000000000000000000e+00
-3.200665022020775501e-03 -4.929294410202344351e-02 1.000000000000000000e+00
-1.271251676120074316e-02 -1.095904089135969900e-01 9.999999999999998890e-01
-3.269445297211003021e-02 -1.576618714435202087e-02 1.000000000000000000e+00
-1.850336105734481235e-02 -8.940135917609587368e-02 1.000000000000000000e+00
1.474251909603921905e-02 1.343657977493204793e-02 1.000000000000000000e+00
-1.662723101343428073e-03 -1.900523893267067610e-01 1.000000000000000222e+00
-1.315976571136568199e-02 3.141560743549400708e-02 1.000000000000000222e+00
1.113473251295492988e-02 -3.092628273150548404e-02 1.000000000000000000e+00
-1.589291900061655383e-02 -1.189569369742597277e-01 9.999999999999997780e-01
2.908702831908877712e-03 -2.285538564303727094e-01 1.000000000000000000e+00
3.958152498520366158e-02 1.334177113441192830e-01 9.999999999999998890e-01
-3.067572560788285781e-03 -1.296856929734765407e-01 1.000000000000000000e+00
-1.361427487584521666e-02 -1.003950634851381446e-01 1.000000000000000000e+00
-3.796540281241210513e-02 1.268228328523029191e-01 9.999999999999998890e-01
1.180683322729943717e-02 -4.681605520232268169e-02 9.999999999999997780e-01
-1.191891370713992968e-02 -9.957283339160855062e-02 1.000000000000000000e+00
2.376801816879387311e-02 -1.603667392824018045e-01 1.000000000000000000e+00
5.074019579180568014e-03 5.372122662098810508e-02 1.000000000000000222e+00
-1.123446332804341977e-03 1.561933825246415893e-02 1.000000000000000000e+00
-1.027231772594610314e-02 -1.884903361359319407e-01 1.000000000000000000e+00
1.741776817004592193e-02 1.233535641604904393e-01 1.000000000000000222e+00
4.356196971415440822e-03 2.813959582012383678e-02 9.999999999999998890e-01
2.159379965535003845e-02 1.080061769301064872e-01 1.000000000000000000e+00
-2.708533017404807577e-03 -1.658192384446533774e-01 1.000000000000000222e+00
-5.190490721247099926e-02 -4.491216025014545948e-02 1.000000000000000000e+00
-4.129237308977193321e-02 -2.511077486966927785e-01 1.000000000000000000e+00
-3.213008320471796159e-02 9.427744801965243227e-02 1.000000000000000000e+00
1.235464203852312988e-02 1.380813528117501854e-01 1.000000000000000000e+00
-4.985556371059187211e-03 -1.855581991184740431e-01 1.000000000000000000e+00
1.515357162624102194e-02 -7.049560165996977823e-02 1.000000000000000000e+00
-1.047717099670678574e-02 -1.885334598228273484e-01 9.999999999999998890e-01
2.273946469610425153e-02 -7.716606205201684276e-02 9.999999999999998890e-01
2.617373529490565551e-02 -1.159803972622207302e-01 9.999999999999998890e-01
8.461508760874466694e-04 6.662094631544282497e-02 1.000000000000000222e+00
3.251924115043392655e-02 1.105338190812593241e-01 1.000000000000000222e+00
2.710656475173800484e-02 -1.774468083725751211e-01 1.000000000000000000e+00
-1.352172114996685534e-02 -4.390451706826437039e-02 1.000000000000000222e+00
-7.792672553362136982e-03 -1.525658845593490243e-01 1.000000000000000222e+00
1.481159425456475727e-02 -5.947770510110161890e-02 1.000000000000000000e+00
-3.919631261994217797e-03 -1.311231623781821953e-01 1.000000000000000000e+00
-2.166558437697688883e-02 -1.812553178040571256e-02 1.000000000000000000e+00
-7.279970043647165066e-03 -3.690453450080286718e-02 1.000000000000000000e+00
2.058031926624775618e-02 2.216245268537390956e-01 9.999999999999997780e-01
1.756582920320919755e-02 -5.082129023247899946e-02 1.000000000000000000e+00
1.389331442561844016e-02 1.543095787911025474e-01 1.000000000000000000e+00
2.653160472375118428e-02 -1.497431512875716519e-01 1.000000000000000000e+00
-2.540140667166516236e-03 2.453068771453170704e-01 1.000000000000000222e+00
7.602140212322971123e-04 -6.840458171003828414e-02 9.999999999999997780e-01
-3.262099015423879089e-02 -4.700268086425672676e-02 1.000000000000000000e+00
6.173464729594891481e-03 -6.019665651696746306e-02 1.000000000000000222e+00
-4.701884095414031461e-02 2.092479806435007875e-02 1.000000000000000222e+00
-4.468316756200443884e-02 2.518066118756584482e-01 9.999999999999998890e-01
-5.682203718906258562e-03 -3.400375221413089177e-02 1.000000000000000000e+00
5.419012023623934887e-02 -7.136132704559566831e-02 1.000000000000000000e+00
-1.249411366892203489e-04 -9.925893308685890259e-02 1.000000000000000000e+00
-2.831716806845051976e-02 1.753325857526956411e-01 1.000000000000000000e+00
4.159221448497645024e-02 2.354450218789352900e-01 1.000000000000000000e+00
4.333225761681414046e-02 -6.780330254283307989e-02 9.999999999999998890e-01
3.805158841445107926e-03 -2.101709835044582031e-01 1.000000000000000000e+00
-5.944568250485274957e-02 -3.356718448430650037e-01 1.000000000000000222e+00
6.165206186720669640e-02 4.541033624818732739e-02 9.999999999999997780e-01
9.539413008125481250e-03 -8.795280472521774251e-02 1.000000000000000000e+00
-8.258912696824162805e-03 4.922089248324321847e-02 9.999999999999997780e-01
-1.039494671966286268e-02 -2.429986170905878290e-02 1.000000000000000000e+00
4.849537022549282872e-02 4.109683230153226424e-02 1.000000000000000000e+00
8.582601544939815960e-03 -4.613499376567963689e-02 1.000000000000000000e+00
-1.675466952757826908e-02 -6.205758377406311865e-02 1.000000000000000000e+00
2.261068585602402786e-02 2.146047881646193645e-01 9.999999999999997780e-01
7.348131440921945590e-03 1.413203558526212877e-01 1.000000000000000000e+00
-1.138072932462643946e-02 -6.558199170195268268e-02 1.000000000000000000e+00
2.332634282058712941e-02 8.112821598699239412e-02 1.000000000000000000e+00
3.938626039476811336e-02 8.306578054365075514e-02 9.999999999999998890e-01
2.331227306793122456e-02 -1.505997548770764694e-01 1.000000000000000000e+00
-1.027109805873847349e-02 4.181085327840117910e-02 9.999999999999998890e-01
1.220134124616519336e-02 -8.888935379388443470e-02 1.000000000000000222e+00
2.973246851465125972e-03 4.481805750861694859e-02 9.999999999999998890e-01
-1.321855517094022367e-02 -2.037072716668728370e-02 1.000000000000000222e+00
-1.382669100502405496e-04 1.249655957362404840e-02 1.000000000000000222e+00
-1.426408644150493205e-02 1.034088781938414803e-01 9.999999999999997780e-01
1.780345728667606653e-02 1.163752483499027185e-01 1.000000000000000000e+00
2.577733811274414422e-02 5.708312105531905545e-02 1.000000000000000000e+00
5.074612974277995653e-02 1.454506277040110429e-01 1.000000000000000000e+00
-7.787108797259895306e-03 2.275060496201946336e-01 1.000000000000000000e+00
8.473047893084506565e-03 -2.147659721753536130e-02 9.999999999999998890e-01
1.509355654884214984e-02 7.651073933112671754e-02 9.999999999999998890e-01
3.251151617651076159e-02 1.208315961269114808e-01 1.000000000000000000e+00
6.348065410110162801e-03 -1.771665757962583576e-01 1.000000000000000000e+00
1.346826437042938918e-02 1.961237616828531427e-01 1.000000000000000000e+00
6.064980685250120733e-03 -1.599932042998836179e-02 9.999999999999998890e-01
-1.246570077772661891e-02 2.000051802583107698e-03 1.000000000000000222e+00
-1.657340233620715336e-02 -7.154516685510944884e-02 1.000000000000000000e+00
-1.942521979131500709e-02 -1.841602278901710854e-01 1.000000000000000000e+00
6.657414450696534647e-02 1.475905188195885120e-01 1.000000000000000000e+00
4.054659721267997452e-02 1.805502316576270416e-01 1.000000000000000000e+00
5.490603735032210594e-03 1.097957686927785309e-01 1.000000000000000222e+00
-1.728161565177318063e-04 -4.376577688959835261e-02 1.000000000000000000e+00
-2.004975765722413414e-02 8.209543966767920975e-02 1.000000000000000000e+00
-3.457926142580777101e-03 -1.054762128005196226e-01 9.999999999999997780e-01
2.895423819052801717e-02 -3.301726594733864900e-02 9.999999999999998890e-01
5.437259567506062125e-02 1.046510585853747538e-01 1.000000000000000000e+00
-2.745424711387962641e-03 2.702350575357338053e-02 9.999999999999998890e-01
-1.034853375843346884e-02 -1.006775683660793563e-01 9.999999999999998890e-01
-2.668759068299002626e-02 -1.265245964983265914e-01 1.000000000000000000e+00
-4.200281668715603878e-02 9.353029027076484314e-02 1.000000000000000000e+00
4.182684086583471177e-03 -2.533763136828331639e-02 1.000000000000000000e+00
-3.595070368454740040e-04 -1.010185225550287447e-01 1.000000000000000000e+00
-7.358708799862893088e-05 -1.284692838492215994e-01 1.000000000000000222e+00
-1.984131047059502564e-02 -7.313507601915833489e-02 1.000000000000000000e+00
-1.407028384255686743e-02 -1.403014021225133454e-02 1.000000000000000000e+00
3.484504549302883114e-02 1.117240353904090655e-01 1.000000000000000000e+00
-1.992656521121396671e-02 -1.909979849222634418e-01 1.000000000000000222e+00
-5.619077028852798722e-02 -2.484337387636690042e-01 1.000000000000000000e+00
-4.898872633544983264e-03 2.308935068877340235e-01 1.000000000000000222e+00
-4.260121308773423023e-03 7.993711007564803517e-03 1.000000000000000000e+00
-3.058495438627370153e-02 1.431520515809870664e-01 1.000000000000000000e+00
-2.029454412639297711e-02 2.529622139100441980e-01 1.000000000000000000e+00
3.168915351749972131e-02 9.595960803222549837e-03 1.000000000000000222e+00
2.721974156790259516e-02 8.006358390364243238e-02 1.000000000000000000e+00
1.199790798456944196e-02 -8.373808992854208516e-03 9.999999999999997780e-01
-2.379164956815704376e-02 6.896805129489670672e-02 9.999999999999998890e-01
-1.670138119772251323e-02 2.966065869840057156e-01 1.000000000000000000e+00
1.664938221880430530e-02 3.109557542559608992e-02 1.000000000000000000e+00
3.571064703378031696e-02 -2.042992432971006411e-01 1.000000000000000000e+00
2.190822035759888708e-02 1.417746229080561471e-01 1.000000000000000000e+00
2.275289687177414755e-02 1.267937851032213403e-01 9.999999999999998890e-01
-1.542165291945851897e-02 1.372131941998182003e-01 1.000000000000000222e+00
1.181417388272151987e-02 5.124988385141625996e-02 1.000000000000000000e+00
6.136385627730020151e-03 -2.464756568933908036e-03 1.000000000000000000e+00
2.363083393023626688e-02 -3.480302743064482285e-01 1.000000000000000000e+00
-6.577204564116572588e-03 2.007725951876659920e-01 1.000000000000000222e+00
-5.317020186141650090e-02 -1.924884881014824467e-01 1.000000000000000000e+00
3.163958923943818724e-02 -8.214403450896266834e-02 1.000000000000000000e+00
1.268434504905295405e-02 3.367356508281883071e-02 1.000000000000000222e+00
1.312169042850402749e-02 -6.880380520142997947e-02 1.000000000000000222e+00
3.692150214388451816e-03 1.096967792210852694e-01 1.000000000000000222e+00
-1.053365945425788035e-02 1.456498563569252058e-01 1.000000000000000222e+00
-2.110173933115058395e-02 7.850925905723644960e-02 1.000000000000000000e+00
4.757833693769296379e-02 -2.307992708350112276e-01 9.999999999999997780e-01
3.154571198814952460e-02 -9.361948875177540652e-02 1.000000000000000000e+00
-1.022880955213596255e-03 2.734833542451245436e-01 9.999999999999997780e-01
-1.149450628203263708e-03 3.727267751279096653e-02 1.000000000000000000e+00
-1.721318762229093885e-02 -5.223115554181256837e-02 9.999999999999997780e-01
2.197138914954800334e-02 -1.161977564033374495e-02 1.000000000000000000e+00
8.460011680494507885e-03 9.706431908455902258e-03 9.999999999999997780e-01
-1.931823813142845292e-02 1.614980271813710455e-01 1.000000000000000000e+00
-1.752844654045530165e-02 4.226674256149934306e-02 9.999999999999997780e-01
7.061755271036984638e-02 7.414224531654367567e-02 1.000000000000000000e+00
2.589880162540794326e-02 2.506148668061191631e-01 1.000000000000000000e+00
3.421679966478632928e-02 1.529595991025800399e-02 1.000000000000000000e+00
3.464660028985228762e-02 -1.021909757888603693e-01 9.999999999999998890e-01
-2.342221364828426036e-02 1.826016966205487868e-01 9.999999999999997780e-01
-5.128403999703438909e-02 2.354765639604171346e-01 9.999999999999998890e-01
-1.472275140902015202e-02 -5.999842885040281536e-03 9.999999999999998890e-01
-5.497232102576896789e-02 1.301860889696269397e-01 1.000000000000000000e+00
1.496340632018846109e-02 -3.968375477852463529e-02 9.999999999999998890e-01
6.828083312494009384e-03 -9.742652438439269869e-02 9.999999999999998890e-01
-2.120987379638899356e-02 1.162208866337363089e-01 1.000000000000000222e+00
3.494782215254824825e-02 -1.735162617324313983e-01 1.000000000000000222e+00
-1.003686678851795034e-03 -1.758595385761878849e-01 1.000000000000000000e+00
1.221308312321951230e-03 -1.427370696307937725e-01 1.000000000000000000e+00
-4.230732924136124812e-02 1.462851092334962466e-01 1.000000000000000000e+00
-3.374558408407046795e-02 6.934716179762380472e-02 1.000000000000000000e+00
3.069900141056081111e-02 -1.153358085673585748e-01 1.000000000000000222e+00
-1.388772288922123128e-02 3.469090935522835262e-02 1.000000000000000000e+00
-3.476899672720681206e-02 6.988958841403136724e-02 1.000000000000000000e+00
1.743298969985191673e-04 1.668097349705294913e-02 1.000000000000000000e+00
-2.744254000303813015e-02 7.395346834434066152e-02 9.999999999999998890e-01
3.735280177873657429e-04 -2.246908268121708407e-01 9.999999999999998890e-01
8.811560903445255638e-03 -9.128405380174969830e-02 1.000000000000000000e+00
-5.968464412726816846e-03 1.779492246680780265e-01 9.999999999999997780e-01
8.053534104790224454e-03 3.368861005626274524e-02 9.999999999999998890e-01
1.095084134307274318e-02 -2.407646476578785555e-01 9.999999999999998890e-01
-1.100026869734896558e-02 3.887942327946104781e-02 1.000000000000000222e+00
-2.539365917932690821e-03 1.534036655744651922e-01 9.999999999999998890e-01
9.502074130376259378e-03 1.881184099873772775e-02 9.999999999999998890e-01
-3.420513449606150252e-02 -5.888142675621910876e-02 1.000000000000000222e+00
-3.220896779864743792e-02 5.155462244706584402e-02 9.999999999999997780e-01
2.859874034360170361e-02 3.683879317601247705e-02 1.000000000000000000e+00
-3.272314373920948583e-03 1.366189835695381938e-01 1.000000000000000222e+00
1.395116728089766840e-02 -7.459851411198077653e-02 1.000000000000000000e+00
-1.461248860213426939e-02 1.662544774015629889e-01 1.000000000000000000e+00
-2.081687557527739027e-02 2.550042335950524763e-01 1.000000000000000222e+00
1.013801765328102220e-02 3.073287995783204746e-02 1.000000000000000000e+00
6.162186193833358271e-03 7.727820718754387086e-02 9.999999999999998890e-01
-3.229715075602969387e-02 2.183457981352803501e-01 1.000000000000000000e+00
-4.499542757914569251e-03 5.958114550706158918e-02 1.000000000000000000e+00
-3.742177184278583368e-02 -1.818139995801009434e-01 1.000000000000000000e+00
3.467066883502049890e-02 -2.376404338109461972e-02 1.000000000000000000e+00
2.452589185807692307e-02 9.118620022849924234e-02 9.999999999999997780e-01
-9.608252078368803920e-03 1.600717266358513136e-01 9.999999999999997780e-01
-3.830494675053689596e-02 2.407001862327318858e-02 1.000000000000000000e+00
-2.773414274818620205e-03 -3.686009874838664518e-02 9.999999999999998890e-01
2.076668276380821271e-02 -1.053729923019477710e-01 1.000000000000000000e+00
6.281957584691107155e-02 1.681645832985122491e-01 1.000000000000000000e+00
-9.661116904860392318e-03 -1.471758367718248306e-01 1.000000000000000000e+00
1.110132227142426008e-02 -1.275888427225801980e-01 9.999999999999998890e-01
3.341419218909339860e-03 -1.462438903235707365e-05 1.000000000000000222e+00
2.610165920058461070e-02 1.932488147866790601e-02 9.999999999999998890e-01
-3.725124514875211013e-02 -6.142156844855901215e-02 1.000000000000000222e+00
-5.611966762093180405e-02 -3.178333035014987429e-01 1.000000000000000000e+00
-1.092394168938172136e-02 1.538483773079848127e-01 9.999999999999998890e-01
-6.366383056501767612e-02 -2.923932506658237784e-01 9.999999999999998890e-01
1.097106369517857538e-03 2.628486826233226645e-02 1.000000000000000000e+00
-4.367675468866934543e-03 -9.299462179029943654e-02 1.000000000000000000e+00
-7.240307254261249548e-02 -7.758987165405226150e-02 1.000000000000000222e+00
-1.968991999129145187e-02 -8.784272568185905183e-02 1.000000000000000000e+00
-1.909859035468301075e-02 1.809401208378962067e-01 1.000000000000000000e+00
-6.763257354930113895e-03 2.084114345826899584e-01 1.000000000000000000e+00
2.490648986145970953e-02 -7.072979181855378050e-02 9.999999999999998890e-01
-6.222073754360471498e-03 -2.084066178728024785e-02 1.000000000000000222e+00
-6.132582299331632535e-03 -1.411629648025056472e-01 9.999999999999997780e-01
-1.777698164996899949e-02 1.426348951118729114e-01 1.000000000000000222e+00
-1.868757280286057572e-03 -1.152544634278358376e-01 9.999999999999998890e-01
1.205606522521092926e-02 3.052592605830324254e-02 1.000000000000000222e+00
1.479828340706237054e-02 -5.657885995473742324e-02 1.000000000000000222e+00
-1.992188650905888161e-02 -2.620705194209649314e-01 1.000000000000000000e+00
-1.003777666237838824e-02 2.214631591800365895e-02 1.000000000000000000e+00
-8.918742027986687956e-03 1.225532962505744700e-01 1.000000000000000000e+00
2.252644852383775369e-03 -1.632215378197981737e-01 1.000000000000000000e+00
-3.699386947494120309e-02 1.919542457047472006e-01 1.000000000000000000e+00
2.727551818994368785e-02 -3.824898101185615629e-02 1.000000000000000000e+00
2.941875552385190759e-02 6.406584558235804694e-02 9.999999999999998890e-01
1.880955284640279182e-02 -6.974928980750014218e-02 1.000000000000000222e+00
2.908815844344913096e-02 1.355855241394468003e-01 1.000000000000000000e+00
5.367230229585498794e-03 -1.276222221236321674e-01 9.999999999999998890e-01
-1.794735718736792385e-02 1.774796505887062670e-01 1.000000000000000000e+00
-1.820783135722978509e-03 1.455358691911753932e-01 9.999999999999998890e-01
3.581186439886213657e-02 1.530541277698806990e-01 1.000000000000000000e+00
-7.571847612205062639e-02 5.318410316509554481e-02 1.000000000000000000e+00
-1.127078578489463037e-02 1.685129497366537055e-01 1.000000000000000000e+00
-2.061631785085436472e-02 -9.233195972617876113e-02 9.999999999999998890e-01
9.160423033156870481e-03 2.774263535172861728e-01 1.000000000000000000e+00
-1.797561604600655168e-03 -2.096899671694924666e-02 1.000000000000000000e+00
-3.260520450365252815e-02 -1.577985235523247376e-01 1.000000000000000000e+00
-3.369465256662057540e-02 -5.463713382080188224e-02 9.999999999999998890e-01
2.577074719912676726e-02 1.306668943408295092e-01 1.000000000000000000e+00
7.894533147006126475e-03 1.200454320720127860e-03 1.000000000000000222e+00
1.023371086274177388e-02 9.861954165906168523e-02 9.999999999999998890e-01
1.392501234019986097e-03 -3.844943790956095037e-02 1.000000000000000000e+00
2.204779751004769250e-03 1.626181480864135886e-01 1.000000000000000000e+00
1.955920940511671549e-02 -1.475545883380635914e-01 1.000000000000000000e+00
-3.111572500381132311e-03 5.528250307400656323e-03 1.000000000000000000e+00
-4.393661287144225852e-02 1.540146627702393411e-01 1.000000000000000222e+00
2.092915184624848796e-02 -3.677652136494732882e-02 1.000000000000000000e+00
-6.180080312610080305e-03 7.179252495067189876e-02 1.000000000000000000e+00
5.806034494655209002e-03 8.318331631649998614e-02 1.000000000000000222e+00
-2.553398287610277040e-02 -1.091654159459327922e-01 9.999999999999998890e-01
-1.224408602915297989e-02 -1.198710129482626618e-01 9.999999999999997780e-01
6.268823945458914040e-03 -8.379081276095443412e-03 1.000000000000000222e+00
-4.838516310842743556e-02 1.603113982181399166e-01 1.000000000000000000e+00
2.174888733467855717e-02 -1.530316238428249820e-01 9.999999999999998890e-01
2.460668401567957242e-02 8.221040975791068378e-03 9.999999999999998890e-01
-9.785276676264604082e-03 4.442268793239952107e-02 1.000000000000000222e+00
-4.913147396662711358e-02 2.331092844163003275e-01 1.000000000000000222e+00
-3.139104798565855309e-02 7.138495434318822830e-02 9.999999999999998890e-01
-6.236539592823336572e-03 -2.490094055387700733e-01 1.000000000000000000e+00
5.073094142935914187e-03 -1.004390878306315321e-02 1.000000000000000000e+00
1.762945107207453815e-02 1.153784362479650660e-01 1.000000000000000000e+00
1.334522014972833875e-02 6.238382484106896192e-02 1.000000000000000000e+00
2.584266540434281695e-02 2.576288318326973303e-02 1.000000000000000222e+00
-3.750980089743690023e-03 -1.010745540915627266e-01 1.000000000000000000e+00
1.004291879271987722e-02 -9.355835565602507384e-03 1.000000000000000000e+00
-2.197948126484911349e-02 -6.341755223331853146e-03 9.999999999999998890e-01
1.196638014960463639e-02 -1.379059470764002759e-01 9.999999999999997780e-01
-4.635308320259957926e-02 -4.594305795196949871e-02 1.000000000000000222e+00
-2.835388993423828066e-02 -1.975983873971710603e-01 1.000000000000000222e+00
-6.408851373764712020e-03 -9.719715465324263795e-03 1.000000000000000000e+00
4.168664620727153408e-02 -2.197839340449788542e-02 1.000000000000000222e+00
4.521160099789377912e-02 6.935904929324153423e-02 1.000000000000000000e+00
-8.493931051418076097e-03 1.735390184332510632e-01 1.000000000000000222e+00
3.306400262991502411e-03 9.766415456763538616e-02 9.999999999999998890e-01
-1.183873876408347674e-02 -1.200820596086316500e-01 1.000000000000000000e+00
-9.533004360095321053e-03 -1.412325250220199391e-01 1.000000000000000000e+00
3.805265651799505378e-02 -8.405329973520755948e-02 1.000000000000000000e+00
1.272077991287352307e-02 5.245173193423794539e-02 1.000000000000000000e+00
1.102937984991296007e-02 7.086639087602041032e-02 1.000000000000000222e+00
-3.125194480516956669e-02 -2.484232387019034427e-01 1.000000000000000000e+00
4.548536327080003757e-04 -1.623130926851037159e-01 1.000000000000000000e+00
1.258031827843114105e-02 1.107646159801464747e-01 1.000000000000000000e+00
7.869133332153084928e-03 -3.419623882145926552e-02 9.999999999999997780e-01
5.262331846079717004e-03 1.467874027315750618e-01 1.000000000000000222e+00
-4.482472112202236930e-02 2.413646817720560833e-01 9.999999999999997780e-01
9.360739666310511839e-03 -9.581283813446669906e-02 1.000000000000000000e+00
5.089299384842768670e-02 -4.011158537277713376e-02 1.000000000000000000e+00
-8.012290447845556033e-04 6.050207775813946920e-02 9.999999999999998890e-01
1.399274402502331295e-02 1.565536466348863009e-01 1.000000000000000000e+00
-2.507973666542567120e-02 2.047099753236071018e-01 1.000000000000000222e+00
-1.025480043877122216e-02 -2.088127302720063916e-01 9.999999999999998890e-01
5.468568742343054255e-03 1.391292716966819332e-01 9.999999999999997780e-01
4.903409892929618333e-03 -9.414518551000798652e-02 1.000000000000000000e+00
-7.371102990208042334e-03 1.636746903220531735e-01 1.000000000000000000e+00
5.638902326192891598e-03 1.733839808927762072e-01 9.999999999999998890e-01
4.737721895429270608e-02 1.299456497217269524e-01 9.999999999999997780e-01
-1.621946620022620897e-02 7.987217699132917459e-02 1.000000000000000000e+00
-1.288750268579342932e-02 -7.031053303541813515e-02 1.000000000000000000e+00
-3.768105190731868993e-03 -4.729609707722151613e-02 1.000000000000000000e+00
2.744738901764813555e-02 -1.383771480853396470e-02 9.999999999999998890e-01
7.476952904387490495e-03 -1.608495537456072488e-01 1.000000000000000000e+00
7.116176687388674205e-02 -2.168309825273362010e-02 1.000000000000000000e+00
-2.815174447775541620e-03 -3.115193273020734968e-02 9.999999999999998890e-01
1.912461018500394988e-02 1.216158998592171275e-01 1.000000000000000222e+00
5.408622092232713563e-02 -5.967727570376473584e-02 1.000000000000000000e+00
-9.583556150777846824e-03 -2.557495677096652265e-01 1.000000000000000000e+00
-7.238796903816777095e-03 -8.810556219352290441e-02 9.999999999999998890e-01
-1.196813965661056717e-02 -5.958409108223208621e-03 1.000000000000000222e+00
7.453281798846305914e-03 1.324516747179406984e-01 1.000000000000000000e+00
-1.601710146459318224e-02 7.874973919645628095e-02 1.000000000000000000e+00
3.352290195757551966e-02 2.013765755135744628e-01 1.000000000000000000e+00
-5.470479054964421349e-03 1.802197030650466436e-01 9.999999999999997780e-01
2.641346993440504137e-02 6.744498910765915622e-02 9.999999999999998890e-01
-6.080789643242064287e-03 -5.647147393691867578e-02 1.000000000000000222e+00
4.420800494388683888e-02 7.442872540412676097e-02 1.000000000000000000e+00
7.197398711456087436e-03 1.019561961638375397e-01 1.000000000000000222e+00
-1.712414626585542082e-02 -1.010270121223309642e-01 1.000000000000000222e+00
-4.034499787126116094e-02 -2.000833159123384733e-02 1.000000000000000000e+00
-2.526754969016326013e-02 -6.340122459038298464e-02 1.000000000000000000e+00
1.961172387147037954e-02 1.941303302204323844e-01 1.000000000000000000e+00
-3.910170420169142153e-02 -1.934723819703591530e-01 1.000000000000000000e+00
3.583811694988684599e-02 -7.096955075655002505e-03 9.999999999999997780e-01
3.925699062212829014e-03 -9.176502748008620765e-04 9.999999999999998890e-01
-4.111656546747597535e-02 7.813539457427604029e-02 1.000000000000000000e+00
3.974233808238957638e-02 1.403261846486079378e-01 1.000000000000000222e+00
5.910297731874503396e-04 -4.055032120785278388e-02 1.000000000000000000e+00
-1.678329285417034730e-02 -1.357182434940541749e-01 1.000000000000000000e+00
-4.784402763502711674e-03 6.243668271103619549e-02 1.000000000000000222e+00
9.646599022802555476e-03 -2.079925210160682436e-01 1.000000000000000000e+00
-2.965920893549290911e-03 7.565797516644066911e-02 1.000000000000000000e+00
1.503741023835724298e-02 -7.681003759823784582e-02 1.000000000000000000e+00
-1.944399077559547800e-02 -1.020947249366789822e-01 1.000000000000000222e+00
4.940822848860370459e-02 -1.112903232818975990e-01 1.000000000000000222e+00
1.577201047297146705e-02 7.867473639989149004e-02 1.000000000000000222e+00
1.605002925905609466e-03 -2.517176344996583867e-02 1.000000000000000000e+00
-1.556593044264975231e-02 2.951678766985135760e-01 1.000000000000000222e+00
-4.151673924635686415e-03 -2.011022821819128947e-01 1.000000000000000000e+00
-1.089043201927832744e-02 -1.395246808119961213e-01 1.000000000000000000e+00
7.508644969011087598e-03 -5.157107004369571035e-02 1.000000000000000000e+00
-1.136464104361439159e-02 -1.649675092229840323e-01 1.000000000000000000e+00
-3.764531066306155832e-02 -7.140622976693453139e-02 9.999999999999998890e-01
2.766376459374778746e-02 1.761318136038904749e-03 1.000000000000000000e+00
1.358235705903881527e-02 -1.463726582935397924e-01 1.000000000000000222e+00
-9.022931344954923660e-03 -8.161542327191852186e-02 1.000000000000000000e+00
-2.682729601596494165e-02 -4.678610313437402135e-02 1.000000000000000222e+00
-1.751225653253396866e-02 6.326027685037217962e-02 1.000000000000000000e+00
3.133826316867050626e-02 6.402448142526433184e-02 1.000000000000000222e+00
2.025633027223037314e-02 -1.855078126191890900e-02 1.000000000000000222e+00
-4.875865893288885977e-02 1.112948768067893723e-01 1.000000000000000222e+00
-8.444103027472192602e-03 -1.545511419557643040e-01 1.000000000000000222e+00
-1.353405285462094473e-02 5.563671802709671370e-03 1.000000000000000000e+00
1.130977359239770073e-02 -2.562339776333891206e-02 1.000000000000000000e+00
2.579771832006815327e-02 -2.170314333983739685e-01 1.000000000000000222e+00
-2.238905395005495388e-02 -6.108602200992669512e-02 1.000000000000000000e+00
-1.623990357385540068e-02 -1.733321108673471778e-02 9.999999999999998890e-01
-3.002357096096201945e-03 -5.637869499890200975e-02 9.999999999999997780e-01
-1.827097588392370383e-03 -2.019394938707696763e-01 1.000000000000000222e+00
-1.402001668884199879e-02 9.793459913990504306e-02 1.000000000000000000e+00
8.783608284863768031e-03 5.905488578255440463e-03 1.000000000000000000e+00
-4.232390658958302271e-02 -5.259526751879507918e-03 1.000000000000000222e+00
1.037951048813471298e-02 5.936082376931757498e-02 1.000000000000000000e+00
-3.772702945278959968e-02 -1.278157305329823135e-01 9.999999999999997780e-01
-2.046742194330488859e-02 1.237830134800444043e-01 1.000000000000000222e+00
1.730910511703065771e-03 7.089924386933474376e-02 1.000000000000000000e+00
5.046632901284379968e-02 -1.054148431070222741e-01 1.000000000000000000e+00
-1.319291613145424577e-02 -1.295019816741786178e-01 1.000000000000000222e+00
-1.797935896439830858e-02 -8.206520638317114924e-02 1.000000000000000000e+00
9.141285452336618544e-03 4.063398300574549982e-02 1.000000000000000222e+00
2.432117232622620431e-02 -7.776075702420241764e-02 1.000000000000000000e+00
3.894343590515055714e-02 5.566086325788131839e-02 1.000000000000000000e+00
-2.234480497425312892e-02 1.640041119690433674e-02 1.000000000000000222e+00
-5.336939625112532837e-02 1.837809946992126076e-01 9.999999999999997780e-01
-3.579502615024385964e-02 -7.440165064226946998e-03 1.000000000000000222e+00
-3.552713988322542260e-02 -2.234188458054711390e-01 9.999999999999998890e-01
-1.714863709022117211e-02 -1.046669737881270323e-01 1.000000000000000000e+00
4.882368069484833289e-02 1.283434853862201741e-01 1.000000000000000000e+00
-2.326075580883527061e-02 1.910140417469932128e-01 1.000000000000000222e+00
-2.614787791122485591e-03 -9.006655119701173495e-02 1.000000000000000000e+00
-7.542064469076578161e-03 -2.150912918607181534e-01 1.000000000000000000e+00
3.491220104152837483e-02 1.318385565526300762e-01 1.000000000000000222e+00
-2.004663902186339802e-03 -1.248986883594146446e-01 1.000000000000000000e+00
-1.322462909495101570e-02 1.750235951594356076e-01 9.999999999999998890e-01
2.354170115834343033e-02 -2.776449993173852812e-02 1.000000000000000000e+00
-2.456259119456250320e-02 -1.760726524926584449e-02 1.000000000000000222e+00
1.257233979205108019e-03 2.291415372937008754e-01 1.000000000000000000e+00
3.727501264130028691e-02 4.649982840764428117e-03 1.000000000000000222e+00
-4.202642414134626775e-02 2.149136502498280032e-01 1.000000000000000000e+00
-2.845375192988336931e-03 -2.073638478836750954e-01 1.000000000000000000e+00
1.420161389539868931e-02 1.122500200271868143e-01 1.000000000000000000e+00
3.781011445538139722e-03 1.615750863287047367e-01 1.000000000000000000e+00
-2.266762319114498311e-02 1.337576009868310933e-01 1.000000000000000000e+00
2.464190374107050243e-03 -3.563489833669074291e-02 1.000000000000000000e+00
1.016053635596653702e-02 3.918151835136452106e-03 1.000000000000000000e+00
6.052250892294362000e-02 1.565281030399609807e-01 1.000000000000000222e+00
-3.522810444943001718e-02 2.337084562590056175e-02 1.000000000000000000e+00
2.082330040000282892e-02 -7.109667181310672102e-02 1.000000000000000222e+00
-1.173090093745408555e-02 -3.926101357198607915e-03 1.000000000000000000e+00
2.814702995533660546e-02 -4.462120685485467669e-02 1.000000000000000000e+00
8.080428559804416974e-03 1.220712461355605988e-01 1.000000000000000000e+00
6.709720732901341793e-03 8.959443814971808362e-02 9.999999999999998890e-01
1.581423444367872216e-02 1.036325347253300583e-01 1.000000000000000000e+00
3.026545342131256242e-02 -1.354704610171752199e-01 9.999999999999998890e-01
3.021101676722127288e-02 -5.947540656674447229e-02 1.000000000000000222e+00
2.060731621616830253e-02 1.294011136997728385e-02 9.999999999999998890e-01
-4.435618558433640501e-02 -1.934762389862833276e-01 1.000000000000000000e+00
1.804426139348268635e-02 6.461976288333243224e-02 1.000000000000000000e+00
1.288545767790619419e-02 -3.429235160590786858e-04 1.000000000000000222e+00
-2.986929465989532264e-03 -1.284235905307200103e-02 9.999999999999998890e-01
-8.045292900098669972e-03 2.550981761436102793e-02 9.999999999999998890e-01
-1.091529419371667538e-03 -1.932447421182808753e-02 1.000000000000000000e+00
4.234852462371758303e-02 -1.358529883149602602e-01 9.999999999999997780e-01
2.619860081289708195e-02 -6.629406581790015483e-03 1.000000000000000000e+00
2.431278057786299962e-02 6.661851237438082100e-03 1.000000000000000222e+00
1.238487276289563198e-02 2.541589650911337261e-01 1.000000000000000000e+00
1.923561012093421771e-02 2.785828807600610468e-01 1.000000000000000000e+00
4.409494871046549039e-03 -1.101187533460896845e-01 9.999999999999998890e-01
-7.585840889343618658e-03 2.372400855236479755e-01 9.999999999999998890e-01
-4.927958360302053245e-04 1.036927690081139719e-01 9.999999999999997780e-01
-8.092713771836203968e-03 -1.117648529713198731e-02 9.999999999999997780e-01
3.583250369186592385e-03 1.419429807314117730e-03 1.000000000000000222e+00
2.721347689016179443e-03 1.820600488919351112e-01 1.000000000000000222e+00
4.370646210333059556e-02 2.223557916373709031e-01 1.000000000000000222e+00
-1.787480963269304918e-02 -1.685146567415785057e-02 1.000000000000000222e+00
-2.660366015331895942e-02 3.552812028431698299e-02 1.000000000000000222e+00
-1.618067847342835944e-02 1.328001028117647454e-02 9.999999999999997780e-01
-2.368390948964881060e-02 -1.372827858972236470e-01 1.000000000000000222e+00
2.212341073090027740e-02 2.081590813395887141e-01 9.999999999999997780e-01
-1.768984748023825354e-02 1.945212328615576790e-03 1.000000000000000000e+00
3.141675295326758904e-02 -4.353875593883032441e-02 1.000000000000000000e+00
-4.336494881059904487e-03 1.914917406211303352e-01 1.000000000000000000e+00
-2.387246013868458278e-02 -4.785488102302440372e-02 1.000000000000000000e+00
-7.184266263946192943e-03 -7.316132601552180828e-03 9.999999999999998890e-01
1.276748589148622194e-02 1.967681719393115855e-02 1.000000000000000000e+00
-1.158265034327782793e-02 2.225784701575288516e-01 1.000000000000000000e+00
-1.349446636341392405e-02 2.105727327655622719e-02 1.000000000000000000e+00
-4.392129377470073252e-03 -7.685118741747680969e-04 1.000000000000000000e+00
2.022068248539433608e-02 3.031436345392692910e-01 1.000000000000000222e+00
5.264884791759128803e-03 1.302116673710901895e-01 1.000000000000000000e+00
-1.752055212705537490e-02 -1.462912253612547175e-01 1.000000000000000000e+00
1.597005343760317386e-02 6.877732773283526391e-02 1.000000000000000222e+00
1.122477287913128605e-02 3.136630730659240637e-03 1.000000000000000000e+00
8.538076436552913956e-03 1.012353658926921501e-01 9.999999999999998890e-01
-3.521832256519111422e-03 -7.464049117253960391e-03 9.999999999999998890e-01
-7.254483535171101817e-04 -3.728244734177846298e-02 1.000000000000000000e+00
8.364446416000812998e-03 -1.728155692021823842e-01 1.000000000000000000e+00
1.037809286710138570e-02 1.116830765845271828e-01 1.000000000000000000e+00
4.669992244072938142e-02 -9.361974772736339490e-02 1.000000000000000000e+00
-1.959572241979128104e-02 6.121819516060661437e-02 1.000000000000000000e+00
3.920885721230407683e-02 -1.101212811361091115e-01 1.000000000000000000e+00
-1.226398202380761526e-02 -1.194970022485865660e-02 1.000000000000000000e+00
8.857444813966608432e-03 3.507984493664120101e-02 1.000000000000000000e+00
1.098821544476711633e-02 1.832574953720267907e-01 9.999999999999998890e-01
-2.731592385779195616e-03 -4.477254331342961358e-02 1.000000000000000000e+00
1.442190275690039686e-02 3.029513485353619792e-02 1.000000000000000000e+00
-2.376833519629337546e-02 -5.692816777654803595e-02 1.000000000000000000e+00
-6.331917221828113444e-03 2.456572159770832250e-02 1.000000000000000000e+00
6.175458084201172759e-02 1.725855273696247083e-01 1.000000000000000000e+00
1.259141626368052817e-02 -1.305333963367033834e-01 1.000000000000000222e+00
-8.970098494510960960e-03 -3.321685815250869922e-01 1.000000000000000000e+00
3.260932608164987534e-02 -4.994223443896725345e-02 1.000000000000000000e+00
2.160168944954540034e-03 -2.241248136729016016e-01 1.000000000000000222e+00
4.858669240094200953e-02 -1.136515487546095327e-01 1.000000000000000000e+00
1.381115768173353693e-02 -3.186802007061226793e-04 9.999999999999997780e-01
7.617054248699139940e-02 -2.469470702385210548e-01 9.999999999999997780e-01
1.674017090025704119e-02 -5.923573689317990394e-03 1.000000000000000222e+00
-3.331412099328555365e-02 3.320695411992046625e-02 9.999999999999998890e-01
7.828976157822308685e-03 9.280508196741031265e-03 1.000000000000000000e+00
