9.978942774167278706e-01 -4.268905399788711086e-02 9.999490521890880279e-01
9.979471843173465251e-01 8.607586635534493491e-02 9.999340384649743063e-01
9.979419201620257640e-01 1.863782210454190402e-01 9.999972610949855456e-01
9.979637112504974317e-01 1.336548809750343347e-01 9.999975324186888281e-01
9.979034537235395019e-01 1.457422751029578967e-01 9.999809391589673524e-01
9.980585244285685720e-01 8.159562921322088477e-03 9.999448347046706598e-01
9.979480509935593213e-01 -1.619589692396650737e-01 9.999347232819897346e-01
9.978372798916438358e-01 -4.159373038341344225e-02 9.999856071494281906e-01
9.979015828433394075e-01 -1.172847242033004111e-01 9.998720920418925351e-01
9.979568565666782076e-01 -1.922160402095018372e-01 9.998612490890717019e-01
9.979587486359543513e-01 -8.702813245754577320e-02 9.999984303815091513e-01
9.979575336601668178e-01 -2.835602821334157198e-01 9.999821829009416518e-01
9.979770413923132466e-01 -7.054271750875394653e-02 9.999816243957262429e-01
9.979452622947455609e-01 -1.109806012502941308e-01 9.999999406705512017e-01
9.979254577382900004e-01 -1.511417499815201904e-01 9.999639294023854319e-01
9.980049039666132327e-01 8.731838379352045709e-02 9.999987602459551317e-01
9.979908195847946306e-01 -1.882721144834190174e-01 9.999687461166788527e-01
9.978882405993565463e-01 -7.706912493832598909e-02 9.999843077023313764e-01
9.978785609703486603e-01 3.656403860581670245e-02 9.999247210641619699e-01
9.979759565760699669e-01 -5.850639981932932027e-02 9.999663401651751604e-01
9.979846102171565647e-01 1.284111755986001857e-01 9.999480110964695800e-01
9.979485984542965094e-01 1.440711306475213616e-01 9.999991031028463428e-01
9.978747536439426247e-01 -7.777348859743206388e-02 9.999758057523714383e-01
9.978972237296357406e-01 5.352971299970878116e-02 9.999769405639725717e-01
9.979226599023822697e-01 7.081059757900425022e-02 9.999828344169887639e-01
9.980287222996175878e-01 1.587331165970917446e-01 9.999695179532556155e-01
9.979558313656332613e-01 6.828246776444646393e-02 9.999815066678283682e-01
9.980153760591873313e-01 4.458510620985707551e-02 9.999904963852725981e-01
9.979299759462498809e-01 2.400026737147100686e-01 9.999936485740998915e-01
9.978946934088779308e-01 -9.601013149098078236e-02 9.998202957623293363e-01
9.979128753349353342e-01 7.835932904007364419e-02 9.999517870865565206e-01
9.979743955794437849e-01 -1.543138844773287444e-01 9.999878633496613878e-01
9.979785836717443015e-01 3.299707536802458374e-02 9.999475359695936261e-01
9.979768903212989928e-01 2.757149876620212381e-01 9.999783584679101667e-01
9.980648075792971641e-01 -2.511959264165989345e-04 9.999937508114293827e-01
9.979381741187502985e-01 6.676751036179968610e-03 9.999991801156772331e-01
9.979389460041446780e-01 1.870947900533553865e-01 9.999997847725835554e-01
9.979761248611811464e-01 2.545170897157941758e-01 9.999922631997384403e-01
9.979109451790577623e-01 2.035535361296008511e-02 9.999250562514279128e-01
9.979777406452711164e-01 -1.825651943029214519e-01 9.999340515980564836e-01
9.978018988586756510e-01 -2.060594101565181580e-02 9.999767231588592153e-01
9.980160014852461625e-01 1.972522004118472394e-01 9.999664062010076293e-01
9.978912988982855392e-01 2.502165162828950407e-01 9.999396159406969131e-01
9.978630465553289808e-01 1.493818834058329714e-01 9.999975120078210544e-01
9.979446632481281387e-01 -1.063437696018014883e-01 9.999999064956829331e-01
9.979771252719659147e-01 -8.774545505766824516e-02 9.998358170204090234e-01
9.979131426925836879e-01 -2.610266756693773171e-01 9.999450745719730138e-01
9.979092999399045150e-01 -2.730936793903593895e-01 9.999992949474449944e-01
9.979808731522734622e-01 8.901024590340059217e-02 9.999886250747177519e-01
9.979025777789536367e-01 -1.537128507435907010e-01 9.999981871676868472e-01
9.980242695387480101e-01 -9.090783126122742308e-02 9.999965875007973404e-01
9.978952213624727730e-01 -1.344998996444767003e-01 9.999705764499517979e-01
9.980236199459827651e-01 1.386456227982049705e-01 9.999968805977257347e-01
9.979504177935341058e-01 -3.734871606719191578e-02 9.999978862468040797e-01
9.978889193515829703e-01 -1.449919620027301792e-01 9.999651596345759952e-01
9.979973543629615529e-01 -3.209869434945101241e-01 9.999473828609592996e-01
9.979064305723917006e-01 -9.632901839670057753e-02 9.999614711900379760e-01
9.978889200793842340e-01 6.593657469560314233e-02 9.999008007325205227e-01
9.979198113356759769e-01 8.483245543952641979e-03 9.999997911266057526e-01
9.979662442565641056e-01 9.132438431615784447e-02 9.999400102210750374e-01
9.979400519027522565e-01 5.327189706849432688e-02 9.999973292570691896e-01
9.978592162314806613e-01 7.734958220584006033e-03 9.999955096656134579e-01
9.980473130765709078e-01 -2.015440570643089666e-02 9.999753273713553048e-01
9.979247109017335138e-01 6.916630669688433874e-02 9.999943750217205052e-01
9.979591578635947924e-01 4.955009528057800067e-02 9.999712042186506000e-01
9.980058162668244970e-01 1.145118854272058201e-01 9.999766496968657270e-01
9.978999028928969839e-01 -7.429945016712154182e-02 9.999840062138360963e-01
9.979871529038144562e-01 4.775039633999836330e-02 9.999953170867119656e-01
9.979076926376421186e-01 7.068963688601397066e-02 9.999725110013409912e-01
9.978902019383897315e-01 3.961866539089731187e-02 9.998287494755989657e-01
9.979370892435304174e-01 1.178008751024483547e-01 9.999944923580992295e-01
9.979767675741353372e-01 5.827623568596556475e-02 9.999895693313483047e-01
9.979519478146108291e-01 1.663311418021323207e-01 9.999999205528155022e-01
9.979635876397059402e-01 8.973242417469079468e-02 9.999939502604372477e-01
9.979215958036784517e-01 -1.443191329170697146e-01 9.999993263469334481e-01
9.980065049360012930e-01 -8.336655566237230605e-04 9.998973430220470249e-01
9.979684721260747571e-01 9.054401337607662211e-04 9.998039971068523046e-01
9.979534493836286213e-01 3.817843420642588748e-02 9.999985448286258238e-01
9.979634458901919247e-01 -2.018384866073174577e-01 9.999005360847473822e-01
9.979708725050687734e-01 -8.057154296184101949e-02 9.998127664985143603e-01
9.979714573233886554e-01 5.780406211487716661e-02 9.998936011159327286e-01
9.979591441072771518e-01 2.171974389056627042e-01 9.998967929715472103e-01
9.979383712229716874e-01 -2.137384214586562636e-01 9.999162670070025349e-01
9.980479150762676666e-01 6.331116669824912724e-02 9.999988051519312915e-01
9.978865332007215150e-01 1.390971388381500862e-01 9.999699532034012073e-01
9.979886130580787329e-01 -7.703067755766481589e-03 9.999327212664161912e-01
9.979729158755500373e-01 -3.759299490307259003e-03 9.999998344594247524e-01
9.979268424769069945e-01 1.741033137650926377e-01 9.999454042210982330e-01
9.978874484035648029e-01 3.368292178688774702e-02 9.999992986237014048e-01
9.979250550334270997e-01 -5.888880354885961963e-04 9.999983916039121290e-01
9.979072780365298989e-01 9.161882828814567337e-02 9.999610199180394288e-01
9.979530518669409433e-01 1.710710092472934873e-01 9.999499823838643442e-01
9.978800941191254825e-01 1.802297733379135125e-01 9.999959788031125285e-01
9.979532370069423841e-01 6.251306119951884066e-02 9.999897389932282943e-01
9.978736197613379266e-01 -9.043503618727936552e-03 9.999845396876015924e-01
9.979532166103112223e-01 1.032302098025900394e-01 9.999436040798228564e-01
9.979992757740318021e-01 -1.387034006236671779e-01 9.999922196444892553e-01
9.978892059676899295e-01 7.621189115302025308e-02 9.998814303397003389e-01
9.979288880639184400e-01 2.443023531781018942e-01 9.999284711987137531e-01
9.978374349101848395e-01 -8.900319960976205147e-02 9.999992188841034801e-01
9.979796255862165566e-01 1.948212761009522065e-01 9.999556393445430125e-01
9.979541665793203453e-01 1.964985090396889067e-01 9.999988335712430843e-01
9.979354511789951809e-01 -3.512523442280806457e-02 9.997718627408423986e-01
9.979382782900909632e-01 8.190000272839545459e-02 9.999965669186864359e-01
9.979771073176898488e-01 4.538990849814705797e-02 9.999788154896906978e-01
9.979456207203099005e-01 1.092492615985024840e-01 9.999982940185407898e-01
9.980179349762666741e-01 2.717823532739182743e-02 9.999837639563572411e-01
9.978908658559302314e-01 -2.876630620512840575e-01 9.999982886181647546e-01
9.978972836880852793e-01 2.113948224915759566e-01 9.999982936245614962e-01
9.979412460062806467e-01 -7.242080531005788691e-02 9.999857743223848905e-01
9.979339104116091708e-01 9.906875105420376304e-02 9.999382937956976525e-01
9.980429085612919637e-01 -1.707932717512367082e-01 9.999992398648066549e-01
9.979017188904498736e-01 5.353059353674937543e-02 9.999998472718494291e-01
9.979632123500147278e-01 1.788035224459998962e-01 9.999649987196249645e-01
9.978798807824491579e-01 -9.583453405223264776e-02 9.999983845763245061e-01
9.978629982424626066e-01 -2.157877796239298165e-02 9.999867885046229699e-01
9.978671601295077132e-01 -1.238021324814598811e-01 9.999998747002060151e-01
9.979712271149139280e-01 5.944412378955558907e-02 9.998725327538918739e-01
9.978384675159313044e-01 9.959767322428030034e-02 9.999613344315653185e-01
9.979800647509087241e-01 6.257768977171690450e-02 9.999468737301988597e-01
9.978343532671125615e-01 1.028950224325105300e-01 9.999959368426373230e-01
9.977719543614975706e-01 1.558384435867294412e-03 9.999200247784920670e-01
9.979742827821818096e-01 8.024495789875131513e-02 9.999983847118829594e-01
9.980424050978614625e-01 1.834463998942394147e-02 9.999792056508539639e-01
9.978944927961529432e-01 1.011825994317725186e-01 9.999994373587467456e-01
9.979648589356271415e-01 7.973705941106126738e-02 9.999620236547676067e-01
9.979019955142915954e-01 7.262999295573452016e-03 9.998955073560520379e-01
9.979238615640738663e-01 -2.271200208972334322e-01 9.999326797878304030e-01
9.978733047563421721e-01 -1.568605835101413160e-01 9.999926794626148308e-01
9.980010802934765612e-01 5.305502934834971374e-02 9.998901664502898301e-01
9.978224860722012535e-01 1.815567157953372202e-01 9.999961170565873081e-01
9.979394089003661428e-01 7.245713778805241978e-02 9.998523129863394754e-01
9.978742712709788298e-01 8.244421397493834069e-02 9.999609691372779441e-01
9.978882735910276081e-01 1.234372223332012575e-01 9.999930361982490856e-01
9.978992715505343725e-01 -1.075350884236113587e-02 9.999769864060665814e-01
9.979982130447139221e-01 3.979720382179967320e-02 9.999653933595039623e-01
9.979336849099876838e-01 -1.317034341809051046e-01 9.997233670404732653e-01
9.979857783030617879e-01 1.771865765386841998e-02 9.999864860696187074e-01
9.978916837270099816e-01 -4.720415985702598044e-02 9.999954482387503063e-01
9.978930815101766383e-01 -1.019721618311793393e-01 9.999983276969559576e-01
9.979414190492077452e-01 3.646596984232892968e-02 9.999823517879489199e-01
9.979399383311883254e-01 -1.189163324115314613e-01 9.999715493087614204e-01
9.979714022912097304e-01 -3.440399358664242291e-02 9.999908275017423964e-01
9.979077874719651797e-01 -1.938825638236678015e-02 9.999858181083320918e-01
9.980112859489123078e-01 1.840238296560426645e-01 9.999997497751331732e-01
9.978555569826523808e-01 -1.339170160539638055e-01 9.999740943059611809e-01
9.979790866735084309e-01 -8.883637518745195194e-02 9.999715757514663350e-01
9.979455678501150118e-01 -2.235815300673352768e-01 9.999691237008359046e-01
9.979646594669003834e-01 2.356604318907683793e-01 9.999808503397658033e-01
9.979957246454148612e-01 5.875558729193032514e-02 9.999962898944774192e-01
9.979604847514755850e-01 -1.284718887547877941e-01 9.998167218923643684e-01
9.979465108964488129e-01 9.260712853212627049e-02 9.999983112527782714e-01
9.979849028223990448e-01 -5.013116801274462853e-02 9.999874760861192646e-01
9.979435241967086201e-01 -1.574530893917964192e-01 9.999335928740091806e-01
9.979432687638941646e-01 -2.649348914576366704e-02 9.999970886617297605e-01
9.978746747663268524e-01 1.564783412203478163e-01 9.999977549772868235e-01
9.979754551636058624e-01 8.093705778291081232e-02 9.999671994603940295e-01
9.980182100452129612e-01 -7.689806667701724191e-03 9.999998829767722253e-01
9.979029286919219865e-01 -7.315698178978304045e-02 9.999882526921239911e-01
9.978856839605479978e-01 8.024559047024731884e-02 9.999869431855537005e-01
9.978860034924198485e-01 1.829321012656255629e-02 9.999609262881941074e-01
9.979243517371966243e-01 1.407640674676279291e-01 9.999378303042928406e-01
9.979660224091119192e-01 -4.051769734515543210e-03 9.999799975200914792e-01
9.979457281969673632e-01 4.829188385577398712e-02 9.999622504586612726e-01
9.979376553910258574e-01 5.556896115513020734e-02 9.999792211968334676e-01
9.979992108033909348e-01 6.554688258284557811e-02 9.999986740898616500e-01
9.978883566472118716e-01 6.483494210644831501e-02 9.999881494639812907e-01
9.979263286276149891e-01 -8.161890550521883059e-02 9.999248401269427156e-01
9.979634361901433826e-01 1.317827244565063505e-01 9.999645296735141242e-01
9.979927540664292884e-01 7.066309318502712877e-02 9.999995727073094365e-01
9.978358739672502642e-01 -1.314147276492120542e-01 9.999977172026183192e-01
9.979041160477577499e-01 -1.835644903901264002e-01 9.999388291593860334e-01
9.978640806927762119e-01 -5.271422454189983453e-02 9.999777964487223114e-01
9.979224190483332313e-01 6.932695245408158902e-02 9.999657701991945258e-01
9.979721851774716601e-01 -1.246790586374836862e-01 9.999999190301785967e-01
9.979662993485431954e-01 -1.971753490267519893e-01 9.999832879557031262e-01
9.978772363723422689e-01 9.046361043176041894e-02 9.999999893989262034e-01
9.980520700241325427e-01 -1.324941335354805072e-01 9.999609188764326806e-01
9.979750140261341995e-01 -1.531740396550252889e-02 9.999003988671431031e-01
9.979169091878499209e-01 -1.778105054315036182e-01 9.998737564235362640e-01
9.979404106930354068e-01 2.315871585716766309e-02 9.999498948969208767e-01
9.979271296416589720e-01 -2.124674464612989200e-01 9.999999993710286805e-01
9.978822885824644162e-01 8.938541125062028636e-02 9.999471258028191922e-01
9.978957484242393372e-01 -1.106813249888537881e-01 9.999556689424724532e-01
9.979385925446969674e-01 -4.217247573755596168e-02 9.999892476194790492e-01
9.979446538814380485e-01 -3.738617392878606366e-02 9.999889906426031594e-01
9.978475877243045966e-01 1.298171012097420751e-01 9.998157765739201785e-01
9.979543762585748601e-01 -1.425346060021860373e-01 9.999521667699219352e-01
9.979666792500705430e-01 3.230815229537896682e-01 9.999652835742401935e-01
9.979295983822051852e-01 -1.550242977261280519e-01 9.999921259237645188e-01
9.978708514330951740e-01 -5.576239888337840289e-02 9.999043486127832114e-01
9.979200429820029861e-01 -7.497800493384411402e-02 9.999876375956328056e-01
9.979759384390320953e-01 -2.642905797451892969e-02 9.999536427864337274e-01
9.979521980416189431e-01 -6.299455888668721582e-02 9.999962822737988866e-01
9.979725972198549844e-01 1.465497111769723804e-01 9.999873137604208262e-01
9.979095816228110705e-01 1.213879960902759236e-01 9.999359232908477946e-01
9.979556643991230880e-01 8.398410709191786450e-02 9.999984937636684501e-01
9.980132662895808693e-01 -3.940976860816126914e-02 9.999875143407275235e-01
9.979139955631577408e-01 7.473052464666483236e-03 9.999120117299228339e-01
9.979747587322124192e-01 -5.338832599901979781e-02 9.999953086040263006e-01
9.979895901035910066e-01 -7.854822356380958270e-02 9.999579316261545392e-01
9.978662712652016653e-01 -4.562027459660086132e-02 9.999775456300120657e-01
9.979462330690321847e-01 2.982340135062265182e-02 9.999598417936563788e-01
9.980104086687278109e-01 -2.895369311962106562e-02 9.999891590157412580e-01
9.979934448120066914e-01 1.334593950236859575e-02 9.999984732835578427e-01
9.979308418563617167e-01 -1.594202737714064122e-01 9.999360615223857884e-01
9.980687562384320533e-01 8.495498088468123044e-02 9.999864236923017291e-01
9.979436884125333362e-01 -2.828708111424226707e-02 9.999617760947493439e-01
9.979310591107183326e-01 -2.130450474165853092e-01 9.999899325602250588e-01
9.979401292516741906e-01 -3.277278758561814193e-02 9.999310851511954423e-01
9.979646994113161584e-01 1.876066411276524348e-01 9.999850355536883395e-01
9.979166991076297011e-01 2.204625574185814785e-01 9.999999677754509708e-01
9.979367799740419542e-01 -5.580527512839893872e-03 9.999999962361024730e-01
9.979310151698215225e-01 -1.268778025063572734e-01 9.999671029426444591e-01
9.979385036745980209e-01 -4.064944237111411257e-02 9.999931688912060412e-01
9.979748527204256314e-01 -4.040431379039668286e-02 9.999946098016783136e-01
9.980493957224211288e-01 1.640507499770172684e-01 9.999995579092970655e-01
9.979903120006725636e-01 1.157486081913469272e-01 9.999992096631303840e-01
9.979348429563610345e-01 5.043880093893534505e-02 9.999976966303386616e-01
9.979465690824301793e-01 4.201067824318441800e-03 9.999989179861344946e-01
9.979210076033300236e-01 -4.282266422994960436e-02 9.999020682207252486e-01
9.979097011287453300e-01 1.871382044803521216e-01 9.999880781733681001e-01
9.979737335420787447e-01 9.272649011419020759e-02 9.999730485480281539e-01
9.979037063351278158e-01 -6.091055423881305136e-02 9.998110428317745768e-01
9.979396380813295719e-01 8.318710605672978431e-02 9.999921181122780611e-01
9.978957715918845839e-01 -2.274620626433743534e-02 9.999996186936805920e-01
9.979616821866801324e-01 2.175242923852470367e-01 9.999418132826767280e-01
9.980097880563324475e-01 -5.736946452343780894e-02 9.999819912578222780e-01
9.979101372986334262e-01 -8.124511925157411329e-02 9.999529886265791090e-01
9.979715396904368374e-01 2.286572934314016203e-01 9.997729241339282646e-01
9.979951161680247207e-01 4.878726210231813624e-03 9.999631598229676843e-01
9.979536787081876303e-01 2.844488838928539987e-01 9.999636597211597477e-01
9.979021690941720646e-01 6.933207689961809472e-02 9.999997002547185154e-01
9.978006985769961590e-01 1.089506456183726851e-01 9.999786655950277936e-01
9.978933116242056922e-01 6.467636213911270859e-02 9.999758108887782937e-01
9.979956104714029497e-01 -1.889620040254001987e-01 9.999992446992743700e-01
9.979130654729012617e-01 -1.756681356473976593e-02 9.999761396608626285e-01
9.979995425190059111e-01 -8.326132994907256557e-02 9.999996055585355093e-01
9.979498162895946711e-01 2.507777112872321967e-01 9.999974954747049560e-01
9.979716543471909285e-01 1.243927205571070810e-01 9.998674870396494496e-01
9.978913773675808230e-01 -4.695457168956659183e-02 9.999318312874935222e-01
9.979417168767464874e-01 -1.073194152201812079e-01 9.999410988763451913e-01
9.979660208475283900e-01 2.171570770379642468e-01 9.998673359145359152e-01
9.978763354380225659e-01 2.183695994848416366e-01 9.999947727176207168e-01
9.980192024611356238e-01 4.973126718772952898e-02 9.998936102620646915e-01
9.979988703034294861e-01 4.467579503105209571e-02 9.999761979423223979e-01
9.979501061117795890e-01 -1.058353752424392585e-01 9.999698428092081981e-01
9.979520728399424723e-01 1.732815687538096505e-01 9.999537926521715470e-01
9.979436517001185614e-01 7.085149444340328728e-02 9.999647389618105953e-01
9.979228219043617676e-01 -1.617033485724466702e-01 9.999880404629351016e-01
9.979898919369024624e-01 1.630247729061973794e-01 9.999935319797962352e-01
9.979887786977027497e-01 -4.048811601435397395e-02 9.999955483283873292e-01
9.979220601284680692e-01 9.242188508242238365e-02 9.998894347794214932e-01
9.979608980668400742e-01 -1.105965806766885384e-01 9.998935882122571561e-01
9.979655318302358413e-01 -4.612441209137314868e-02 9.999532268049646788e-01
9.980540427555623095e-01 -1.272426692971351803e-01 9.999984281738096836e-01
9.979076477593099570e-01 -8.179730902666543235e-02 9.999814628357811541e-01
9.978705386455609672e-01 -6.017527981153578120e-02 9.999975581053138773e-01
9.979644895225736612e-01 1.706615782936104012e-02 9.999192428230567753e-01
9.979613524394062019e-01 -1.283465305621992736e-01 9.999946635297963793e-01
9.978563950840417807e-01 -1.251716605108413871e-01 9.999979090685727767e-01
9.980523163180786694e-01 -8.842950552719527901e-02 9.999141099003088229e-01
9.979088041870736170e-01 -3.886058892927089781e-02 9.999904570628900258e-01
9.978965202746321594e-01 2.041386596273234849e-02 9.999980816972120490e-01
9.979669483752358072e-01 6.869134522613839187e-03 9.999969915042801194e-01
9.980382831240670605e-01 -2.428612436696062776e-02 9.999983555217187847e-01
9.979689163653732153e-01 -1.685478357656431114e-01 9.999295628235754796e-01
9.979401549498594370e-01 -7.259480426879287573e-03 9.999455062771374081e-01
9.979803286464504763e-01 -1.762802339362901094e-01 9.998837973318527306e-01
9.978896275119157888e-01 -2.479792597697562384e-01 9.999645753881986066e-01
9.979132861185395775e-01 -1.277533492481669752e-01 9.999935948062541602e-01
9.979620273762377369e-01 4.773352904400225416e-01 9.998889649806979030e-01
9.979080334692188581e-01 -2.270820325558466080e-01 9.999921969455762838e-01
9.978741915429913956e-01 9.264774053602356507e-02 9.999999996196996532e-01
9.979482035552947883e-01 7.736832533978264814e-02 9.999586825282147373e-01
9.979146514037239291e-01 -2.151512369168485928e-01 9.999737255206505582e-01
9.979711442239339592e-01 6.574624681915959556e-02 9.999956463918502347e-01
9.980778088225372713e-01 -1.099687686017093852e-01 9.999987348136814003e-01
9.978898817309409530e-01 8.630347152784146464e-03 9.999698891676062074e-01
9.979359005092287571e-01 1.842362855644547048e-02 9.999264550521438366e-01
9.980115255776949024e-01 -1.369771976304784422e-01 9.999928364512814527e-01
9.978425836023560036e-01 -9.089047863452572734e-03 9.999974043931358914e-01
9.978493467375414427e-01 1.751860550102326552e-01 9.999672423477744543e-01
9.979131346544679593e-01 -2.024676244821281279e-01 9.999720614062653778e-01
9.979604642140867954e-01 -2.319325872741172245e-01 9.999861803165910334e-01
9.979371176389594256e-01 -3.342442161334027717e-02 9.999807607255625230e-01
9.978721548416968901e-01 1.365108899804086395e-01 9.999863159530772982e-01
9.980298694193704412e-01 5.541086097151905893e-02 9.999304213286579479e-01
9.978969246998055098e-01 7.724628554486091814e-02 9.999411411518771553e-01
9.979270236262003380e-01 6.465410412662048190e-02 9.999592700861241745e-01
9.979124068590847774e-01 8.596442936495933551e-02 9.999989624219602913e-01
9.978671204317073329e-01 2.264142119537216058e-01 9.999998106110290497e-01
9.978714704740255792e-01 -4.429911943194789203e-02 9.999517364186747415e-01
9.979459187466244163e-01 -1.861825209480522381e-01 9.999999304790110344e-01
9.978555226312457727e-01 3.894822687357140517e-02 9.999843312278090535e-01
9.980201865487159374e-01 2.918057302516700591e-01 9.999717267123015008e-01
9.978767431237747232e-01 1.191829174579544515e-01 9.999525987560894391e-01
9.979251832083571028e-01 7.840805970245896817e-02 9.999933977360621062e-01
9.980535686945464224e-01 -2.771374973952386300e-01 9.999804851452971377e-01
9.978945571468674780e-01 -1.323700928775854990e-01 9.999293118009164871e-01
9.979957586408586545e-01 2.218446681678703722e-03 9.999996218348651267e-01
9.978948018491269334e-01 -7.808549526881507739e-03 9.999994302209181951e-01
9.979454422303751793e-01 3.552988562761473512e-02 9.999919302547646272e-01
9.979930677457978794e-01 -6.738763574881979912e-02 9.999770568621683120e-01
9.978875168727613376e-01 -9.461140686692318114e-02 9.999427761633865597e-01
9.979432483979221447e-01 7.730486197806175908e-02 9.999243803265038810e-01
9.978712890204710639e-01 6.065475215801854891e-02 9.999928783704320479e-01
9.979914271635866863e-01 -1.103560266604623474e-01 9.999932759464872367e-01
9.980013898923699722e-01 4.046663212645222607e-02 9.999998204985677264e-01
9.978801160930357295e-01 2.926384247487192614e-01 9.999304336260299575e-01
9.979714934004283444e-01 1.493016281600359763e-01 9.999686301309415049e-01
9.980211947407445772e-01 7.062615550929998709e-02 9.999439210568323855e-01
9.979372960824945960e-01 -1.274326059675975897e-01 9.999314932871402606e-01
9.978382648444331648e-01 1.062681447302308152e-01 9.999997786362798680e-01
9.980163024221572199e-01 -9.024417443426407948e-02 9.999696474251366096e-01
9.978732410423422072e-01 2.691751984020067032e-02 9.999974238232899326e-01
9.978991399085194169e-01 6.165463445594686342e-02 9.999479093209712177e-01
9.979553789705853939e-01 -1.055409703547590394e-01 9.999617455530445120e-01
9.979497297164670044e-01 -2.021623980118361086e-01 9.999995441454868628e-01
9.979135872488800185e-01 1.388654807637432487e-01 9.999987475018007332e-01
9.978985253342679274e-01 -1.269834573657237578e-02 9.999984156981466255e-01
9.979156477297163041e-01 6.923581875382732453e-02 9.999998499793660844e-01
9.979949728415309362e-01 -2.263064878133499436e-01 9.999546934309275770e-01
9.979298110864157634e-01 -1.532914090766994974e-01 9.999829372675117511e-01
9.979242183468214344e-01 7.836404814623967874e-02 9.999935179138444985e-01
9.979707617488693394e-01 -8.484725401216398899e-02 9.999943647285839399e-01
9.978295387164279884e-01 -1.859122160034427373e-01 9.999846339619304914e-01
9.979439169203864202e-01 -1.443401128819089552e-01 9.999705848459077284e-01
9.979408062700784177e-01 -1.847546133073815766e-01 9.998973585218001725e-01
9.979954892963481816e-01 -2.583935827245926187e-01 9.999201256442128427e-01
9.978669103875035251e-01 -1.203800636337710867e-01 9.999897916623171623e-01
9.980074695785460248e-01 -1.467345598269663258e-02 9.999996633481258446e-01
9.979316463261468373e-01 3.912449549615292649e-02 9.999971943347673031e-01
9.979035366841262356e-01 -2.911375296325247053e-01 9.999531806674366585e-01
9.979377563061699874e-01 7.702531293565897941e-02 9.999945859771574019e-01
9.979797677777945131e-01 -3.517934327374503539e-02 9.999884567519362610e-01
9.979632462125381798e-01 -3.104320073140746580e-02 9.999912791210519014e-01
9.979719585902228074e-01 -1.235124677701772700e-01 9.999661612008708955e-01
9.979880390684021663e-01 -1.155075491746474642e-01 9.999595141796309150e-01
9.978831421793507017e-01 -1.676763249022854632e-02 9.999930456308808724e-01
9.979895521219679377e-01 -6.981799563898956340e-02 9.999774199090377680e-01
9.979670532198779975e-01 1.621486894852536553e-01 9.999106433394276960e-01
9.979601355655053352e-01 1.760625647399092358e-02 9.999999634642200430e-01
9.979687453959426024e-01 4.272856770369858059e-02 9.999999855285939265e-01
9.979009197035680900e-01 4.983947515326440925e-02 9.999249713509760218e-01
9.979449177730981280e-01 1.057094343720380858e-01 9.999999950173252827e-01
9.978335200544367067e-01 -7.593873700063567822e-02 9.999895580592572664e-01
9.979553950053592359e-01 2.192594378410133715e-01 9.999988634203079707e-01
9.979625614336342654e-01 -7.605795898442352376e-02 9.999879841011561910e-01
9.979127901706162929e-01 -1.392541968588132117e-01 9.998661198625159452e-01
9.978850429152886781e-01 -2.487820049035873934e-02 9.999681401931276303e-01
9.979143742794078786e-01 7.077743661608044967e-02 9.999999940030528389e-01
9.979245156828792096e-01 1.416631474577234873e-01 9.999899743477120850e-01
9.979808814939038486e-01 1.525079629407390946e-01 9.999818507688239544e-01
9.979584818536477719e-01 -7.718723178499950488e-02 9.999187373236826382e-01
9.979273091761357017e-01 -4.708737146593728468e-02 9.999409570255786139e-01
9.978795965863793693e-01 2.288897895188743148e-01 9.999696756225960881e-01
9.979257606351802368e-01 3.587762315041848754e-02 9.999524342946775057e-01
9.979599410254504921e-01 6.949262720513249558e-02 9.999662534059914343e-01
9.979139179048085451e-01 -1.241921341484684693e-01 9.999926133574646991e-01
9.979601170104205332e-01 6.707496755991151915e-02 9.999660087121479135e-01
9.979125513894920863e-01 2.638811644079914337e-02 9.999973173606760968e-01
9.979523241785681620e-01 1.875715613164153917e-01 9.999994294566734165e-01
9.980313263239957156e-01 -3.234091096897419998e-02 9.999997791972066175e-01
9.979505396006899121e-01 -2.711686821559666782e-01 9.998892124913180135e-01
9.977533413370190951e-01 -2.029663995600419490e-01 9.999967532997471320e-01
9.978575919210070921e-01 -8.987677162900245542e-02 9.999993165960896491e-01
9.979168672124918427e-01 1.883027974842331432e-03 9.999947471491178463e-01
9.979614871331768944e-01 2.431462412740012791e-01 9.999884573494004503e-01
9.979736018929149521e-01 -7.888654208731481210e-02 9.999836194912360421e-01
9.978820685879492558e-01 -1.685901900478981585e-01 9.999782316767058532e-01
9.978790218365999332e-01 -1.166816418672305816e-01 9.999996996186151232e-01
9.980016559454729652e-01 -4.709345912691898645e-02 9.999949242308361352e-01
9.980210364973935988e-01 2.487439438318301763e-02 9.999999839212347919e-01
9.979423214895931649e-01 -6.798477142649439475e-02 9.999886636834659503e-01
9.979184478581107909e-01 -1.211121999684934732e-02 9.999584569061067407e-01
9.980102884913000238e-01 6.173073882827315173e-02 9.999514885682928567e-01
9.979292068177679775e-01 -6.177739767855960906e-02 9.999731609301200086e-01
9.980041498264963229e-01 -1.344736908065246872e-01 9.999988923354903303e-01
9.979650444331437109e-01 -3.045722923948016025e-03 9.998906312188496903e-01
9.979384690853766449e-01 -3.552123783498532111e-02 9.999767428224058952e-01
9.979227278232678522e-01 1.753813460499781263e-01 9.998228378357137958e-01
9.978707512292896986e-01 6.833248029770003229e-02 9.999552457292625318e-01
9.979510986000990069e-01 1.149447130617523849e-01 9.998507157139111534e-01
9.979205084869298137e-01 1.749263658231720725e-02 9.999319672739943599e-01
9.979829031229507930e-01 8.256691513242175873e-02 9.999982378139633532e-01
9.977941355560454584e-01 1.070736685664610936e-02 9.999999888677445492e-01
9.979481157294599614e-01 -1.089611515838094374e-01 9.999699768858995030e-01
9.978187353075067545e-01 1.103885365413250635e-01 9.999991497386341299e-01
9.979838556818551032e-01 -1.791616931443892891e-01 9.999855943855284757e-01
9.979888604319262502e-01 -7.972967210558920548e-02 9.999999995603947589e-01
9.979616189293594175e-01 -2.498916525375981523e-01 9.999662085985049353e-01
9.979075090486306809e-01 -1.221547745136625646e-01 9.999998999345316442e-01
9.979060392836661686e-01 1.172842545550681764e-01 9.999938349917428804e-01
9.980016362929255980e-01 -2.205097454920944711e-03 9.999734373831330458e-01
9.980132044435030547e-01 6.509874360934105042e-02 9.999820894280408989e-01
9.979391977077755049e-01 4.653220213425598994e-02 9.999425481458243947e-01
9.979446847809981813e-01 -1.461323893216064096e-01 9.999771935938037704e-01
9.978810732638107028e-01 -9.095883372417951085e-02 9.999989840951432063e-01
9.979370948047462386e-01 -7.642010839739914185e-02 9.999909525531930354e-01
9.979731393684517782e-01 -9.066355360237195876e-03 9.999803207042159414e-01
9.980264438711853314e-01 -2.136550890536816905e-01 9.999997824366940735e-01
9.978691006103753702e-01 -7.391186701597521336e-02 9.999795053908473452e-01
9.979266240120724385e-01 -1.460804907136081521e-01 9.999053019702190959e-01
9.978566631208691806e-01 5.802432140876676719e-02 9.999980524500670098e-01
9.979530680874856285e-01 -5.254806587245079014e-02 9.997927917306608236e-01
9.978895603309706486e-01 6.901834020335670394e-02 9.999581921678873941e-01
9.978989725237564778e-01 -6.139334316420381327e-02 9.999284219995940859e-01
9.979801111081187948e-01 3.106347842386752642e-02 9.999997691751741913e-01
9.979614597115715746e-01 2.176500763933283955e-01 9.999951158073860924e-01
9.979182111281417189e-01 -6.585838712422001362e-02 9.999350687064993970e-01
9.979209105039305028e-01 1.402543916343149122e-01 9.999958981311033446e-01
9.978432807721133724e-01 1.153821333136673538e-01 9.999957733700056695e-01
9.979973072071567364e-01 2.584530271033089882e-02 9.999975644917648010e-01
9.979524734547813303e-01 -3.145778238963610474e-02 9.999970697323753432e-01
9.978424710943193388e-01 1.582586966252491623e-01 9.999977685071349542e-01
9.979749515112704694e-01 1.896105173603794825e-01 9.999747974375906567e-01
9.979634074038457037e-01 2.411519152671146721e-02 9.999998214114316220e-01
9.979723311272208353e-01 5.620379523411888484e-02 9.999925412212955500e-01
9.979125677962165097e-01 -4.279528257762509752e-02 9.999961594426363121e-01
9.979990381278271983e-01 5.781635206867376253e-02 9.999999798251704153e-01
9.978637428509733454e-01 -4.185814762363713332e-02 9.999984446815962658e-01
9.979609570553013009e-01 2.230571627627068315e-02 9.999831864014521177e-01
9.979437349941774338e-01 -9.003780687442394792e-02 9.999976808011977747e-01
9.978276920002564498e-01 -7.624187367187769925e-03 9.999865528433239392e-01
9.979855437195679357e-01 2.678963895808235754e-02 9.999960333342255980e-01
9.979544451712019093e-01 -9.071842605144386090e-03 9.999991719589534922e-01
9.979240092331173040e-01 7.596092085355862777e-02 9.999858017508800323e-01
9.979976779791785990e-01 -9.337312587823035082e-02 9.999674852196177577e-01
9.980130563227849194e-01 -9.733810219015980036e-02 9.999832787098024145e-01
9.979653543633619783e-01 1.648826020793808800e-01 9.999818693098593281e-01
9.979226028944827576e-01 2.594925284414890121e-01 9.999759155193254090e-01
9.980025570928109380e-01 -4.907198418711748028e-02 9.999925999812251387e-01
9.978999711362904756e-01 1.295618726667614740e-01 9.999939295231973224e-01
9.978940852782374193e-01 -1.457903706893115547e-01 9.999884040576290101e-01
9.979953309979211484e-01 1.657172340647562192e-01 9.999793979167853619e-01
9.979839977735309731e-01 1.725966308755135514e-01 9.999998928135198639e-01
9.979200457391623758e-01 -3.302073189383791102e-02 9.999468080481540566e-01
9.979636070736543907e-01 1.852982695068123575e-01 9.998900241554574686e-01
9.978196285222984407e-01 2.411970498678119024e-01 9.998322860881574403e-01
9.979592666808683177e-01 6.792386517668400417e-03 9.998047863975095817e-01
9.979367045491436272e-01 1.238926694753094415e-01 9.998778698220647243e-01
9.979436307715757737e-01 1.534321734517571645e-01 9.999943334920307070e-01
9.979034865859423009e-01 -9.269937892493547438e-02 9.999628199482901714e-01
9.979504838870284500e-01 8.181583919678810102e-02 9.999885688463190370e-01
9.979021516957137239e-01 -2.307946526814464230e-02 9.999123727777674553e-01
9.979187129933910771e-01 -1.617936433665710660e-01 9.999989531284030342e-01
9.979989392740236109e-01 -4.727773822174359195e-03 9.999997434267957619e-01
9.979882582149900427e-01 -3.497335819838317539e-01 9.999810505249917547e-01
9.979181960101792814e-01 1.293344843933977584e-01 9.999855961080490463e-01
9.979339140233093319e-01 9.289764959553349633e-02 9.999699623583196972e-01
9.979350450927569893e-01 9.084154390926368894e-02 9.998994775972943616e-01
9.980068913404689379e-01 -5.911662656525459164e-02 9.999798102089775265e-01
9.979728882366846188e-01 -2.893820029719955042e-02 9.999903265503412575e-01
9.979964580160192167e-01 -1.580842275810372677e-01 9.999990684058455148e-01
9.979851140547877364e-01 5.693060090077556312e-02 9.999591798806473086e-01
9.978458077767247136e-01 -5.382051530453507010e-02 9.999382395973093196e-01
9.980236249937679549e-01 -6.836381995687364210e-02 9.998750203799955383e-01
9.978799823953006243e-01 2.179586110158547932e-02 9.998412770056448462e-01
9.979695601517361014e-01 1.629281774773754243e-01 9.999394426648163803e-01
9.979263965858651275e-01 1.209435743453597945e-01 9.999800206900067989e-01
9.979401190479544326e-01 1.803071410644032160e-02 9.999097519655166799e-01
9.979186666704940034e-01 8.063662437086227541e-02 9.999911862478367830e-01
9.979566162841622123e-01 -1.281519954896666591e-01 9.999999978213393037e-01
9.980113415595537329e-01 5.467896435110417702e-02 9.999385520850233577e-01
9.979089907517613156e-01 1.586221221481744909e-02 9.999980107279985431e-01
9.979968533871911296e-01 -1.811784338923082271e-01 9.999975013292377035e-01
9.979439600860955384e-01 1.957346299528220021e-02 9.999983284998050781e-01
9.978495449852838872e-01 -6.746638180453834455e-02 9.999532056033080263e-01
9.979492617717208303e-01 -1.354590008147334504e-02 9.999839587211580838e-01
9.979010504775251977e-01 -1.793214476603250881e-02 9.999968260516519658e-01
9.979168893171226351e-01 -1.632887780255380950e-01 9.999968804765638763e-01
9.979101014114385437e-01 -3.155074165153118337e-02 9.999995439456377255e-01
9.979017385619600722e-01 -8.489279944320428373e-02 9.999982264739373239e-01
9.978602530629649969e-01 -7.308197643099854923e-02 9.999997433991064666e-01
9.978513439138877450e-01 1.875228353659318392e-01 9.999997967766944829e-01
9.979003341605650057e-01 6.974873934444406065e-02 9.999938738440574681e-01
9.979399861024522700e-01 8.366792190430756559e-02 9.999344309015140153e-01
9.980067071066434092e-01 -7.352420571255961768e-02 9.999723116817543778e-01
9.979538108037330213e-01 -1.400155809498428994e-01 9.999663303302050998e-01
9.979229646581340152e-01 -3.575581093843203245e-02 9.997852108238073354e-01
9.979132881484465978e-01 1.128563689802912912e-01 9.999704815958406767e-01
9.978766310886600932e-01 -7.562903540903104238e-02 9.998652383079176253e-01
9.979680841914327916e-01 4.812224017065924037e-02 9.999966506241706465e-01
9.979126643021528631e-01 2.695075549368425999e-02 9.999291087125260491e-01
9.979770787257563613e-01 -1.072304942120306664e-01 9.999986635534757751e-01
9.979751808390737722e-01 -3.724710264073226307e-02 9.999642529581806993e-01
9.978959825493525226e-01 2.335947287525918029e-02 9.999979007949367782e-01
9.979790315196328532e-01 -9.296411280158885238e-02 9.999330977919783647e-01
9.979120314361089594e-01 -6.873441014288511619e-02 9.999140123150423998e-01
9.979242766289032618e-01 5.966009600929060401e-03 9.998915391003653230e-01
9.979771310159576414e-01 9.408447925535629031e-02 9.999814689107194843e-01
9.980338337255222347e-01 1.285342211557707615e-01 9.999995887105058712e-01
9.979372404445090439e-01 -2.431657842627815147e-01 9.998786560908703436e-01
9.979107161985832919e-01 -1.529590927882060192e-01 9.999599259256050088e-01
9.979170562816626067e-01 -2.001779134563403395e-01 9.998784236399105296e-01
9.979306131884623232e-01 -1.253588276045901895e-01 9.999821218122082467e-01
9.980058993807189305e-01 -1.077544853431667837e-01 9.999944990802762668e-01
9.979310784629300546e-01 2.070922414960371105e-01 9.999985111724640774e-01
9.978897158011961199e-01 -1.218144565176161875e-01 9.999916182976340551e-01
