3.335152359035586933e-02
1.345796819244814840e-02
1.256121739620580380e-02
3.888717392057065847e-02
1.199116423573541937e-02
-4.631535698704890291e-02
1.621889353366477368e-02
2.505477117817107163e-02
6.829105405503204393e-04
-2.020258327977662166e-02
4.054350723383736560e-03
-1.866353116259451481e-02
1.307684579706292101e-02
-9.102756810805370802e-03
-5.739352664094325707e-02
-3.145550017996785047e-02
3.835896917300368053e-02
-6.405511034424755945e-02
-3.594027245326572931e-03
-2.037167802754533824e-02
5.433238821112489590e-03
3.134415721290144136e-03
2.272536023415962572e-02
1.814967288181636509e-02
1.000921507803004783e-02
2.966681404872675148e-02
1.550655187892857959e-02
1.226068176712404381e-02
-1.906538813394927437e-02
-1.706894745346033623e-02
-2.150320236904319435e-02
-8.874240729498350869e-03
-1.906939928348461155e-02
2.698148491549565847e-02
3.274382991253295405e-02
4.174958746129112108e-02
-3.293971497611697385e-02
-5.892181037778397579e-02
3.688431909521235064e-03
-3.884106587944653050e-02
-5.723123329015065291e-02
2.275786086359613339e-02
7.418027209739982974e-03
2.309501492119768115e-02
9.898746345917504210e-04
2.654319765977817755e-02
4.810261519624474229e-03
2.995239625843970285e-02
4.326847376266577255e-02
-2.591182043924573648e-03
-5.389211663072148925e-03
-1.775875873775553324e-02
1.429598425005945391e-03
-1.190012411195922985e-02
4.724205869527035168e-02
-1.580703588294872855e-02
1.977548636882990249e-02
7.788411608977087366e-04
2.992109229428600858e-02
-7.274384982601106442e-02
1.515226906061261508e-02
1.291117730949571836e-02
-1.456749925160138147e-02
3.119922727038651478e-02
3.711241496094699888e-02
-2.940201747061426535e-02
-1.466926054521906601e-02
1.121635599688527475e-02
-1.839733695492036178e-02
4.882407080692429541e-02
-4.230377075986428530e-03
4.596855183013002361e-02
8.050427760677001830e-04
4.942571329739654795e-02
4.013408644719314300e-02
1.189414639833960563e-02
-1.966609214286752297e-02
3.089204619259092177e-02
-1.173474719186277590e-02
-1.817544369758455555e-02
1.500740437396116912e-03
3.413749130860461306e-02
1.229669293808587083e-02
-3.654381909739104484e-02
3.267198759075397394e-03
-3.461785495641959975e-02
2.590081998107196873e-02
3.080198546846555849e-02
4.425723427111011819e-03
1.533922356782174527e-02
-8.820220109145879978e-03
1.283399241987823527e-02
-2.047687619906814541e-02
3.143290310795289477e-02
-3.095668499519033112e-03
-4.323015535696200437e-03
2.400686576664280356e-02
-9.161083659006183377e-03
8.346917622892345914e-03
1.083441052428531573e-02
-2.815326419288394916e-02
-4.712962719029040182e-02
6.849635282579394358e-02
-1.678062291974604997e-03
2.395134740301483808e-02
3.271813070149245072e-04
-6.179746671788585765e-04
4.461382254356582866e-02
-3.415886976076628473e-02
-8.752520551589914113e-03
-2.749228755559310344e-02
1.722860095209672454e-02
-1.228942364930728399e-02
9.010197461904069852e-03
-2.737406086209020692e-02
-2.363570590395735679e-02
2.966029038715969901e-02
3.253008965365219995e-02
5.322759602947512055e-03
1.437970726400379824e-02
-3.914399403294412799e-02
5.572926305735999980e-02
-4.045231905536999378e-02
1.143893792023558884e-02
1.720861721242719286e-02
2.049820127388818011e-02
-4.883866720648358944e-02
-1.760331192777603521e-03
1.457598527123111880e-02
1.670120531685992393e-02
-1.615166569119846560e-02
1.702982416347412556e-02
-1.318847189047131843e-03
5.010106963994696849e-03
1.293866878112359502e-02
6.036426484114211510e-03
5.583103669389752333e-02
1.484770998430895959e-02
-3.502549771203541246e-02
1.619412704112902987e-02
2.186824733886479077e-02
6.091406220332048344e-03
2.667616215223207743e-02
1.295009120328334887e-02
-2.634331599953867661e-02
1.087300432049812145e-02
4.813779192451580514e-03
2.195085076708402569e-02
-3.726411799571624495e-02
1.958862275673376244e-02
-8.539047353365102067e-03
-1.995801391246907266e-02
5.132985734909933755e-03
-4.916345932638450239e-02
-7.614457447197087777e-04
-2.499734085775671272e-02
3.817791608269228976e-02
5.802710903985730875e-03
-2.365957107904417128e-02
1.261032577122536864e-02
-2.812222518373597591e-03
-3.178628443426647493e-02
2.776595336465285252e-02
-1.472996156813527295e-02
-1.258888443418228458e-03
2.070489052873191599e-02
5.908190618853739751e-03
-1.629769359016638650e-02
-2.454358612797070613e-02
-1.802795640855890322e-02
3.016859522412207797e-02
-1.991614004795062148e-02
3.643553585306951587e-02
2.263104030470783345e-02
4.021121272814999481e-02
4.057491891298862369e-02
3.539984305536607659e-04
-2.504819477054344087e-02
-2.770782053134751913e-02
3.410427453159398624e-03
-1.940882748226611942e-02
-2.992940757015510878e-02
-2.046074135574245129e-03
-1.080791107009070572e-02
3.243759606600204667e-03
-6.208593003328179843e-03
1.496388194938743678e-02
-1.925299530346675711e-02
1.697187736020914356e-02
-6.553064072948860952e-02
-2.364829641107688354e-02
2.382233513676399600e-02
2.372508756780353223e-02
7.856542539081383045e-03
-6.389880016236413815e-03
-5.155943559421510836e-02
2.188010300141789502e-02
-1.688624043218841381e-02
-1.902051857788482001e-02
-7.990149715631031380e-02
-2.041977549607528267e-02
-2.861470768128256473e-02
-1.529108936044254810e-02
9.560253064142921336e-03
-1.707044930598581103e-02
1.752311989081079728e-03
-8.035305041000142048e-03
-1.916862950678396849e-02
-1.996173193840038856e-02
2.197174983925073710e-02
1.485178186550990473e-02
-1.304822884214890122e-02
1.066975934352405557e-02
7.025208291616855116e-02
-6.317644042691906991e-02
-2.062349512988515161e-03
5.179656671750585209e-03
-2.080977372019334956e-02
3.821818948034374358e-02
1.740626976037044221e-02
-5.997760744500239436e-04
-2.792836304409350955e-03
-1.392994542490660383e-02
-4.357101102924626664e-03
1.907479142888286391e-02
2.132959791337220301e-02
5.662455637190841155e-03
1.307587272701164630e-03
-1.151516998800478780e-02
-2.835333871900667935e-02
-2.162065652708522467e-02
-1.265745341151362086e-02
2.365517322528684976e-02
-6.683365973747330303e-03
-2.321045806437156342e-02
5.000243945258314726e-02
1.295642952493472784e-02
1.568264278708813089e-02
3.139171787897657856e-02
-2.510526587384082770e-02
-1.937646480382156089e-02
1.999748939791613778e-02
-1.613519150238236846e-02
6.987754868981152327e-03
-1.717188202421635404e-02
4.775265864318896727e-03
1.087871559743448270e-02
1.007161257851065667e-02
1.477842022830142162e-02
-1.955844495674253711e-02
-7.616279136538678038e-03
-2.800282521036342315e-02
-9.927860472627617755e-03
-4.246471694088338467e-02
-1.289557639998033939e-02
-1.605049315103837873e-02
-1.749346892811398310e-02
3.853166541548571494e-02
-3.381562312329985248e-02
2.958520316869898623e-02
1.997931433226289230e-02
2.848660872469896410e-02
6.617423940744993072e-03
-1.065020593059251043e-02
2.495646261422271306e-02
6.620064150183882848e-03
-1.480380503150034721e-02
4.332015779308058534e-02
2.860880904339962658e-02
-1.538113143154472284e-02
3.951717657631598213e-02
1.571050015811336145e-02
-4.295375605324678117e-03
1.615130861378475877e-02
-3.527137304616426855e-02
-2.246334735401329594e-02
3.700495493613973480e-02
5.914202559349703188e-03
1.395313100074226272e-02
-3.097971584467796094e-02
2.352827186092534828e-02
-1.034926191185763129e-02
-1.624754278671543609e-02
-2.337038036127407625e-02
4.034153190591449265e-03
-1.043714409127752436e-02
-1.651772037182838715e-02
-2.060110758180981605e-02
3.948587093839770086e-03
3.430084167328779216e-02
2.071143659078993060e-02
-2.564428285611120907e-04
1.601956560464211365e-02
1.911743030774415084e-02
-1.010355166380241809e-02
-5.843806865538356266e-02
-1.537973046457925992e-02
-3.198076011174198069e-02
1.711430079280351277e-02
-4.344933522968885686e-03
-4.205163476070566259e-02
5.885252978544089179e-03
2.827808658786483409e-02
1.048494554739130141e-02
1.896058912766299120e-02
-1.365163458729853332e-03
-1.737921813150518704e-02
5.070577274721143474e-02
-2.171273376580904954e-02
-1.329048767525941969e-02
-3.426968428521180721e-02
2.526287455705554866e-02
7.077394399320084684e-03
-2.655486322092233051e-02
3.134911517832327660e-02
2.300977115894488941e-03
-2.701944469224991374e-02
2.405947004108253962e-02
-2.193120629939990587e-03
3.397422407121070131e-02
-2.723944617006843205e-02
8.207172208412997355e-03
-2.563628805025573200e-03
6.846083128292115849e-02
-3.099255902467955705e-04
-1.484135442476057498e-02
-1.261568466059570862e-02
-4.187679170339547730e-02
-4.481314828810981782e-02
9.822702357671088055e-03
-3.953531368585049693e-02
-2.658874373740266039e-03
-4.046991098457502350e-02
-9.362382829300927014e-04
-3.427129791901217110e-02
2.362806048229622313e-02
1.574628226334128314e-02
-1.005897300273979333e-02
-4.255335769376523969e-02
-4.807476901350531129e-02
-2.190860294057265720e-02
6.389903050337945867e-02
1.019068028594611111e-02
2.218212330384210923e-02
-1.401311317275343547e-02
3.613888836880196215e-02
9.290031525929321604e-03
9.730387447664152339e-03
-1.050993958569887074e-02
-4.332678269425742357e-02
7.616342090947823829e-02
-1.300574816463152990e-02
1.916259821085892698e-02
-8.174933423959385506e-03
3.156065141005005847e-02
7.451414329876875769e-03
-1.876911726495466420e-03
2.247078318193429861e-02
6.630523223546591106e-03
-8.668584483662105170e-03
5.108106181173061727e-02
4.467506828807327451e-04
1.438631658074132277e-02
1.809340049102468526e-02
9.338977161877360517e-03
-5.041597286446550252e-02
4.354771588566602042e-02
-1.339708886919992528e-02
3.317777108349311693e-02
-4.157591768893723755e-02
-1.286173432770741816e-02
1.855051128305167454e-02
-3.772536725141145686e-02
-1.873475334866650521e-02
-1.710044576625053409e-02
-2.522535683314178212e-02
3.148555298941064368e-02
-1.610211620518937556e-02
3.093682974018647017e-02
-4.453956121997162954e-02
-2.245979665568414996e-02
-3.910189353912146143e-02
2.185384622760912221e-02
-5.113382598457722611e-02
5.161019298284270744e-05
1.993773338279031249e-02
-9.193132410370691548e-04
1.378172120569078236e-02
-1.589165322240452443e-03
3.369916124927581358e-02
3.515314279536342276e-03
-3.129506760874356530e-02
-3.025638835642925975e-02
2.986353318446771654e-02
1.801735546094596768e-02
-7.037633624784445487e-04
1.242851242294662137e-02
6.994857035902048853e-03
1.315901097491215498e-02
-5.313497235107551842e-02
-8.235856530485844221e-03
-5.128638525721146424e-02
2.387101495717455432e-02
-2.866201585538476291e-03
4.914139131618318335e-03
-1.030108536818358927e-02
-2.443108765291841442e-02
-1.802643164047936300e-02
-1.221829693083598296e-02
7.128342763217295971e-03
-2.322078657966326898e-02
3.537252295027253080e-02
-2.256743644424868273e-02
1.546996318973556904e-02
9.308430628320599892e-03
1.917195968568679784e-02
1.274663000197905809e-03
-3.852057631540385836e-03
1.233221488439789626e-02
-1.782809357853907400e-02
-9.850046620443404441e-03
4.096943653012965342e-02
-4.046302390032802815e-02
9.550820167258087384e-03
2.808330830725604826e-02
-2.503814848492756998e-02
3.915191043202484455e-02
3.635294552322201195e-02
-4.491658679935971871e-02
4.158586218564254075e-03
1.835059101784180385e-02
4.872133591232072347e-02
-1.113974592326649402e-02
-3.799401704551984282e-02
7.014229172313775525e-03
8.936799281852142798e-03
1.322198379677042360e-02
-7.258372809096099061e-03
5.231622885594616745e-03
9.027354299867064794e-03
2.551709639205908958e-02
4.788935363896153902e-03
-7.964630603118250107e-03
-2.888017964403519558e-02
-1.574937652025590329e-02
-3.704563677840305713e-02
2.724257970768874382e-02
4.911196596730334207e-02
2.948991432762059980e-02
-3.159816479985751419e-03
-5.601842912557439963e-02
1.169647243764805090e-02
2.695354248091542254e-02
8.090841509286661112e-03
-4.580895712410645859e-02
-4.244370476244550827e-02
2.386845621827981059e-02
-3.500590056420786744e-02
3.145856679430149988e-02
-4.642254233221836113e-03
2.910460234232221596e-02
-1.779871850494029947e-02
-3.902589755239631395e-03
-1.891519948607703686e-02
-2.045397690816102426e-02
1.411329840374580050e-02
-2.059597684975924409e-02
-2.753407910951482032e-02
6.888526404030416829e-04
-1.473992149315159206e-02
3.949537792260190971e-02
-2.267218273285504307e-02
-2.783053165284954736e-02
2.875743711358401053e-03
7.409534152985769624e-03
2.351458602352298269e-02
3.826328295760032111e-02
-2.383408445316840055e-02
-5.810732836679724511e-02
2.853683816313582616e-02
-2.687029886149129576e-02
-5.020102939070788389e-02
-3.854187445655728184e-02
-1.441100572661607390e-02
-7.047941296475882314e-03
1.349261244700930345e-03
4.461555405006788384e-03
1.955944125118084034e-02
7.627571953064775628e-04
2.922751306895155898e-03
3.555541151814247108e-03
-1.159760253517781118e-03
2.668620508299547958e-02
2.331681392470920031e-02
-2.362251194886042308e-02
-2.148412664401886177e-02
4.898482834264457006e-03
-2.923396585334371231e-02
-1.481827952168341365e-02
-1.629813234763194483e-03
