-3.149561373424720963e-05 5.515233606398275559e-08 6.768655910764806624e-07
-5.476349214439946958e-05 -1.210363149664680870e-08 5.700315612655622735e-07
-4.383828681249454025e-05 -7.846662622230047871e-09 4.771525934371403009e-07
3.737655723602205084e-05 -1.784063516776875135e-09 6.141897936692068631e-07
1.942708002913733810e-05 -1.508293989776957613e-08 7.092751485121487151e-07
8.316683154883861278e-05 4.815348487488721864e-08 6.901115468179009696e-07
1.864235769640519341e-04 3.617534403898530531e-09 5.984716810608092841e-07
2.050269754771919407e-04 6.395753396977389369e-08 6.047033375135914826e-07
1.752462719966270331e-05 -8.517035061769509424e-09 6.395932941590810556e-07
-1.147626040250144370e-04 -3.548244220011127154e-10 5.841344672638133163e-07
3.502205933073072191e-06 1.548204685021813594e-08 6.633320597048400466e-07
-1.195875058893917844e-04 -2.893617927149087715e-08 5.494508154080833001e-07
-5.529375164020512153e-05 1.987019512566883011e-08 6.272328058377098638e-07
2.636884720137911445e-05 3.574660741865949195e-09 5.681624205879539085e-07
-8.037211186851731038e-06 -6.551299056464764334e-09 5.952260925367587719e-07
1.967300010309287013e-04 4.445680523511755893e-08 7.798603450852700431e-07
-1.775284352849100977e-05 -6.735353326148784439e-09 5.514296301463825826e-07
2.781311183732912418e-04 6.494366609400581601e-08 6.205181815793034280e-07
-4.077595512757603081e-05 -3.237080125146478416e-08 6.826097276000061229e-07
-7.318640131849794803e-06 6.486772886194874240e-09 6.488645530939424127e-07
8.879145845701545811e-05 2.511415122492948425e-08 4.755173228130070902e-07
-2.564682581672117346e-05 -2.846217673570131585e-08 5.892884213157487308e-07
5.522265338268257423e-05 9.261070274855972797e-08 6.574727845549150117e-07
-5.977856833119578756e-05 -2.385129617205804215e-08 5.145248043796407893e-07
1.028538453946815044e-04 -1.444429536147213071e-08 6.124397941258260998e-07
1.553354016534933045e-04 -2.491321913182262731e-09 5.982393021831465206e-07
-1.342546792709259308e-04 1.545942684414802190e-09 6.906051202380284815e-07
-5.206230238031211147e-05 -3.596054591941255193e-08 6.905739820633619434e-07
1.170164882847719592e-05 -3.225239774503648961e-08 6.189847120090349243e-07
-3.349960212622741704e-04 -2.154232503358284926e-09 7.469343671007736715e-07
1.386623751376907764e-04 1.050475674166664451e-07 6.409531718076333623e-07
-8.195477554292167994e-05 2.911387636867046033e-09 5.200945359219523565e-07
-2.527756557017066946e-04 -7.367556839944816846e-09 5.798369654851262470e-07
-2.467120028012664875e-05 1.726692370980855768e-08 5.832375424026871964e-07
-9.937960303449649545e-05 4.553690886953740772e-10 6.674995985507119032e-07
4.250728459080674955e-05 1.791305010203967428e-09 5.231919684981084255e-07
5.487712351959067716e-05 -5.214869205376149092e-09 5.746053535492062229e-07
1.250406437174856288e-04 -2.088159296831124052e-10 6.162115200521604924e-07
4.901048348440364261e-05 4.181743540907995463e-08 6.414961927472982827e-07
-4.112161385368208645e-05 -2.857224315291874643e-08 6.125405510953736779e-07
-2.209602582295847680e-05 -4.830012644905450823e-09 5.692332424326151727e-07
1.109967123061327845e-04 1.098915214863263871e-08 5.054526393141846443e-07
7.988807492400090053e-05 -1.004617487523798417e-09 6.118001440017539988e-07
1.890252677003581377e-04 3.901725296250909835e-09 5.452413724127188463e-07
9.110077258993491754e-05 1.387794521660432499e-08 6.368525866122088904e-07
5.929906483417573691e-05 3.292094189801122417e-09 8.582597858551769818e-07
-8.757896662684748804e-05 4.244868488805325932e-09 6.113396935886397945e-07
2.149312828955289351e-04 -3.395921809049815555e-09 6.737587260291291490e-07
-1.784744736488089211e-04 3.905240146816588480e-09 6.872736854742090787e-07
1.444619354302593734e-04 7.024438349225035457e-10 6.701572511700301057e-07
-1.343041711551479635e-04 9.847766947376261743e-09 5.596730651713158372e-07
2.901529038477261655e-05 8.433916248350987545e-08 5.402459545712629195e-07
-1.079584866687289694e-04 1.334501111881614370e-08 6.674538410300204570e-07
1.606177111997188515e-04 2.838695788289177030e-08 6.196011759660609718e-07
2.331138849795751794e-04 -9.411969485168953086e-09 7.843604699920167423e-07
-3.418153136750867927e-05 9.316252705602600161e-09 5.649844025335661186e-07
5.970198879600046492e-05 -2.498716214416921238e-08 6.040615692984004937e-07
2.090416518242729218e-04 2.989129309368620176e-08 6.096645042461764156e-07
1.035667509973607116e-04 5.472685224182679977e-09 5.495882163392401103e-07
1.139794516826828612e-04 5.326515244029878008e-08 6.480921542910702795e-07
1.119763815549081927e-04 -1.030067057875196670e-08 4.860960291970660135e-07
-1.036039790571166873e-04 -7.007331961198470640e-09 6.203573113239822316e-07
1.919997164562791943e-04 2.511617690171150602e-08 6.885627336614808318e-07
4.182621845175638813e-05 1.510655884989716288e-09 5.942530413097231929e-07
-2.165715631599348745e-04 1.765451769916236222e-08 6.338151231365371426e-07
-7.362069167565712827e-05 -2.599639431757978991e-08 6.366558151215598132e-07
-5.250827497736530606e-06 2.252250187927873617e-08 7.085479430650442205e-07
1.244646306413659442e-04 4.163365477827754552e-08 7.403120146181134952e-07
-9.920312986487839148e-05 8.201662684197152409e-09 6.545790356250209754e-07
-1.198105801156189331e-04 -4.480624199855780933e-09 5.490597427402057193e-07
-2.046787774316895215e-04 -3.077520435983880790e-09 5.877404652828582222e-07
7.287316070917797197e-05 -2.401768368622480624e-08 6.040504842183622562e-07
1.104873379386349489e-05 -7.584158518541266186e-09 5.546804854807456197e-07
1.247784225864906353e-05 3.931220051116118535e-09 7.030163566939673384e-07
-5.966474206631197300e-05 1.667017275700699836e-08 4.708959354083861219e-07
4.849158624993503842e-05 2.290758645305095022e-08 6.711048857729538341e-07
-3.863563789081297787e-05 1.160957067604998281e-08 6.087441330708325950e-07
-7.585900985087527630e-05 -7.111049707158676034e-08 6.154889348042850592e-07
1.448417897580007749e-05 -3.693075754635403230e-08 7.288980948107181997e-07
-7.190473332099590843e-05 -2.250848596599536423e-08 5.261678658122876991e-07
-4.192169406266540738e-05 -3.029990731489320022e-09 5.315618502484374276e-07
6.436436637875530577e-05 8.057739531705541481e-09 5.588869397322346885e-07
9.851791582098177319e-05 1.479226196305932170e-08 6.405995962786699974e-07
-1.011991452743947999e-04 1.331215728690688362e-09 6.456085448928584698e-07
-2.289941354096479008e-05 1.085002621500560395e-10 4.843121878951820249e-07
8.639778125073500957e-05 -5.602138396823820586e-09 6.382194156482429988e-07
6.226238691901265219e-05 -1.123294801010881581e-08 6.221503591009439614e-07
-1.527888801310161378e-04 -3.087722152673647118e-08 6.906631091525753237e-07
-1.239974274362730746e-04 -6.186508648409088445e-09 6.108132122449945454e-07
-7.877245014189315851e-05 9.403264133752576862e-09 5.432513680388890131e-07
-1.810666852853907885e-04 -8.522960771290359591e-10 6.345936230563342358e-07
-1.696297515129757899e-04 -7.529490513430019696e-08 4.903803487329906211e-07
-4.349319504801671068e-05 2.212084661523440199e-09 5.910634893445537897e-07
1.744149757571814214e-04 1.316755838916587524e-08 6.370504894806607877e-07
-2.707566842436014362e-06 -4.951085408764436407e-08 5.862477309793537042e-07
-1.214338874586182854e-04 1.086612367614737110e-08 4.759367377605269357e-07
-9.140359863150946740e-05 2.934671382789637112e-08 6.266647432208528041e-07
2.023376324798004642e-04 -6.899118327740322333e-09 5.728835158867548460e-07
1.406683209926831231e-05 -3.621268623501296199e-09 6.522001873974647249e-07
8.549516546654285239e-06 -1.573361342970650060e-08 6.765756043454284292e-07
2.618836741457925070e-06 -2.268052843616922167e-09 5.088337563472626010e-07
-8.282866783072686341e-05 -1.149931248789546702e-08 7.151946370345825284e-07
-1.434081982984508543e-04 -3.208130623536900838e-08 5.278421584449557114e-07
1.699502112900071486e-04 9.778348722318347305e-10 6.805836663596916221e-07
2.903912269058049958e-04 4.373951952797586103e-08 7.069617695342829559e-07
1.244185339622101141e-04 4.703355724889122541e-08 6.359463925751398859e-07
8.154167237700179723e-05 -1.887725752636537808e-08 7.915626924901790782e-07
1.678990169285320621e-04 -8.605811428953236066e-09 5.801563591042460942e-07
-8.860281934150745868e-05 4.665774067598009614e-09 6.416760567327280739e-07
-8.937560542556070864e-05 4.790166305140324939e-08 6.493551523715017973e-07
6.633682186127473797e-05 4.938582679173681709e-08 5.746249450034698021e-07
-1.726742178158454863e-04 -2.217240657746107087e-08 5.289788275024901158e-07
-1.879011360947733654e-04 -4.011028482860803119e-09 6.706181722868842809e-07
7.009282540665808111e-05 -5.196417820972872284e-09 5.443661858346718530e-07
1.447090620845139077e-04 -2.919597351451916579e-08 6.512956795322081760e-07
-1.999221860237961133e-04 -4.841890725816229506e-09 7.189757938858301091e-07
-1.457073020889082327e-05 -9.771781719031102823e-09 7.635837436332857557e-07
-2.157346563962498387e-05 9.099261463989734209e-11 4.677895320397415468e-07
1.198638014237844192e-04 -7.335314173357764066e-09 4.527082541737328644e-07
1.102165243047011257e-04 6.034049561515777585e-08 6.217863488277722105e-07
-1.682126123422658976e-05 2.843173548016235716e-09 5.632678543113608789e-07
7.906378384553191033e-05 2.125592761903992949e-09 6.070759096821478627e-07
-3.643851631440321126e-05 -5.521092054851980746e-09 6.313300122996569830e-07
-3.484229522823305790e-05 4.544451421491699958e-09 6.275999834550243782e-07
-8.458926212706857194e-05 -1.662683440260832703e-09 5.614178418186385605e-07
4.926396064992361523e-05 -5.236068247229202981e-09 6.287211359477694331e-07
-1.997050153358117218e-04 -4.863158964618530179e-08 5.818854323747867518e-07
7.378289059909549441e-05 -2.725658444248404955e-09 6.180060698132823312e-07
1.695646026809489342e-04 5.892924919998802027e-08 7.467991395682774124e-07
4.493271362271731130e-05 -4.266099506171221562e-08 5.920838683992328272e-07
-1.053148691939795832e-04 4.556142954021643912e-11 6.024127248724443994e-07
1.624133808238242219e-04 2.975321702652020932e-08 5.470162849154912128e-07
-5.525999852403651304e-08 1.372048137998913385e-08 5.462607306990517620e-07
-4.473227581047828859e-05 -1.688636130581760508e-08 5.547735463507163569e-07
-2.688313590884557763e-04 6.233723754831601883e-09 6.029317153274764243e-07
-9.805652928243368822e-05 4.169115803050929624e-09 6.601606485946581288e-07
-1.033084481470442350e-04 9.364061790263023930e-09 7.391579062707536947e-07
-2.947088818847587118e-04 -1.198177563478812320e-07 5.546105734025953705e-07
-5.240181466631639638e-05 9.879914013336221586e-09 7.226544400615113092e-07
7.889131922507108415e-06 -4.116611888631982830e-08 5.931806167613285452e-07
8.811251976314478189e-05 -9.538969201662570524e-09 5.037911031934888654e-07
-6.859066475642834208e-06 1.645891234058655860e-08 5.437881609039833365e-07
8.024151695048711657e-05 9.437048915021242435e-10 6.430069590806507371e-07
8.773682192122583779e-05 -9.441720869088391018e-09 6.339146238247085249e-07
-4.213818430347481399e-05 2.127198954885365271e-08 5.573999903193184163e-07
3.128326482365709508e-04 4.586687062347835518e-08 6.113633865466439792e-07
7.442588691782518620e-05 6.229615530685982435e-08 6.337475110596664214e-07
1.109270280141421978e-04 -8.723681729894900564e-10 6.988759641494032108e-07
-3.658180758462393096e-05 -3.843362788085148756e-08 4.832639174801559476e-07
3.320784455146897702e-05 2.028437500664266922e-08 5.659946683681909221e-07
1.763938959881883230e-04 -1.910821939301779929e-09 8.288465756079860391e-07
-3.579597457789745248e-04 -1.109857113529880727e-08 6.132571776503208780e-07
8.085056774781374173e-05 3.440843255662735539e-08 5.957017195063467230e-07
9.809465188792754935e-05 -1.830671003512279352e-09 5.741056849180594237e-07
1.651180526480109376e-04 5.664259018511651089e-08 4.837418937448411225e-07
1.438275274000281809e-04 3.353838656667295907e-08 6.115486242673490935e-07
-1.077293559415121398e-05 -1.329062927343419199e-08 6.229794456675936586e-07
-4.332367199316263295e-07 -2.224502253024203809e-08 5.802334175154219396e-07
9.497009866535888992e-05 -1.864223763099889992e-08 6.724010934464661499e-07
3.178503825443369205e-04 3.076915977891845878e-08 7.409301770483875626e-07
-1.096086667872621487e-04 -4.112399338220620622e-08 6.603490629054895952e-07
-1.328871908395063512e-04 -4.582623727317230339e-08 5.188460979169256001e-07
-1.341392237180146516e-04 -3.102837347190144793e-09 5.323561992574231725e-07
-4.102986150802798615e-04 -1.471598033795789446e-07 6.343545237609753610e-07
-4.512621455644068827e-06 1.373768860070584181e-08 5.759469719867931615e-07
-1.241540677452299623e-04 2.596698267372311193e-08 5.274605507173345969e-07
-1.021755608528721775e-04 6.801999588811988435e-10 5.657503076410930813e-07
1.358878699939684766e-04 9.817493534293867250e-08 5.224626764084095357e-07
1.844344921964882137e-04 1.352230300759119287e-08 6.624554277493755530e-07
2.791311341284245210e-04 -3.577986462659567562e-09 7.606128349104525701e-07
-3.640985734905570546e-05 4.875119841943025054e-09 6.476731314356554128e-07
-3.219754967108860380e-05 -1.478050428674546395e-08 5.811770377060455493e-07
-6.417872364884974045e-05 -4.176121434858290448e-08 5.188654546642006343e-07
-1.358271301769572797e-05 -5.393459651646586552e-09 6.176762263589009664e-07
-1.476890532576068495e-04 3.247839603508652523e-09 6.218722990101210090e-07
-1.478386442932019774e-04 -2.317290207598784299e-09 6.232218187781747491e-07
1.745052427147211077e-04 8.291983274483003463e-08 6.171850298764367464e-07
-6.198181691956828894e-05 -4.757375538268258128e-08 6.099910213403747066e-07
-6.846623303108480350e-05 3.669450672769001852e-09 4.756627345655356592e-07
1.149874473023608160e-04 6.017358094248519942e-10 8.444524871008640910e-07
-2.949561718079047167e-06 -2.505924630824485694e-08 5.277515186058227909e-07
-1.201295628454126125e-04 -2.375827184707068696e-08 5.561240564969558998e-07
-1.340279324203038527e-05 1.803408974212113366e-08 5.542825161418101821e-07
3.756731527246487433e-05 -2.320466544601787980e-09 7.308706502655671774e-07
-3.332639425335765475e-05 -9.899677159718089864e-08 5.752580350909590001e-07
-1.244994430977485714e-04 2.113244128393769548e-09 6.298178825359110265e-07
-7.100412451139137722e-05 -5.759527053699390500e-09 6.897391244079960569e-07
4.873559860451622271e-05 -9.834451696454464647e-09 5.539849167089692571e-07
-6.471556137254466093e-05 -2.289720372532423064e-08 6.695542009315683166e-07
8.089394139207480743e-05 7.292312884363251200e-09 6.389507541227897303e-07
8.937447818859057386e-05 4.108179918040911299e-08 5.426224354166658462e-07
1.666131612609127708e-04 5.943759256967783937e-10 6.623337520330985872e-07
-9.869634764027471294e-05 -1.617943964320758408e-08 6.346282701994318793e-07
-1.435918198436397959e-04 6.549967979096697236e-09 5.163234278717038383e-07
-1.927808267475043197e-05 -2.777668394054845203e-09 4.222075896714536673e-07
4.317726832598723990e-05 2.803947933958381524e-09 5.876976703468577884e-07
5.807674945408798639e-05 -7.838727455801770260e-09 7.177048701649016564e-07
2.493527157663409665e-05 3.243126190868063532e-09 6.384139194178324448e-07
-2.411925669284517386e-04 -5.359541486053977179e-08 6.184686474720976983e-07
-4.945790419560072812e-05 -4.485051601186032272e-09 5.571696260580817627e-07
-8.769386612978196576e-05 8.616890397147371841e-09 6.388578859159828539e-07
-6.587892236185972287e-05 1.161520365230783607e-09 4.843576229057761450e-07
5.947506585818225229e-05 1.870492101254049719e-08 5.256609615934533606e-07
-1.603938643142930362e-04 -1.225244306265593144e-07 5.692465701440473135e-07
-8.373106411002363388e-05 2.527003765480007968e-08 6.700153292696108620e-07
2.018203185209205722e-05 -3.229883993568555480e-08 6.560645037311694701e-07
4.622552868225644632e-05 3.045781667552001987e-08 4.979932098601537738e-07
9.209573862010810149e-05 9.901663348217046250e-09 5.078480830555196934e-07
3.342663471390127809e-05 -1.071390405508955218e-08 6.755018536476478291e-07
1.027067897736821511e-04 9.798301635582976950e-09 5.876375535365217371e-07
6.727026289920409990e-05 1.054273459431694687e-08 6.058991836970023359e-07
-1.550449630768418896e-05 -8.769182373857002284e-09 6.123430890555121815e-07
-5.809707521072611167e-05 1.717405977254755101e-08 5.098876709345399609e-07
-1.603360729546168936e-04 -6.359087210414009262e-09 5.276704542455167534e-07
-5.246057865826601402e-05 -6.475661194786997683e-09 6.023586606219959982e-07
2.178972998258197887e-04 -8.042707968112118746e-09 6.042010315038261075e-07
-1.085650764205059248e-04 -7.435592749009664228e-09 5.980154689609597542e-07
-5.756826809228886256e-05 8.818537963919458394e-08 5.563471845359837394e-07
4.636224566891382890e-05 3.564866664330498052e-09 6.514956148801753368e-07
1.742980698937007756e-04 3.208245328480598545e-08 5.832076787706386091e-07
2.457125757643002046e-04 3.068436486788974613e-08 4.870811183684237272e-07
3.285287342840658928e-05 -2.728896586181018724e-08 5.319341828338332645e-07
1.719128353769587190e-04 -4.840023889614558816e-09 6.306362590713123090e-07
-1.346548068683625177e-04 3.798338149017250957e-08 7.094279030386561853e-07
6.994245098610206218e-05 2.618857076169158098e-08 6.979588563569259895e-07
5.778461786000122717e-05 6.115631487838599521e-09 6.596794459505829237e-07
-7.920753696423880907e-06 -3.229564828496802941e-08 5.832638125772934065e-07
1.379195210219481794e-04 9.642372539111786911e-09 5.493499386187779687e-07
5.641290886110813960e-05 4.934688219336846385e-08 6.344242381418060806e-07
-5.759896931357776735e-05 -7.060300413629284382e-09 5.841329040325422409e-07
3.365803362280199874e-04 3.107595537474638317e-08 7.140558629552167901e-07
-1.241564369802837909e-05 1.405117700158880865e-10 5.463852671877749169e-07
8.993677457711388916e-05 8.051133735557883984e-09 6.271755446116744841e-07
-1.743904494068281735e-04 -1.921217002604527862e-09 6.187275246578468684e-07
1.805835202765665145e-04 1.072407845903858102e-08 4.880848377104735382e-07
1.133145756846728105e-05 -2.672888449565278726e-08 6.418986129130439105e-07
-1.705995387764458319e-05 -1.542524817808067382e-08 6.004525917480977872e-07
1.180194206523588619e-04 2.639746758558219798e-09 6.327203677333388630e-07
9.663926611897266400e-05 -8.382525795391795738e-09 5.736766290264295852e-07
1.426312799583231495e-04 2.039382150529701469e-08 6.263695399804437981e-07
4.390519091041892349e-05 -1.028049791516614639e-08 5.407960548786059462e-07
-5.752674662483789418e-06 -4.900481156205381127e-08 6.404167259841917664e-07
4.435230916190203186e-06 -1.856295983389393003e-08 5.853826139175120911e-07
-1.672490995838696987e-04 2.613668476108612336e-09 6.102175041849803152e-07
-1.035718623041673354e-04 -4.748240296213929223e-09 5.315846552290340538e-07
2.788029361399589319e-04 -1.728651566884886188e-08 6.856555758515848517e-07
-9.720886312401161614e-05 -1.256484287479013972e-10 5.430783503299153757e-07
1.347079396670558863e-04 -5.576323935763233973e-08 7.245197003348791366e-07
-3.106707677777872755e-05 -2.517039467238001068e-08 5.276911485570473178e-07
-8.408138990401263773e-05 -6.300604118924265818e-11 5.588550085737339681e-07
1.955780591184107047e-04 3.222767755110770874e-08 6.880778654774657910e-07
5.299891580843142587e-05 -2.510413264150300001e-09 6.863237728457712308e-07
-2.673690021881320957e-05 -1.481841664904775502e-08 5.750406758427095385e-07
1.588851395654336399e-04 -5.486465000688659744e-10 5.396512512151117229e-07
8.717611913967363815e-05 -1.713477975987063600e-09 5.289874702294838917e-07
8.505034685554541867e-05 4.005826320911672641e-08 5.843121094182905415e-07
-1.425825449851584399e-04 -7.403752917471169052e-09 5.612596780348339994e-07
-1.058803391654763125e-04 5.852496492513708495e-10 6.054876011655786197e-07
-5.867305897784144214e-05 -3.944902910279534347e-09 6.966181347175397755e-07
-2.602622889787993142e-04 8.784247127524804264e-09 6.277834650718664012e-07
-2.741416850159569119e-05 -6.626039026180751006e-10 6.691892857920640816e-07
-1.506663666456163576e-04 -2.030349803861155004e-08 4.921467129833994884e-07
1.226821078019460964e-04 4.993628621817665192e-09 5.178965383668830966e-07
1.317362990494598920e-04 1.335232231095442950e-07 7.127947138675065432e-07
3.684474697950713393e-05 3.841732414719402710e-08 4.734188688898769688e-07
4.111191776405858403e-05 -3.337664685863921903e-08 5.810477874148955288e-07
2.194896852943812178e-05 2.174370553741100322e-08 6.276648502086783334e-07
7.640520321552695044e-05 4.633193532102028241e-08 5.271696739515895362e-07
-6.722865246972280966e-05 -4.317158564623918909e-08 6.125811228545135093e-07
1.458743132820517689e-04 3.401189413710432598e-08 6.907690261770245901e-07
1.616749897029850973e-05 3.026404367867802467e-08 5.005730387052973863e-07
-1.030671371937760551e-04 -3.269472011994475085e-09 6.135317205026466169e-07
-1.770984811091883947e-04 3.598392017420128641e-09 6.076377051951994771e-07
1.028997488465752900e-04 -7.493038398472440924e-09 5.165111552323319971e-07
1.493026752676449161e-04 4.569006735829664964e-08 3.810799612080476891e-07
-1.234643264520162396e-04 1.081803912104216176e-08 6.934993859082397617e-07
6.062656440629226337e-05 7.807735151794763782e-11 5.911217992117555133e-07
6.283393398587923699e-05 2.906501555411098055e-10 6.767297471665058532e-07
-6.850169952842635496e-05 3.303270974468733790e-08 5.609074919829882623e-07
-1.630677842903592491e-04 -2.763952178463234520e-08 5.442451640351103098e-07
-2.013580809343709273e-06 -1.653062219621357704e-08 6.425275368362104394e-07
-5.059851118729174796e-05 -1.691274073414772151e-10 7.208019203733071388e-07
8.590782029665044604e-05 -4.617840949311929807e-09 5.556347495020302619e-07
1.680584501448958415e-04 -1.379475403102806030e-09 7.899074811072752188e-07
1.239498449403683114e-04 1.164650305470560344e-08 5.321919268074699455e-07
1.584636359070741468e-05 3.682554414905023233e-08 4.771713955503651188e-07
-4.833416782559392524e-05 -6.145868970405358368e-10 4.645315371331485581e-07
1.339795473219003184e-05 -1.724748973426292388e-08 5.953931914613865965e-07
1.246748394580791052e-04 1.014711821464479377e-08 6.881373296363337319e-07
1.259251518494324267e-04 1.684590726132551390e-08 6.202358599710079327e-07
-1.832559604435890597e-04 -4.172978603303898504e-08 5.705276700902156586e-07
1.858354117233471258e-05 6.666769007472308164e-09 3.998881365836440066e-07
1.183925682511343705e-05 3.221734533013408131e-09 5.381361930480990644e-07
-2.117228299722087207e-05 8.798427174033132274e-09 4.818999212373447978e-07
-4.690811770579058840e-05 -5.728640599754323847e-08 6.405096729522313530e-07
1.604031631160763259e-04 -2.375790500941330582e-09 6.051054274971598787e-07
-1.005077346354474370e-04 -2.208509674920714321e-08 5.526426213887764057e-07
1.968390056999017631e-04 2.673400398907656483e-08 6.906733066794547363e-07
9.770111454440077092e-05 1.190561613434759059e-08 5.492020218645634522e-07
-1.783003529881459529e-04 -4.410532623051089766e-09 6.764140264736502887e-07
-9.427097976263350873e-05 3.980583835432030791e-08 6.544008969289058858e-07
1.148307872207577615e-04 -7.544770609392132028e-11 5.423668297563621371e-07
2.443651303307670550e-05 8.932350469216228066e-09 6.461452615924800785e-07
-1.173913302635135194e-04 -2.571496533671117175e-08 7.340470125880764984e-07
-2.025163856366221605e-04 -6.970798160859390231e-08 7.321912882507933341e-07
-7.804330060624560929e-05 -1.072278670348065621e-08 5.534672708869816040e-07
1.110131855666187821e-05 -1.522380830160340158e-08 6.127204137187401850e-07
3.480441665924136416e-05 -1.762168110186129848e-08 5.913906600021141568e-07
5.859785368994137143e-05 -9.764108043069557713e-09 6.773362024608670161e-07
2.588054840871562178e-05 3.822685942533624302e-09 5.306888866526525227e-07
-2.602864520846932635e-05 -1.002450444238884363e-08 5.655794352692088566e-07
6.476948474767700581e-05 -1.914046466208045806e-08 5.385179833262643027e-07
-2.767664156355613341e-05 9.928139021862418844e-10 4.872244360889786828e-07
6.800214115060989445e-05 -2.720143914211185518e-09 5.835257114451536034e-07
1.073985959634332262e-05 -8.005306670512685086e-09 6.773813936319231255e-07
-1.219482299354525601e-04 8.928650832108067259e-09 6.243370457033902598e-07
-3.218967457326634557e-05 1.105909421598401982e-08 4.704238973228823432e-07
1.498787660795833377e-07 -1.975008319406015322e-08 6.294218211752430920e-07
-7.208940449281786903e-05 3.008202076410539496e-08 4.993297909670448015e-07
-3.437916155124995458e-05 8.346278307992684084e-09 6.514445686187736771e-07
2.946344097500144072e-04 1.145047345762570520e-09 7.566228647164125470e-07
1.600727666755652186e-04 7.482448961609267913e-08 7.500858326976049898e-07
1.075797127722698439e-04 9.299076932629015196e-09 6.913085056771289287e-07
-4.658183759308636730e-05 -7.908991161301156138e-09 7.291045816039352641e-07
6.629322864634405624e-05 -4.916905921625291528e-08 5.111557704036765673e-07
2.569302420512833084e-04 1.448937688037846286e-08 6.285922381842900283e-07
9.432196268837940575e-06 -5.369885418066492430e-09 5.913987657349947695e-07
1.071449714245826905e-04 -1.904340799968321121e-08 5.654380568886727712e-07
-2.544931246635916963e-05 -1.097028558892509551e-08 5.789296201116458853e-07
-4.083586135099288904e-05 1.721108881253720555e-08 6.069647006176894920e-07
2.122333252061659912e-04 -1.640705454067773170e-09 5.675662427709816897e-07
-5.163173640685038971e-05 3.159249257253986017e-09 5.945087154102629939e-07
-1.891280163658153895e-05 1.320974379300949984e-09 6.343698324410509636e-07
-2.157254413134015384e-04 -4.964830490444531016e-09 5.966137719613648335e-07
2.152815110385944384e-05 4.360911691626519742e-11 6.009619780586182579e-07
1.782607246035903365e-04 2.123728324868282272e-08 4.937131812807058618e-07
6.516546363002973018e-05 3.055050707067329336e-09 5.204958984565424783e-07
3.747949995628710213e-05 -1.606142915879794993e-10 7.020636991455527115e-07
1.276733187647736056e-04 5.973683397701484530e-09 5.080723900040517393e-07
-4.073799177482405662e-05 7.130422075288644790e-10 6.663051150030694390e-07
-2.023709681817374207e-04 -1.753817949388507783e-08 5.952909930388465003e-07
-8.297016890356086975e-05 -1.968684149707014311e-08 5.347221534133523309e-07
1.083034959629116458e-04 1.321732053646752166e-07 7.238196148960955920e-07
1.692837581171977609e-04 4.638379734936012721e-08 6.022763528024750097e-07
3.399310106735634550e-05 -6.302558199760413799e-09 6.713784228210189910e-07
-1.386906873081102348e-04 -5.336793267014765576e-09 7.526750276174996714e-07
1.414837763388117591e-04 1.815696200906754017e-08 5.894213064313696529e-07
-7.142584741500767362e-05 -1.846082891039344405e-08 5.523327917349370665e-07
4.154006050417377946e-05 9.788853283326593577e-09 5.020103015764331448e-07
1.365577613653210637e-04 1.349050052117699026e-10 6.252870137318059470e-07
-6.244521689886975782e-05 -1.063973676130849132e-08 5.544373966281656265e-07
3.812441089779226443e-04 -2.294584030027029898e-08 7.021439987120224169e-07
-1.327769545885914182e-04 1.070757274113445616e-08 6.771019010864757727e-07
4.401077912714030071e-05 -4.318979263414773789e-08 7.001240519433523222e-07
3.943231430256279474e-05 7.084584186401193069e-11 6.083077862594293979e-07
-7.049605350974661193e-05 -2.336733744082271162e-08 6.293524692234224268e-07
-1.840520098508828918e-04 -2.403287192365714522e-08 5.758307418385414187e-07
1.290797306267907460e-04 3.111091026156839066e-08 6.451310950864037221e-07
-7.839592112230062419e-05 1.178152233795107047e-08 5.266058837338777329e-07
1.091836298264273008e-04 1.178667365652885646e-08 4.425940637350409669e-07
7.080157613592029137e-05 -2.951240500163644852e-10 5.863854104052823138e-07
1.193028378617049066e-04 -9.961001798366436978e-09 6.340210168266718520e-07
-5.055126075929610116e-06 -1.053118898069938070e-08 6.458104924041605749e-07
-1.620270813435025707e-04 -1.412355455097417671e-09 5.756737182284217107e-07
-2.119028204163012790e-05 -7.007107423033075405e-08 5.292343949652022881e-07
-2.744082788341827117e-05 7.117691892893935212e-09 5.189643800491526762e-07
1.584869627018785289e-04 4.906008565452219037e-09 5.668846904511109780e-07
7.169011409136951676e-05 -6.986996447277056741e-09 5.408925267748242084e-07
-2.806687843105112686e-05 8.829432630299523042e-09 7.307825215561632851e-07
-2.510004905242219921e-05 7.232431085418138341e-09 5.005984148823785601e-07
1.710579928352969526e-05 -4.449785056607415614e-09 6.055105734294709972e-07
-7.102805940712332968e-05 3.631562470805569548e-09 5.108408896465910003e-07
1.557850295183169900e-04 1.664908515921351840e-07 6.566591792210123280e-07
8.389720436043741295e-05 1.344615772382561479e-08 6.002580122551520966e-07
7.827701821757620669e-05 -9.693022613374818667e-10 5.566095022569746018e-07
4.401147845243256790e-04 1.094700653656098183e-07 5.947755224768895464e-07
-2.806287983388063012e-04 -5.401560832170176956e-08 5.051397845191477039e-07
-4.696176690868544839e-05 -5.581074107340656464e-08 5.376591177611209213e-07
-1.474028114683489325e-04 -1.042107016563355096e-09 5.126394633190879793e-07
-6.434073357788002464e-05 -3.918344886349704073e-09 5.397629328502634305e-07
-1.238218398961617502e-05 1.111961257534474388e-08 6.096876689430249808e-07
6.607515551931272607e-05 3.592224451262600133e-08 5.882102258763511596e-07
-2.674944048052737308e-04 -5.360459153309796103e-08 6.561923084946058406e-07
-1.637924435275053448e-05 3.290681107378507305e-09 7.570202769340203528e-07
-1.405112152757451098e-05 3.062043107902319829e-08 7.263080753773783791e-07
-1.862396337003200189e-04 -6.860610330419239011e-08 5.403166925263220548e-07
-2.884652468108812591e-04 -2.141394475029878803e-08 6.573831566710149888e-07
3.005166228693474835e-04 4.506965255049278826e-10 5.992430959005807440e-07
-3.589386170337540045e-04 -3.398651642813994649e-08 6.986795555907633745e-07
9.049296429261084924e-05 2.576266509990706420e-10 5.194439305931241937e-07
-1.052911148987898017e-04 -1.153152427616224081e-07 6.275605452058402899e-07
-6.985862945716691229e-05 -1.058803161386355573e-08 5.710349091251508303e-07
3.046428709053060845e-04 3.820906252088197434e-09 6.917019224541671719e-07
7.925509067074716836e-05 4.192138573379097517e-12 6.474652158921977699e-07
7.949873305483633223e-05 -1.630732059765449099e-08 7.053080628812732664e-07
-7.267136762700875975e-05 8.077139451936208457e-10 6.019411478870321530e-07
8.099538521755046433e-05 2.208457805318746197e-08 5.890546292455220889e-07
-1.895844463647642893e-04 7.066060256562893555e-09 6.401129190647125561e-07
-8.663574984186776947e-05 5.343625539153016340e-09 5.410390789371547878e-07
5.627905448692294306e-05 3.691976605163905815e-09 5.002924175798391781e-07
2.073901169518039048e-04 1.928392689501154241e-08 6.080999412831856104e-07
-8.108948311483525542e-05 -9.187931550380271276e-09 5.855939287114788231e-07
1.456386074558316387e-04 2.651368787659780629e-08 5.676940452093754063e-07
1.056783882871832088e-04 1.732669181687097520e-08 6.080431917809739250e-07
-1.409977666395487378e-04 -4.364244415458296748e-08 7.179187137270796906e-07
9.316329622507272602e-05 -1.111204869487388844e-08 5.335360263503354563e-07
1.676885171654754015e-06 -8.539661288041881940e-09 6.426480457363539078e-07
1.980782134740813175e-04 4.532830954072264918e-08 5.393013436575479378e-07
-1.981141363446472094e-04 -2.367862424398838215e-08 6.549664590606544022e-07
1.450074286194375796e-04 1.188065891875106889e-08 5.147054558033042476e-07
1.609143498514601506e-04 4.145588367872207751e-08 6.512533884343707969e-07
-8.714314793033559959e-05 1.015473066907538209e-08 4.979376660352432156e-07
-9.295421500115127317e-05 1.120561332501952556e-08 4.856771148873636321e-07
-4.067137607629915099e-04 -1.706920127257162510e-07 5.770806174885221674e-07
-6.521122273712633307e-05 -1.308258769858526152e-09 5.754067619505690587e-07
2.150524861421142491e-04 -6.139279242990588627e-10 5.481671915090865931e-07
2.071648128250662304e-04 1.760722689449774144e-08 6.026270403449864607e-07
9.739286612530632817e-05 -2.027721320288263128e-09 5.416105973628584712e-07
-1.170100732125769713e-04 -1.159392122622131314e-09 5.643822824654128886e-07
-7.229126524460937405e-05 -6.500720252221295041e-09 6.091097564160684545e-07
-1.564633374054305020e-05 9.538596118286095220e-09 4.604807597700650272e-07
-1.384055361962881084e-04 -5.379887222886622753e-08 7.589557628882472348e-07
1.120827402575147935e-04 1.081848957656928715e-08 5.904501573151907372e-07
-1.012464704578003744e-04 2.393541731700336380e-08 4.533475212093881065e-07
1.316872213564901459e-04 3.217184114744822306e-09 4.917172342081042792e-07
1.842826087712095173e-04 1.202441214562179641e-08 5.864247076571446324e-07
1.457155444986527732e-04 7.590547981164022218e-11 6.243108548750422994e-07
-3.170193494989513946e-05 1.352889455857822919e-09 5.003033462139475666e-07
-9.874844874523291862e-05 -1.158441600649702474e-09 5.494242402441418224e-07
-1.643418306192642915e-04 -3.200007222590190541e-08 6.057392409671033804e-07
-1.259023737239265462e-05 -2.277049805215554551e-09 5.655690990465010123e-07
-1.244641891129181011e-05 -5.883803341684673878e-08 7.495125385798193983e-07
2.416715675443993866e-04 4.362663362374302817e-08 5.836333787599810060e-07
-5.888368169859941676e-05 -2.248916652799827333e-10 4.364764839466242774e-07
5.161402414751174641e-05 -5.873482104723305394e-08 6.550853504225378246e-07
-1.244699609098834728e-05 7.273569742062800077e-12 4.984526150860364482e-07
2.444735715017634366e-04 4.247448478825493797e-09 6.752617175654851853e-07
1.148985330142448527e-04 -1.648794156996505183e-08 5.727522027180899528e-07
7.906928288467015436e-05 3.188345483977329006e-09 5.774926271846080964e-07
-6.008823238597903387e-06 -8.115569968572859083e-09 6.216336103375343257e-07
-6.883698188493757655e-05 -3.886117730864176097e-09 6.598186983978677636e-07
-6.325512487079434497e-05 1.944677559139431728e-09 5.436471888751670850e-07
-1.335579359464903360e-04 3.143527261358904300e-09 6.134577338538221519e-07
4.732876402502056190e-05 1.493724865715413692e-08 6.180691799248028154e-07
-1.489430335638718358e-05 -3.065359921860932942e-08 7.010063903997506706e-07
4.639376011909599704e-05 -8.991245195312765851e-12 6.263188786462193480e-07
1.037653984714678648e-04 1.248560397836478297e-09 6.258259362854188304e-07
-2.694570938790411701e-04 -8.034662866792939090e-09 5.523635826183422319e-07
1.647377545770006675e-05 -3.352270396590182853e-08 6.340240400054326043e-07
-8.304274970443349809e-05 1.219671401189401989e-08 6.806061432022040650e-07
1.162819593157538896e-04 -3.609488979709690332e-09 6.792780878889347415e-07
1.337241636767699143e-04 -1.491387387987753946e-08 6.602651988132102006e-07
9.345152105771906332e-06 4.096971571854740695e-09 5.544342055865538279e-07
-1.686202478734757004e-04 -9.982930372137595768e-09 5.503641192042051636e-07
-1.413964646619566840e-04 -1.496752701727170013e-08 6.478168228109157795e-07
2.461229629304356238e-04 1.785955434461898679e-08 6.821633986885384779e-07
-6.791945833580886578e-05 -3.556115372923153148e-08 5.295966023151166245e-07
1.389007497320612797e-05 -4.031388172762764209e-09 5.846077373985619186e-07
-4.334329320693007081e-05 -7.006618121286607153e-08 6.696942669814650963e-07
-3.825816696548153931e-05 3.501536855291581205e-09 5.622495425799223001e-07
3.109331422768488304e-05 6.626323481779044763e-09 6.134863233845420249e-07
3.326547459919424170e-05 4.550448657773673288e-08 6.871571587891690372e-07
-8.934679382436039330e-05 -1.541858563852776432e-08 6.671088478314010030e-07
-5.849674789379691163e-05 -3.953096049019225917e-08 6.574516982409032306e-07
-9.507496701478366922e-05 -1.068345480437766793e-08 7.028254730918329204e-07
5.492726226637830377e-05 4.791462679855966619e-09 6.548344750414985545e-07
1.191316780323467209e-05 -4.507646660128508558e-09 5.777385217324921416e-07
7.516249161311598919e-05 1.572995436579624174e-08 6.629606944530929366e-07
-2.848710372736397043e-04 -7.445679868429016262e-08 4.783238219027903217e-07
-4.304941525701004628e-05 3.936684789083263575e-09 6.908933583324108469e-07
-2.264158020921394176e-04 -7.228484327892782306e-10 7.508552994864570917e-07
1.170370114480077413e-04 1.239504859904445180e-09 6.551947434689263126e-07
8.714251395068030000e-05 8.134447033227040652e-08 6.072861337870466912e-07
-1.578922130864916470e-04 8.606884198790863832e-09 6.072241986821430438e-07
3.644756864436054177e-04 1.359444204671470393e-07 6.070509173873494546e-07
2.340593864603206979e-04 3.147956164604759013e-08 6.392732041301715553e-07
1.446943009624595785e-04 4.806884998717223228e-08 6.144467396094031767e-07
4.975001659540007217e-05 1.108772931284266341e-08 5.449624631736264730e-07
1.181045442694407478e-04 -1.374296739949139699e-08 6.083702113094030421e-07
1.613244029505736673e-04 1.506363915869363023e-09 7.213525272532258387e-07
-4.382774448904071393e-05 6.067573867079668750e-08 5.871233292988128800e-07
-2.359382166560527344e-04 -2.736871786083139939e-08 5.890479618872874592e-07
7.871470271908111843e-05 1.439473056701230783e-08 5.814679974838224847e-07
6.223519122985222811e-05 5.091852031278283741e-08 5.057366186864248479e-07
-4.103596701272902260e-05 -5.354435205603023612e-08 6.383779140306163562e-07
5.020663031137448384e-04 1.698484078183364179e-07 6.997161690071812988e-07
-8.683686009165568617e-05 1.486409276498908568e-08 5.783765317673854177e-07
-1.097254401781402183e-04 -1.561335333919914043e-10 5.421281800311087806e-07
-7.494020037893295327e-05 -3.817509040063744366e-08 6.546153604363250656e-07
-7.051875829134355341e-05 1.195638824315741325e-08 5.923292040749686447e-07
6.019938295867613409e-05 3.790619182483147264e-08 5.254872916100679058e-07
-9.415098195691096411e-05 -9.766545737302386172e-11 5.367860663706332961e-07
-1.121257590170283888e-04 -7.010004306021830516e-10 5.562301097723967683e-07
-6.032032096559332677e-06 -2.301260072533781182e-08 5.867881416237551766e-07
-1.463326764007566070e-04 -4.389964398661473045e-09 6.411226695434843507e-07
2.146941318548802532e-05 -3.989217026524020024e-08 5.804044946559753278e-07
-4.690904722866187995e-05 -7.767651173588697893e-08 4.949249700722594974e-07
-7.570491379358099723e-05 -1.810568704350498160e-08 7.203191771464393041e-07
1.514384241621954074e-04 7.560956335388836747e-10 6.067377078663330553e-07
1.588656135916965878e-05 -2.336376965609496325e-10 5.879318569977978839e-07
