7.637580556642052443e+02 5.091234148870733556e-01 3.913771531061319142e-02
-1.042573522547675111e+02 -6.898566161749720982e-02 3.276616718222789132e-02
9.593788530380088275e+01 6.400087505061054227e-02 2.784450742885754421e-02
-1.234738548248518839e+02 -8.260135599981095755e-02 3.514873368933645048e-02
-2.175803896150552532e+02 -1.447712034200313025e-01 3.621913604025197436e-02
-2.373001810119482116e+02 -1.572398089169771418e-01 3.575418379444007810e-02
4.795975529566121764e+01 3.188380589874148519e-02 3.383143443894676139e-02
5.609580733494740343e+02 3.744090004963733787e-01 3.207324977938382643e-02
-7.661470432188113477e+01 -5.075844736565422038e-02 3.394390621469796365e-02
-2.021687538417782903e+01 -1.337131210336056468e-02 3.352237706591675026e-02
9.390053501876730024e+01 6.216815066180616384e-02 3.388613810384284719e-02
-1.889584126428969171e+02 -1.277274465688375826e-01 3.230557678396971111e-02
3.309222759429829921e+02 2.186211274690905981e-01 3.196255997324050357e-02
1.681320114876872651e+02 1.109453815439142843e-01 3.074932342809119992e-02
-8.735574640439115512e+01 -5.779632047880294693e-02 3.185980693638178901e-02
3.409762318996170620e+02 2.269292279416923463e-01 3.638390251207928444e-02
-6.899272243220596010e+02 -4.604930486687618396e-01 3.042148257922860921e-02
4.574147452203487774e+02 3.039416435371875003e-01 3.342640897122244742e-02
3.540969571986107667e+02 2.363908644642193357e-01 3.759050031523921559e-02
4.880998906717241681e+01 3.245794497359691388e-02 3.128695855237207529e-02
-2.883681463080894787e+02 -1.913456828946474009e-01 3.013226191963955594e-02
2.140249133666173407e+02 1.427421032680136204e-01 3.323155574150752495e-02
5.022917853494257656e+02 3.355841031618098658e-01 3.524567296355894663e-02
-3.234639368625033740e+02 -2.157641467216652731e-01 3.573227530231787297e-02
1.086212989039846377e+02 7.263596307734702939e-02 3.308870201280787737e-02
4.031368671544343556e+02 2.689418384917809379e-01 3.417792060826593814e-02
-1.930540091238917455e+01 -1.392488804410164406e-02 3.215559049377237494e-02
3.852806653309525018e+02 2.564085889602194523e-01 3.906313260466380555e-02
-3.244830220861401244e+02 -2.160306821059119475e-01 3.199857336880358033e-02
1.521070157438764703e+01 1.081203031115992100e-02 3.921381676312950260e-02
-5.559981557753515062e+02 -3.700287123478522844e-01 3.346705810055052716e-02
-4.148072049372691481e+02 -2.761919617560881779e-01 3.544478496631388309e-02
1.088694940040943351e+02 7.210310695980148843e-02 3.073844563817903358e-02
-1.814610986719709445e+02 -1.194982627378584766e-01 3.083002746489586082e-02
-9.351506574748050582e+00 -6.833506244814377580e-03 3.176200499691102935e-02
-3.564097604601352032e+01 -2.332470757921989088e-02 3.204421006242007958e-02
4.018859999668035954e+01 2.639411054090765735e-02 3.333169153369661131e-02
-2.792419643756838923e+02 -1.869987502839158822e-01 3.399014775447396774e-02
2.833862628405647683e+02 1.884638894983028667e-01 3.264976342486002048e-02
-2.193413497449602687e+02 -1.460885710859055608e-01 3.299202627693789691e-02
5.100220165660217475e+01 3.411126461059746373e-02 3.206285841697019412e-02
-1.086470895298287758e+02 -7.317230019687580300e-02 3.264095881898407270e-02
1.550267192484026957e+01 9.107179324651800204e-03 3.080380588868712396e-02
2.747410904304839505e+02 1.835553515100676603e-01 2.843228027050534804e-02
3.032675547357263213e+02 2.006057653427953669e-01 3.426673830262494391e-02
3.691481061810862911e+02 2.452493986596441522e-01 3.874486627293058372e-02
-3.541140197448125093e+01 -2.476612074906650932e-02 3.067798876140106698e-02
-4.248862949705821990e+01 -2.796544321407209294e-02 3.640558100472105624e-02
-2.584991354469962630e+02 -1.708400551669991274e-01 3.528317573429146786e-02
-2.210531644570621097e+02 -1.482040263328884555e-01 3.657379413763318238e-02
1.196698001798347093e+02 7.995807890647560479e-02 2.914493354427044949e-02
-2.646095155434168191e+02 -1.770102899200671764e-01 3.105074221101219306e-02
-1.338371627109966369e+02 -8.849612334380810297e-02 3.455178826186997704e-02
-2.686744607604074417e+02 -1.786824787060370123e-01 3.432090752142923085e-02
-8.024383985895397586e+01 -5.222603742570462032e-02 4.084657102169899495e-02
-1.632007010899769170e+02 -1.078696204503236805e-01 3.138159450765441727e-02
2.254876824639112272e+02 1.492859739938337815e-01 3.143225364945142347e-02
5.202273789497476173e+02 3.474318066328707655e-01 3.464365037948916037e-02
4.534350707916224366e+01 3.012052549523921638e-02 2.972978219660557878e-02
2.954983052990099850e+02 1.977706554386399751e-01 3.230832535362182512e-02
-2.843121173190209561e+02 -1.909760935665054116e-01 2.974840624324781233e-02
-8.504390658848225826e+01 -5.534801157521845871e-02 3.607666428450535812e-02
-2.061171555884603777e+02 -1.382440193030147479e-01 4.095009224308684276e-02
-5.285831563540701836e+02 -3.529433507071996212e-01 3.195175929521536229e-02
-2.595113141470179130e+02 -1.722647614699761298e-01 3.145158112032237635e-02
2.144597013083637194e+02 1.428528133011066070e-01 3.415720281083863691e-02
-1.252073872052184953e+02 -8.392450658878634895e-02 3.544865141474767833e-02
-3.048192133884845134e+02 -2.035309860928272707e-01 3.733813838492397452e-02
-1.491560863929600487e+02 -9.926317625021287283e-02 3.500548431599895954e-02
-7.167785340755500556e+01 -4.917929650079613108e-02 3.162672855667787025e-02
3.205892292666503636e+02 2.149114410860259727e-01 3.350807652877989956e-02
2.784009382171279867e+02 1.868961832675906376e-01 3.200903727343174660e-02
1.774937639898645045e+02 1.187660767621442209e-01 3.039541544661229777e-02
3.705703270598397125e+02 2.453953116139611368e-01 3.470839848427610674e-02
5.042671727686784493e+02 3.360156975711933725e-01 3.032882154882059200e-02
1.744884722439478537e+02 1.161787141580092608e-01 3.478489962462726071e-02
-8.188323192522814509e+01 -5.495377586883044146e-02 2.940373898914427214e-02
4.495984820699027296e+02 3.001440036657768151e-01 3.251995160913746796e-02
3.177678994516674607e+02 2.137120684983417618e-01 3.678535654989836812e-02
-1.791071850779955810e+02 -1.196832721204749983e-01 2.929939929979181318e-02
1.167279378910107965e+02 7.703372991047094387e-02 2.933090164107170911e-02
-1.403875310136851340e+02 -9.359488995463617622e-02 2.750690015291977486e-02
-3.646896343710512838e+02 -2.427858332166496491e-01 3.128206624951980486e-02
2.569825654946044935e+01 1.630205548270909424e-02 3.763256619508107553e-02
7.773855221902461476e-01 5.501382185659592057e-04 2.989908475341156863e-02
3.307325917202797996e+02 2.202482679620840766e-01 3.266678449459605588e-02
-4.143276821085220831e+02 -2.775122721040492735e-01 3.342772836603698228e-02
-1.240042458017924076e+02 -8.146428506926930990e-02 3.471749693458291847e-02
7.051586010105268088e+01 4.828203109158633183e-02 3.349309016443999948e-02
7.040752059185810197e+01 4.633670632698245334e-02 2.869512978267550751e-02
-3.026836333319959493e+01 -2.113414304765452029e-02 3.390955321879924461e-02
6.675919880240005568e+02 4.439574808149109875e-01 2.546284415298558090e-02
2.577342901824111436e+02 1.732086206716126342e-01 3.213609987814729924e-02
6.142368717876677238e+02 4.105279098527180870e-01 3.440037445275189593e-02
2.828597530684577350e+02 1.886847712386311160e-01 3.086997926028514291e-02
-2.290394109424891553e+02 -1.523553414485116220e-01 3.033721107952129514e-02
3.954087332767948055e+02 2.639562136846848039e-01 3.061684448256922139e-02
8.981282300821947047e+02 5.985366478453331140e-01 3.388092801086211442e-02
-5.309702891569563690e+02 -3.551411643122325268e-01 3.614854487480218675e-02
-7.057385874838627160e+01 -4.730927181007951038e-02 3.255075814544390600e-02
1.137894164694537551e+02 7.693181592144075764e-02 2.838493587992660036e-02
-3.270522035111322907e+02 -2.179968118465374916e-01 3.696864711954545718e-02
-3.369495802367279680e+02 -2.236520403143978930e-01 3.087311230750281257e-02
1.311089269661062247e+02 8.813352281804351374e-02 3.230363207313544094e-02
2.067640852936546594e+02 1.380554944444606635e-01 4.034066333134186250e-02
2.866738601504926010e+02 1.905087068229999181e-01 3.062899349159872373e-02
3.777702897507852526e+02 2.512136485061355895e-01 3.248881983784510791e-02
7.870946958771095581e+01 5.317100427930281092e-02 3.319795988053442226e-02
-4.402007056660596049e+02 -2.944253386753621915e-01 3.562497963103080506e-02
-6.434088457102003531e+02 -4.303700425252702244e-01 3.396496241732337162e-02
-1.578715760652747520e+02 -1.056289979872891277e-01 3.098935510541726834e-02
-4.375892687582995677e+02 -2.909582364960251466e-01 3.270929604257613588e-02
2.337617401509753279e+01 1.521793277147933179e-02 3.480228427698393162e-02
-1.205443320160920848e+02 -8.051148587385624500e-02 3.146114839649023776e-02
2.895189972850176332e+02 1.927145243351330306e-01 3.556471176227776754e-02
-1.064567178405115015e+02 -7.194555343162846450e-02 3.583694841339422205e-02
-1.477006268467466157e+02 -9.739535386406804329e-02 3.598635164602103503e-02
2.873758275117652694e-01 7.680321202494888415e-04 2.910108128618851472e-02
-4.039555450625529147e+02 -2.684518690080091030e-01 3.218685879389737714e-02
-3.599679184844792985e+02 -2.404488808860316684e-01 3.322540117182889996e-02
-2.668979716460803502e+02 -1.765810079951347367e-01 3.129821931247829536e-02
8.201532806428063793e+01 5.496898060004556941e-02 3.314007583249597294e-02
-2.138075563678683579e+02 -1.431382058162944393e-01 3.404278815488926552e-02
6.115693335867234737e+01 3.897273341171354072e-02 3.297466013784535604e-02
-3.272765142403997629e+01 -2.231988792733512889e-02 3.025465944430934945e-02
-1.547591784339148830e+02 -1.021039016616398787e-01 3.278888296272240016e-02
-3.844047003007591456e+02 -2.556970855879935334e-01 3.369119573540153845e-02
5.303517784950454370e+02 3.524288341606723329e-01 3.456700381527356286e-02
3.390555392396136654e+02 2.249535874547432812e-01 3.579767192707934004e-02
-7.461501593814483613e+02 -4.969491418066456223e-01 3.617445595475203557e-02
-6.556728327857212157e+00 -5.161741855882179437e-03 3.255908197098025120e-02
2.517054003162700155e+02 1.683563585297668530e-01 3.152076903668028784e-02
-2.215130427787339897e+02 -1.467393062404659387e-01 2.845455956533506775e-02
-3.848316703600825690e+02 -2.558127831938112329e-01 3.243581596497362857e-02
-8.034183879381305360e+01 -5.367403143463650439e-02 2.978574216495757931e-02
1.376614069911865101e+02 9.070910160933245980e-02 3.506536048011876794e-02
3.132205276369346052e+02 2.089311123310398366e-01 2.958671074996585201e-02
-4.218222853875710712e+02 -2.808515219743036861e-01 3.523369865516400717e-02
-2.345729120109046164e+02 -1.574899811643062364e-01 4.002664265125972093e-02
1.919345191853834933e+02 1.280173543284225113e-01 3.552466172859449628e-02
-1.803537028963806108e+02 -1.199371523167672426e-01 2.962293093079468656e-02
2.291280486441731625e+02 1.529941369144831032e-01 3.048158955968817765e-02
-2.287355038383204331e+01 -1.424205709983676627e-02 3.387160939349111860e-02
1.503724075344737230e+02 1.015978167479348881e-01 3.254456504596367483e-02
6.021052690006109742e+02 4.028279721644819067e-01 3.589468841226481355e-02
-3.727210867425993683e+02 -2.493557516817197228e-01 3.379662592345755723e-02
-3.466450824010549923e+02 -2.328998556584294943e-01 3.677823931907750477e-02
-9.545374644710219059e+01 -6.269053601069532466e-02 3.711275460460617542e-02
3.742936500724229063e+02 2.515677372012410373e-01 3.071102286203701570e-02
-6.367867363067267661e+02 -4.246370644320111576e-01 2.993314978640063476e-02
2.414637781067453091e+02 1.603852400578206494e-01 4.161321709558863519e-02
-2.445200386800146930e+02 -1.644117492673357050e-01 3.145676507541794731e-02
2.269551034146646487e+02 1.526424477211014707e-01 2.931789211432835052e-02
1.311235097603388624e+02 8.697175926432371140e-02 3.634897855012707291e-02
4.705552915473741109e+02 3.138246092983514868e-01 3.011826949219535698e-02
-3.922103634991991612e+02 -2.595741184718324823e-01 3.704155749609538972e-02
4.458587157635438416e+02 2.972335108225112599e-01 3.198854996335562251e-02
-1.971145776934752973e+02 -1.309468112729353095e-01 3.005402208384568702e-02
4.832085304241783206e+02 3.224046452841303756e-01 3.725153032787049262e-02
-6.620634862397669167e+02 -4.417134781114216979e-01 3.701288599308022453e-02
2.429132987324617545e+02 1.619859066883822252e-01 3.098094882778685069e-02
-3.569357193051350805e+02 -2.394392846367011107e-01 3.541957588620015668e-02
-1.662120670115746464e+02 -1.113661392565528097e-01 2.869139507073738965e-02
7.948801776239581613e+02 5.293527977439898002e-01 3.293876880211629027e-02
2.196880486184780636e+02 1.461826131365356329e-01 3.460867712093993603e-02
-1.139018190439185361e+02 -7.676289396005819832e-02 3.300345033369862097e-02
7.901409861700737736e+01 5.348526811473986592e-02 3.059397717438557679e-02
5.430805259125273778e+02 3.609090336599097282e-01 2.962749582748310656e-02
2.898625319677788639e+02 1.940127395690798284e-01 3.154679838699789296e-02
-5.174277523541232995e+02 -3.473051488360432981e-01 3.969019529534643237e-02
2.205231626992756944e+01 1.532751165417817196e-02 3.288562009058994262e-02
-1.417675739204756553e+02 -9.621725053607206590e-02 3.100032505868731067e-02
-2.448928267006121473e+02 -1.620259651696662195e-01 3.076304264565145330e-02
-1.397446668028111105e+02 -9.342250964721557360e-02 3.517046911651940111e-02
1.088817205748020029e+02 7.161639314518404575e-02 3.710976865141633885e-02
1.433396335254850840e+02 9.664583834905804416e-02 3.266679906513726001e-02
2.847533132307494839e+02 1.915260088772622604e-01 3.408463140693980542e-02
-5.706354303198559137e+02 -3.795764139672552773e-01 3.070559483104554760e-02
5.095668131906566600e+01 3.211462602130794181e-02 3.218188116112244423e-02
-4.230809945787493476e+00 -3.645957950493049302e-03 4.242445824980350250e-02
-3.369462750702072640e+02 -2.247429187378673920e-01 3.280466724626551062e-02
-1.674901296997327336e+02 -1.118456238590866819e-01 3.496517380470263309e-02
-2.808449385033061958e+02 -1.878803313004618059e-01 3.457672139568807729e-02
3.845262514314477897e+01 2.581812870183985975e-02 3.363600800468213164e-02
3.545996887300977960e+02 2.357518572582008587e-01 3.694408575942580153e-02
1.629068801699591802e+02 1.089428740036763738e-01 3.315356974599782680e-02
5.200576664380299263e+01 3.327776606989632513e-02 3.298638274913453378e-02
9.116951796058101820e+01 6.048792629459716352e-02 3.260151218612131890e-02
-4.436322433443866657e+02 -2.966606190070653626e-01 3.291550794332574748e-02
4.220151421849332678e+02 2.811270351779311949e-01 3.501015061271775530e-02
4.144323452964018202e+02 2.772244873050094816e-01 3.573884244515126984e-02
1.866770566968034473e+01 1.196077383783207548e-02 3.257274994162723952e-02
-2.014576250511986188e+02 -1.341019846417013661e-01 3.469353434340592679e-02
4.420817538962077720e+02 2.963583264976181186e-01 3.276174160478616260e-02
-9.422923095826038775e+01 -6.200594947666330375e-02 2.846940209904781638e-02
3.497928371967453387e+01 2.261694668994185600e-02 3.569557163502361935e-02
1.154876570274316094e+02 7.792515206347894186e-02 3.683107566383941184e-02
-1.635338125989530056e+02 -1.100257878312472931e-01 3.164860982838439002e-02
5.488347393217991339e+02 3.667226953638580422e-01 3.137135748288378406e-02
-1.251181554846791215e+02 -8.324324693240960082e-02 3.103924873377538612e-02
-1.903823893073935665e+02 -1.278696373756021687e-01 3.778847972215773621e-02
-7.924663603877394991e+00 -6.345020124132086381e-03 2.855312384467731737e-02
4.081795373177170063e+02 2.715970258944265803e-01 3.162152224694264602e-02
6.984072218787954398e+02 4.650350262026016757e-01 3.203169361620306771e-02
3.679708085045462553e+02 2.450495686500862857e-01 3.410120958985061318e-02
-5.119182316538475561e+02 -3.408080206717473137e-01 3.721915420133949104e-02
-2.307985124519611020e+02 -1.543467715481090241e-01 2.594265732420205153e-02
3.315111840652849082e+02 2.207186883369806618e-01 3.135788257614739033e-02
2.548343275570190940e+02 1.696315361071871752e-01 3.327404664222911174e-02
-9.275417900840899676e+01 -6.026609810758667279e-02 3.428373722310099764e-02
1.360961839376344642e+02 9.029577949768675948e-02 2.871816056488496471e-02
3.268223494864851091e+02 2.163137643182438119e-01 3.251111306304498710e-02
4.061965346365399796e+02 2.713951348138533559e-01 3.342302550538972516e-02
9.001216988938604402e+01 6.001291008872741695e-02 3.007124369728351662e-02
1.071740164513151541e+02 7.003114795091223976e-02 3.109391799275702112e-02
1.430739294453155139e+02 9.435931033079175689e-02 3.431085630495079447e-02
-1.172772105803877594e+02 -7.881352748800386776e-02 2.999974531235568773e-02
3.679523527493008714e+02 2.461956997219885979e-01 2.831874142108120607e-02
-1.622526574539427884e+02 -1.080208535709893253e-01 3.857711947721557261e-02
-2.932927780389325676e+02 -1.957911471832357031e-01 2.949599258754243350e-02
-3.773343929112930937e+02 -2.521572120499246394e-01 3.237507068058884802e-02
2.444368925465421398e+02 1.626279268267864231e-01 2.713002665650982720e-02
-4.381737505061430937e+01 -2.845336033716800231e-02 3.767147424857716920e-02
-4.769840644240246661e+02 -3.179718943557143795e-01 3.393068229466892488e-02
-2.754979958989337092e+02 -1.844747462407976268e-01 3.319796350947124691e-02
8.282584540567229681e+01 5.394072131261748448e-02 3.548744082720583365e-02
4.307752104777879367e+02 2.870430477327297059e-01 3.283636469321746243e-02
5.479987013900225747e+02 3.652761906320902696e-01 3.679610576728543914e-02
6.543248358026069127e+02 4.349944632878436357e-01 3.400575982807094860e-02
2.272057090336075476e+02 1.526336684195247484e-01 2.761357873297240473e-02
-6.045226770216785326e+02 -4.042047712815058369e-01 3.876314224644560741e-02
3.425074535343592075e+00 1.440505767102845565e-03 3.318502759833894672e-02
-1.633372836712019591e+02 -1.098932526084826500e-01 2.961291340030167488e-02
-2.836373769213138303e+02 -1.886207601916583543e-01 3.557819698522492885e-02
2.826095199672905096e+02 1.886938391343164212e-01 3.193231002944788011e-02
-4.618983613967022848e+02 -3.083681599302753318e-01 3.280285827240324303e-02
-7.964639943287915003e+01 -5.372692507313414634e-02 2.955016568795129639e-02
8.123033719703853706e+01 5.459591429840884164e-02 3.338770109430044819e-02
5.131232549631146185e+02 3.420977589017150655e-01 3.242050563189500384e-02
4.085845133792746537e+02 2.718339723699699784e-01 3.509557722247437506e-02
-1.177085637294845668e+02 -7.886139660921012706e-02 3.350327045756243405e-02
-2.922595181346786717e+02 -1.934009249502025019e-01 3.569749857088146822e-02
-4.394626893591537851e+02 -2.927834933528343231e-01 3.105317371986558023e-02
7.408760058892556799e+02 4.944127389121417693e-01 2.994655673031364901e-02
-3.658447601308946560e+02 -2.439919170736325194e-01 3.370604739636930136e-02
8.470463166641151531e+01 5.619332924084891046e-02 3.627828723828652180e-02
-3.191117018235382474e+01 -2.003155162634868980e-02 3.068698430611577557e-02
-2.559496482187277877e+02 -1.711766408886140067e-01 3.512774406284514123e-02
-1.966382963141209075e+02 -1.308292808046448430e-01 3.131436732107002047e-02
4.000324427166430752e+01 2.590504920619212184e-02 3.498799695000138349e-02
3.543029173438309840e+02 2.362775658059464712e-01 3.591032309499445074e-02
1.182012691146003220e+02 8.017159362562546743e-02 3.498914675483076608e-02
-9.531890953976265735e+01 -6.426138531310307545e-02 3.122986704678787362e-02
3.509315366466139352e+01 2.313969697931344063e-02 3.168146751268479527e-02
-6.547812625747251047e+01 -4.278379054148059163e-02 2.943547832272248518e-02
2.103042041310911259e+02 1.403253507571948222e-01 3.576285220054336439e-02
-5.484427552154715357e+01 -3.608099718869470923e-02 2.903694834559660334e-02
-3.762648394939461127e+01 -2.520714770084253251e-02 3.299750736288221964e-02
-3.040613128765835071e+01 -2.143751622659665484e-02 4.096058762021466404e-02
-2.385347335387314160e+02 -1.596795671786311599e-01 3.193578616167103840e-02
-3.502541252285915618e+01 -2.389048274560573101e-02 3.224324578863322494e-02
-5.620943401619560973e+02 -3.752071044963817270e-01 3.128585918876007621e-02
8.251051626449188348e+01 5.446987737048482325e-02 3.112714955124833496e-02
9.618578729565070944e+02 6.401342808159603548e-01 3.991082929799921741e-02
-4.816043047966363702e+02 -3.200297605146598112e-01 3.061908613920322209e-02
4.630112509697275414e+02 3.088526588946301499e-01 3.353829846966108891e-02
4.739116899229081810e+02 3.149849663484721729e-01 3.456491686964369148e-02
-5.558163175800441422e+02 -3.702308074810513050e-01 3.052993500778084651e-02
3.698191582874277401e+02 2.470192027710436389e-01 3.301178799661090568e-02
2.408379213323205192e+02 1.619958351247629824e-01 3.355815545781114240e-02
-1.290665690229334359e+02 -8.650416033361588153e-02 3.083277936756041032e-02
-4.214235786714958749e+02 -2.826758022344789123e-01 3.919015636767472777e-02
-1.827393928562617020e+02 -1.222417753402982310e-01 3.278846729128508802e-02
-4.590182693530678080e+02 -3.064171607935612940e-01 3.368082544638039549e-02
-2.633654400889473663e+02 -1.763979471542227173e-01 2.824201755749069717e-02
2.159033159963096296e+02 1.455467001123713355e-01 3.588795154404622600e-02
-1.700791644083208780e+02 -1.139477881003419513e-01 3.087507336274263048e-02
-1.053549341142439477e+00 -1.225791559937797030e-03 3.520818102496835883e-02
-2.624837987050224228e+02 -1.755299543092576631e-01 3.238629436793517835e-02
1.395249403623645037e+02 9.253109630048940437e-02 3.093562175138413889e-02
-3.855304046752731892e+02 -2.562131302208406347e-01 3.883614176900247739e-02
-3.443607499473483813e+01 -2.476726266413295172e-02 3.730222547068752503e-02
-1.427388455160381113e+02 -9.585149311215654389e-02 3.724263747546938119e-02
-2.247933175112954274e+01 -1.477919635891735556e-02 3.627475770914609376e-02
-6.111987136420901834e+01 -4.179562138747681954e-02 2.897442276825984778e-02
1.724253462027618014e+02 1.143548844546411480e-01 2.770619773809203379e-02
-7.642221565693090213e+01 -4.995169914259757482e-02 2.899709880460818456e-02
-3.726764268881115640e+02 -2.470449788251068701e-01 3.327592699966987894e-02
-2.753240584713694830e+02 -1.816601029140869628e-01 3.640427668817085294e-02
1.426928391734043373e+02 9.409444599530171482e-02 3.702348595491250505e-02
-4.490714567927420831e+02 -3.002262341343853169e-01 2.842675452799971886e-02
-2.069393283466006608e+02 -1.381377732089657528e-01 2.869134345678664433e-02
-1.397069653581845046e+02 -9.265339688596667400e-02 3.274666986052509471e-02
-1.546577688588433261e+02 -1.044677848714729573e-01 3.027348267336611373e-02
3.406510308032243302e+02 2.285780549827749197e-01 3.575292303066281152e-02
2.049760291893277895e+02 1.380008218207909865e-01 3.431303116506595474e-02
1.714886706311960154e+02 1.137161109461347491e-01 2.813311928804151582e-02
-3.467872902070837426e+02 -2.321119816858258911e-01 3.505512898653705828e-02
2.021379414073724661e+02 1.347515669626908330e-01 3.232335500460718075e-02
2.697552339796805541e+02 1.801809800660519323e-01 3.444004520143707782e-02
2.480359633216850739e+02 1.644987120523606905e-01 3.273256222849384861e-02
-1.129770206030795032e+00 -7.954668114817537447e-04 3.048265784377155938e-02
2.531928633543040803e+02 1.678769035585854497e-01 3.750038255455150071e-02
2.449382848612831367e+02 1.637768343204631105e-01 3.892004860279588835e-02
3.263315566289359140e+02 2.174033562128637742e-01 3.770106421777531802e-02
5.917598572176808602e+02 3.942949300751318886e-01 3.230793920025430699e-02
-5.545420253291825929e+02 -3.699483662270832696e-01 3.489483357326975121e-02
-1.191560194487719571e+02 -7.849620475015495202e-02 3.261383422253272268e-02
-2.036053632210625040e+02 -1.364172568125804619e-01 3.601436065370843681e-02
-5.585737330782306032e+01 -3.672563126996099270e-02 3.128473487924022384e-02
1.689555834357007029e+02 1.117010373151727798e-01 3.037665023278584772e-02
2.227057756712552532e+02 1.479934454162524227e-01 2.977699598440424963e-02
-9.295051395083352475e+01 -6.233188698930958865e-02 3.026249107480603190e-02
-5.382810658744386956e+01 -3.674132050872160743e-02 3.028993937591191801e-02
1.171217903110354257e+02 7.883869042410961148e-02 3.400501330070341416e-02
-4.336697263905575142e+02 -2.895016018666652369e-01 3.416373612772865415e-02
-2.076230382165409480e+02 -1.384239116672989767e-01 2.549064233124798129e-02
-2.090833055626479222e+02 -1.400351475487149333e-01 3.054818433433861141e-02
-6.352934643556116043e+02 -4.227037066736716309e-01 3.118663390140727701e-02
1.179364580693041944e+02 7.798918132978716056e-02 3.392249411998617126e-02
9.655223156380750993e+01 6.379165849591011961e-02 3.522023964161755810e-02
6.242281775111752040e+02 4.173160636615342312e-01 3.934853302857659746e-02
3.553862144107192762e+02 2.382689810844610123e-01 3.590374807986471128e-02
1.450915085242478426e+02 9.473104712799675087e-02 3.550151955744738214e-02
-4.391844537251316183e+02 -2.938643316940232064e-01 3.169577238514301176e-02
2.843479177991885649e+02 1.908066265513743420e-01 3.390241414207494780e-02
-3.038790058641540099e+02 -2.027983042666646474e-01 3.379774318407851447e-02
-2.668928923350094919e+02 -1.785981672034024081e-01 3.218228230910732957e-02
4.452792163450519780e+01 2.915835488986272608e-02 3.548342567507977580e-02
6.647457804092764491e+02 4.424601324985841799e-01 3.317069606121873793e-02
2.015255274408564645e+01 1.453575484975624943e-02 3.621446696560654682e-02
3.701524964073082629e+02 2.466222536876669646e-01 3.454933656392639857e-02
-2.475264585614369395e+01 -1.707086749086878658e-02 3.367344537125041559e-02
-7.379054931937734807e+01 -5.044893171865932890e-02 3.185320206950128380e-02
-1.066798708502499693e+01 -7.961809714250780295e-03 3.116965304933703301e-02
-1.772265460853307673e+02 -1.175990937963748151e-01 3.099259276876909636e-02
-3.460452758769632453e+01 -2.352411819202041010e-02 3.242250707346108068e-02
-4.811398704735442955e+00 -4.009090807862391442e-03 3.456620292598983762e-02
-1.089955923745582993e+02 -7.248770733394829802e-02 2.889126975747625253e-02
-1.741465071684697108e+01 -1.018037936507470466e-02 3.265850772506229127e-02
-2.483167286905365643e+02 -1.641711798776495645e-01 3.438200329797932303e-02
-3.752631489996289247e+02 -2.510316201079379472e-01 3.487080608857810043e-02
6.669301444841885314e+02 4.451809225084461530e-01 3.897972270020420155e-02
-3.452748113691832827e+02 -2.313971625179870317e-01 3.282465578129166450e-02
4.258162745434141527e+01 2.719202845524758966e-02 3.422983505640690011e-02
1.745692756638401590e+02 1.172631313083725563e-01 4.039734502915002384e-02
2.040807457145677404e+02 1.360276905123826152e-01 3.103365090157125458e-02
-1.793829120004521087e+02 -1.191831814628586117e-01 3.393927255011401634e-02
1.255059809151697578e+02 8.317559156535186959e-02 2.840974028315975883e-02
4.086333710163746957e+01 2.840834235007079142e-02 3.359414725729917978e-02
-2.995275981516115280e+02 -2.004283949402927423e-01 3.196074200652546105e-02
2.150756329781895602e+02 1.423534613222303957e-01 3.222627703662876014e-02
2.082939769633559877e+02 1.388961281904212142e-01 3.518117628833523913e-02
4.177160140049567758e+02 2.773803106983475097e-01 3.481437720981472167e-02
4.383435771204410969e+00 2.755735720152456374e-03 3.729961647408382153e-02
4.514958330388086551e+02 3.015781312647803358e-01 3.446316202566015313e-02
1.432647288062749737e+02 9.465325772502518331e-02 3.118201710473555641e-02
-1.529979182681001078e+02 -1.038575570616114829e-01 3.600011212334605637e-02
9.569812276568087839e+01 6.365096137738308901e-02 2.996812465030983252e-02
-3.116666453357203181e+02 -2.085604837560388891e-01 2.706842641650243284e-02
-7.917281644884610614e+01 -5.367006421765127544e-02 3.064838120887646358e-02
-8.661301182687567746e+01 -5.790503628773393391e-02 3.521594178654367802e-02
-6.079338223947047481e+01 -4.042799477836470090e-02 3.466319156083785130e-02
3.545490673411600255e+02 2.357583075717593624e-01 2.946259007420005613e-02
-3.393524750120350859e+02 -2.274778375487673254e-01 2.703842240071080080e-02
4.357867495311685957e+01 2.947075435549736944e-02 3.259247001480924943e-02
-5.076944706607363145e+01 -3.474233578748060075e-02 3.233600473437096834e-02
-3.199160688351788906e+01 -2.131091626248315593e-02 3.031086567877592369e-02
2.212312797244553337e+02 1.481093673671550481e-01 3.256235644036398896e-02
-6.990623166021374857e+01 -4.615106643686676252e-02 2.964368434735972432e-02
1.250299360786718523e+02 8.423649820779717523e-02 2.895445924325358578e-02
-8.227549590236132815e+01 -5.506360817262623969e-02 2.810447336801497747e-02
-8.527638897496268555e+02 -5.678281136818873476e-01 3.856769571255624224e-02
-3.340440763770994295e+02 -2.208143164564010941e-01 3.818250473842123988e-02
-3.408785615236355682e+01 -2.270918326556175051e-02 3.674179619404237263e-02
-6.416684012705779878e+02 -4.277350068101123393e-01 3.616968031415934703e-02
4.196593237590966510e+02 2.809997035567242119e-01 3.249725985271396250e-02
-4.312362506403729299e+02 -2.880441330661700494e-01 2.764153026084620671e-02
-2.831081783797843343e+01 -1.909553871670860090e-02 3.245705417150134692e-02
2.369967443998217220e+02 1.586941495888382625e-01 3.061523369421195045e-02
6.293077716094303042e+01 4.172512166152171631e-02 3.360228199555673201e-02
6.314924893786454732e+02 4.212924040037899220e-01 3.569987418984132271e-02
-5.577468029846954778e+02 -3.714950460718607350e-01 3.599755715097668202e-02
5.706885470399963651e+02 3.792247539501820697e-01 3.676128032756458691e-02
-3.593346471758888470e+02 -2.382132630380040528e-01 3.317218617043889151e-02
3.501664400020238759e+02 2.330713033215040808e-01 3.087998569933963003e-02
1.401317411976486369e+02 9.338176161036466916e-02 3.674303764670780459e-02
-1.181284510342140237e+01 -7.157030751961707300e-03 3.095015433462825274e-02
-3.084450437445049147e+02 -2.060210339246015820e-01 3.444362128213963870e-02
2.001810111021274281e+02 1.346584211605181824e-01 3.308020292701486370e-02
5.078052489059373897e+02 3.366275621484312586e-01 3.470309401250567388e-02
-3.159972655234586796e+02 -2.100599522579141842e-01 3.405130535573890754e-02
9.114933748622620158e+01 6.059296575189553752e-02 3.843450561775747093e-02
4.956712619923747676e-01 2.213974285308642443e-04 3.324291913277627880e-02
-7.105206353325688440e+01 -4.796574618764542358e-02 3.559412597696284125e-02
3.622394499636558152e+01 2.446274615245522949e-02 3.525035907357152581e-02
-1.921429485279768983e+02 -1.274372657893216576e-01 3.123062479603465683e-02
-1.216668278908822458e+02 -8.235983193503837452e-02 3.862727009386073690e-02
-6.788277258432131589e+01 -4.512311962216643962e-02 3.315994494687616451e-02
-1.724856126661714200e+02 -1.162245117174000864e-01 3.235782733299912700e-02
-1.196228303178264412e+02 -7.935380749674485201e-02 3.180514247783553655e-02
-7.007429101220866130e+01 -4.688073065802875888e-02 2.993117285530743146e-02
2.926711686189773332e+02 1.961942487641383237e-01 3.163893085162986646e-02
1.290013879261013017e+02 8.664365412382721288e-02 3.542171980301355577e-02
-3.867963330786737970e+02 -2.590878141812561486e-01 3.537519965171494196e-02
-1.478464339478178715e+02 -9.921003094857536175e-02 3.425349103174520765e-02
-7.267273534534413670e+01 -4.691317049757251501e-02 3.505083061013886808e-02
4.319486918359266951e+02 2.893303464095529076e-01 2.797923105086626977e-02
-1.801240094996719279e+02 -1.207394444209206330e-01 3.686205580022390571e-02
6.447696469983270617e+02 4.306086445657950068e-01 2.736385221648432106e-02
4.687523586663985498e+02 3.105780549457244355e-01 3.430668237446039132e-02
1.811604086841980461e+02 1.203278608921926895e-01 3.090834857396711904e-02
-1.158347137155405733e+02 -7.799565999315073717e-02 3.157531730851449725e-02
-6.495066519236445401e+02 -4.326222617459417052e-01 3.149584905756894898e-02
7.522220049951117460e+01 5.021141605742781427e-02 3.464351222129899432e-02
-4.113838347266547402e+00 -3.955299595412422285e-03 3.454595350754167959e-02
5.826241367818973913e+02 3.891198849095953705e-01 3.127154843901879672e-02
-2.867057774284791805e+01 -1.917306967656145708e-02 3.097065239283754851e-02
2.169175140125015844e+01 1.425442336672209237e-02 2.950555357141502327e-02
-1.752447828904428206e+02 -1.168744144451983602e-01 2.991298122968105364e-02
4.221330227468831708e+02 2.813760534485670317e-01 2.831695572600973626e-02
3.099662691027408528e+02 2.078105831574574847e-01 3.730952782895144426e-02
-4.333858756503391305e+02 -2.900381514733392785e-01 3.026212467538847914e-02
2.841357147747157796e+02 1.880460767431140767e-01 2.855357420297720966e-02
-5.597039793345420833e+01 -3.721747879494763378e-02 2.690796070934232606e-02
-1.557854843394077307e+02 -1.047154701107501362e-01 3.603528680858537891e-02
-5.722123234052180152e+00 -3.301152084407512136e-03 3.197338505173495660e-02
1.772104610637648250e+02 1.177445217803340938e-01 3.098889084997165366e-02
-4.582730311543632240e+01 -2.986083089414287225e-02 3.162019445744636281e-02
-3.094893114840699013e+02 -2.068903928148791982e-01 3.422753411499684234e-02
3.862320005054787941e+01 2.698935719714275205e-02 3.109117275883920353e-02
5.415415095829004031e+02 3.612400820511005861e-01 3.877500791697029159e-02
2.151806083413819408e+02 1.438379620905786416e-01 3.055571629058273855e-02
-3.066129202514880348e+01 -2.125029578294533941e-02 3.063518478570364731e-02
2.479894365148403779e+02 1.657462311939363886e-01 3.724739069587579970e-02
7.182042915710987074e+01 4.869807911204410839e-02 3.089303476125196748e-02
-4.102847152636584838e+01 -2.737812521499102467e-02 3.252056891393446253e-02
4.380687405811635813e+02 2.913812427717891729e-01 3.543960723123976836e-02
-1.023341514141059179e+02 -6.856643242371560087e-02 3.143420945811323253e-02
3.150413639387952003e+02 2.093506714196398943e-01 3.656538327736591487e-02
-6.924589232206837153e+01 -4.697961368812865468e-02 3.431611235978457297e-02
1.007419713881810992e+02 6.702701112648630499e-02 3.191083799228125462e-02
1.508572309315931648e+01 1.112936304100541236e-02 2.842966594063003546e-02
-2.654448952488943405e+02 -1.778860069411392630e-01 3.093370934038897416e-02
4.970274321530769726e+02 3.320968348861640385e-01 3.351827284998226686e-02
7.730348848548429430e+01 5.135511105230875645e-02 3.377681983109515756e-02
2.181350814500347113e+01 1.392177525336467554e-02 3.939433671833750261e-02
-8.703053662535504031e+01 -5.749796877029289544e-02 3.383189219323231439e-02
1.542342379504687528e+02 1.021182589240647587e-01 3.891420940893443314e-02
4.481004120307439962e+02 2.992424686367958220e-01 3.589963242568348228e-02
-5.749416749615490829e+01 -3.814485271542286671e-02 3.269410388985572596e-02
-1.970398502267002527e+02 -1.321007372788980672e-01 3.298998336784893931e-02
1.759107266949776260e+02 1.179208042805547918e-01 2.983098984072638307e-02
-1.683786048885383195e+02 -1.127589149906003535e-01 3.190603615252215336e-02
3.326085601607175022e+02 2.223346072193299605e-01 3.457976342672952619e-02
-1.960362121904397270e+02 -1.305125160639182824e-01 3.970571361328002757e-02
3.072757296290761246e+02 2.036950290892102222e-01 3.138643709962079392e-02
-9.307866067735659499e+01 -6.182973450587340991e-02 3.300902115540608334e-02
-3.890071593060023929e+02 -2.584071682538999215e-01 3.304663150645393427e-02
1.030937357887463435e+02 6.719978754021033174e-02 3.561119899203987749e-02
-7.287018316241147886e+01 -4.765377932659824178e-02 3.698538700127839557e-02
-4.874913908622181111e+02 -3.255475910684840213e-01 3.507925035580853473e-02
1.024455250689125734e+02 6.771808225409373105e-02 3.654611763148254283e-02
3.117360459539718249e+02 2.086809206964784225e-01 3.618497674416610438e-02
1.234180729758308956e+02 8.104136312934724640e-02 3.966984195851475797e-02
3.899416591172902002e+01 2.532301282604317721e-02 3.544972515099787530e-02
-1.871978823996243477e+02 -1.243767151815169114e-01 3.238682058001982056e-02
1.896857025212708834e+02 1.255720069324548771e-01 3.369263768445827228e-02
4.786998690734545221e+02 3.190475225165723128e-01 3.057984572718427246e-02
-7.065589439007867441e+02 -4.724566610789623922e-01 3.689195890436233749e-02
-2.615221796166940749e+01 -1.770318497634859600e-02 3.383167817427482071e-02
-1.244216599878104006e+02 -8.313176466477084636e-02 3.929491145450936945e-02
-3.584941476234196784e+02 -2.390434315148855238e-01 3.241666633227858335e-02
3.732607737515510848e+02 2.483663143159480502e-01 3.357138341989565622e-02
5.303979870896805551e+02 3.534222070869074139e-01 2.918213574101961513e-02
-2.780814448876706138e+02 -1.844697080424564373e-01 4.018445862765263749e-02
4.016219684876123210e+02 2.670802005514094635e-01 3.362330082028760353e-02
-1.765751982114111343e+02 -1.181498561032690159e-01 3.165459207348841897e-02
-3.052664145449847979e+02 -2.034780238275422370e-01 3.236902301930092568e-02
-1.639281987506409521e+01 -1.030867793463634274e-02 3.769152167054445196e-02
-3.530512937047146238e+02 -2.365784067607175356e-01 3.380469672780301443e-02
-2.424507118789962306e+02 -1.626281150912318452e-01 3.478570128819113288e-02
-3.376926272459342613e+02 -2.255927191168741464e-01 3.286534231789828286e-02
-3.455616016413483180e+02 -2.295219446771745719e-01 3.069588358905646006e-02
-3.014173105947785984e+02 -2.005764503834685242e-01 3.370139227986241465e-02
6.320946049358144592e+02 4.216018982229484124e-01 3.928695674800256055e-02
9.666091390640509928e+01 6.565354287351553297e-02 3.306801822247017880e-02
-2.000363618562990098e+01 -1.130902261187324495e-02 3.245171061541804458e-02
3.071463183635755740e+02 2.044073060378393814e-01 3.372513534875070523e-02
2.332418079725010500e+02 1.555176168004202275e-01 3.299393324034632230e-02
-4.402760460093804227e+02 -2.932972416772127167e-01 2.619981267492926119e-02
-2.844642669314583205e+00 -1.586987705180707003e-03 2.837456108110926814e-02
2.390920575902705281e+01 1.637321504428393068e-02 3.408161085093843606e-02
-4.712108909304687927e+02 -3.134145033321731333e-01 3.484397962713004643e-02
-8.942036429793928676e+01 -6.141418160744381571e-02 4.139812831170044255e-02
-5.683382490372443954e+02 -3.775399981550971451e-01 3.483819768904290043e-02
2.476820647382045593e+02 1.654626513377672192e-01 3.023062410680171785e-02
3.686611129306438102e+02 2.460951084550185852e-01 3.689273907190188800e-02
3.394338436490059507e+01 2.221262579011495930e-02 3.430272753160593796e-02
-3.215681383678600458e+00 -2.262710462528116310e-03 3.405929447855128578e-02
