1.209153141200833715e-03 5.376089615439488994e-08 7.528430933750773660e-07
9.090509667479445069e-04 3.810482758507920417e-11 6.064001397642207644e-07
9.979000681908168410e-04 9.471697879564431860e-09 6.562325025827017220e-07
1.012074341028221247e-03 7.829468980830144667e-09 6.673316461354073976e-07
1.196930399697906195e-03 1.604758493625767630e-08 7.824276332845359319e-07
6.784877142809584609e-04 4.971633399187201963e-09 4.476519440841744013e-07
9.547712168658330006e-04 2.329697818501693984e-08 6.136262505592446877e-07
8.513949499125651656e-04 1.209333638699372723e-08 5.558738794743659290e-07
1.148933904662269127e-03 2.922624777383827175e-08 7.372211694473058558e-07
1.215507141754108020e-03 1.144163410361723598e-08 7.994294133413489777e-07
1.019649063144227336e-03 9.851953153057695564e-08 5.816342667434034070e-07
1.164102784200193039e-03 1.331006148599343157e-07 6.433968391663053097e-07
8.467590921974751201e-04 4.616997160111372926e-08 5.186818777823912201e-07
6.743013565476841525e-04 5.722579663976301083e-09 4.441077298543828557e-07
7.417476862348511280e-04 1.576091217344123284e-11 4.948125716254776932e-07
1.127352960521590085e-03 1.186352020282370226e-08 7.401985858688160667e-07
9.777261534703182103e-04 1.232751320496371890e-08 6.399165334642245052e-07
4.946921150819619988e-04 2.948554045822412748e-08 3.005095426248337209e-07
1.121618100981197153e-03 5.850564790211619255e-08 6.896995524536509459e-07
9.589898320286362448e-04 5.260162592646587033e-09 6.344893850164553669e-07
1.049655169758304234e-03 2.227375607914895575e-11 7.002146491822451449e-07
8.782122918339015137e-04 2.195570434752499860e-08 5.638950869330313311e-07
1.253684345859028184e-03 1.723883822285381688e-08 8.190967902099717632e-07
7.723027440105260325e-04 1.864049226828707645e-08 4.965590431007973610e-07
1.097339374295398405e-03 1.167075332636741255e-08 7.203690755876231423e-07
7.204124484377391179e-04 6.948350542472384603e-08 4.110655038696819533e-07
1.328888325491388907e-03 1.109165689912510080e-07 7.755259986687873555e-07
8.446908306513908156e-04 1.018352693890287510e-08 5.533125685410518448e-07
1.170819566335900078e-03 1.129983932104646909e-09 7.799363511926241656e-07
1.300061811238080326e-03 3.142100884696736489e-08 8.358440947082253968e-07
1.022471462676024937e-03 9.759730246690620190e-10 6.811257525944106193e-07
9.833589627481534833e-04 3.750896550691761302e-09 6.522565830034128394e-07
9.130457407373151514e-04 5.668452202528241893e-08 5.523808923945239455e-07
9.504976114266631146e-04 6.591209793071302222e-08 5.681317308409562482e-07
9.799533490804199394e-04 6.598323687666390850e-09 6.471353325876719526e-07
1.148974551988380440e-03 3.909303722708279293e-13 7.664936394882069161e-07
8.279584391005005923e-04 6.988257275979360317e-09 5.453476005247041666e-07
1.020541106051827719e-03 6.524172783154275628e-09 6.742860886438267606e-07
9.719199915789499336e-04 1.000571429132341104e-07 5.482550214870571845e-07
1.078888017396297146e-03 2.023776154959354154e-09 7.177133776943683415e-07
1.146377381928012943e-03 2.972116150895367884e-09 7.617873300211270631e-07
8.195288887085208683e-04 8.226670427017365525e-08 4.643954851923017141e-07
8.568727160330558233e-04 1.225907206817606122e-08 5.593623134961917683e-07
8.987085498550299043e-04 2.526545923905653606e-08 5.742564116053670483e-07
1.341798931244234019e-03 1.660260356809366179e-10 8.949632369517762481e-07
7.773276103783936276e-04 4.102764544700596566e-08 4.775091008725047731e-07
7.820584247647459179e-04 1.076421236855599081e-08 5.109487032767924863e-07
9.866783540426139667e-04 4.048712435138548577e-09 6.541729722414317284e-07
1.250015443924958796e-03 8.070802500575894342e-12 8.338914861382308025e-07
8.623555057353790099e-04 4.734477852838983319e-08 5.279108325168739776e-07
7.922659882453594654e-04 2.070780464256725674e-08 5.078080595607126689e-07
8.978431561973395161e-04 1.555709046496976809e-10 5.988057370516109293e-07
1.036621819041250994e-03 1.096701537493155847e-08 6.805679092587414047e-07
1.124208502010965371e-03 4.474574301903737581e-10 7.495245602839758707e-07
7.601607220351381264e-04 2.061811335914126424e-08 4.864800213451810363e-07
1.073633598921379774e-03 3.196069529243931900e-08 6.842512047916748734e-07
1.208057573154646368e-03 9.570487318728640767e-08 7.101402690952077222e-07
8.619121385927648116e-04 2.328898041156406818e-09 5.726609683329088413e-07
6.549668582087220681e-04 1.472020380323707296e-09 4.354628603323792306e-07
9.836729235110526753e-04 3.031986643951572145e-08 6.258793354581583343e-07
1.295615565283720402e-03 5.344340214218107774e-08 8.108408686260498322e-07
1.015444178026600735e-03 3.251183676348310053e-08 6.448808691670284557e-07
9.388968644455036134e-04 6.912900082037103327e-08 5.571736912708117866e-07
8.568291228478916140e-04 1.384702249341782897e-09 5.702148562200658910e-07
1.184757569240440416e-03 7.899387589172125974e-09 7.824606323260057723e-07
1.254118898006946177e-03 3.410670168125062278e-08 8.025075687025150146e-07
1.055172072315118791e-03 1.371909762826669959e-09 7.025445014482177660e-07
1.063768457088148673e-03 1.781366805037258858e-09 7.078695175987941594e-07
9.261822327868272529e-04 3.099918560375106947e-09 6.147647464618176537e-07
7.957779966665279618e-04 1.119027456877066109e-09 5.297528055244912710e-07
8.580126894078435405e-04 6.261234497303445678e-10 5.717635118300520113e-07
9.593027070213148511e-04 5.415409271138013034e-08 5.857715596759470365e-07
9.801800775304208690e-04 1.141586939032672080e-07 5.396544607575184761e-07
7.392970099727975237e-04 7.318431092634305629e-11 4.931202358281572580e-07
8.087426345683178036e-04 1.600663344198651125e-08 5.235041256873503793e-07
1.000584795460783940e-03 1.810719923218957993e-08 6.493822525767174950e-07
9.603957041164356851e-04 1.299314649980509730e-09 6.393907485933723845e-07
6.056216625345350272e-04 5.326801717479503394e-09 3.986867644818650721e-07
1.150702739290195876e-03 7.102213860729802484e-11 7.675758546246063738e-07
8.404343514524558259e-04 6.805472173440852498e-08 4.925632213814830418e-07
1.128056960615218558e-03 2.274927556634192171e-09 7.502632216679569810e-07
1.131493193459413545e-03 5.983052854002182877e-08 6.949615748161311367e-07
1.031406426882866849e-03 8.480967730943211664e-08 6.031967384381046315e-07
9.252448938540218121e-04 1.542004481229167075e-10 6.170871202013592768e-07
7.757528195002097665e-04 7.975499470823869750e-09 5.095327353528846251e-07
1.311924193311823916e-03 9.336983314026222192e-08 7.817674740503207853e-07
9.699686967872322768e-04 7.179439371683022475e-10 6.463587597608273043e-07
1.102752502726644414e-03 9.387276961004621996e-09 7.262652350134338673e-07
9.796246816884948347e-04 2.347051342490449838e-08 6.300326294537279073e-07
1.082137009023195328e-03 3.680073260927847558e-08 6.850806605131940250e-07
1.017721279564612422e-03 1.052995786247199067e-08 6.683964928424980484e-07
8.862986293478144128e-04 7.446782694009647666e-08 5.167424209057169754e-07
9.335420094996681835e-04 4.868222803638687310e-09 6.179050535651836408e-07
8.204579469178533953e-04 1.869139404020172052e-08 5.286329925667451297e-07
1.208955424130287370e-03 2.739552246445884918e-09 8.037665748903391114e-07
1.219398326604792700e-03 1.128539955081695760e-07 7.005452523966233280e-07
1.051823139409294346e-03 9.303184933257630361e-09 6.923738238888642480e-07
1.083104876841664045e-03 1.430274783965846783e-07 5.794287253147346014e-07
9.755361620271178974e-04 1.922494966455361862e-07 4.584135537417032995e-07
7.571097527496055456e-04 3.274205011694762287e-09 5.018001635971069451e-07
1.071500636269819137e-03 1.401975275045033920e-08 7.007811922242451852e-07
9.615075913105902358e-04 6.033814609430701146e-09 6.353948428261802821e-07
9.250159181649554758e-04 9.571367954427940804e-10 6.161308959118021318e-07
1.203384230747930579e-03 8.380954601777856140e-08 7.189258917420029959e-07
1.115947978331641556e-03 4.719344998940950965e-08 6.972366933605920733e-07
8.423539082029088236e-04 6.670753015081769942e-11 5.618771493713692944e-07
8.057544548621855662e-04 1.314060602548108087e-11 5.375148391948948474e-07
1.233851879837078846e-03 1.674949222616260578e-08 8.063559983307771295e-07
9.577394882232484908e-04 2.235407329077899227e-08 6.165499521594931109e-07
1.376530997647402565e-03 3.306056356694174591e-07 5.874733449921790965e-07
9.186843982543898765e-04 8.549668848286559170e-08 5.273111177652378379e-07
1.391619583391014939e-03 2.281088806189743913e-07 7.001042444713497132e-07
6.191857455618847601e-04 1.605717897473881984e-10 4.129051953817637809e-07
1.319919367084126677e-03 2.414874801088666214e-08 8.563684089845205097e-07
8.131766566513624981e-04 7.777251639138215958e-11 5.424015996509509244e-07
8.314773295093656020e-04 4.994010138020958977e-08 5.047145946891602066e-07
8.419679645870080300e-04 6.728585734752773861e-09 5.549533595629611635e-07
9.462929512147557785e-04 1.608527200232302967e-08 6.151868200208613598e-07
1.099079142007878315e-03 4.366213192467980526e-08 6.895169740632812800e-07
9.111279052887832474e-04 5.856983163765709327e-08 5.492149151649751985e-07
9.254939355503566910e-04 3.785302594650602454e-09 6.136197342617615028e-07
8.784554012625114903e-04 4.600949697400200603e-08 5.399874288202191075e-07
8.464162691999285249e-04 9.204641114390609130e-08 4.725461324109869281e-07
8.494201226528642467e-04 6.623057208798516705e-10 5.659951061184418819e-07
8.480673645085539661e-04 1.618936335550002921e-08 5.495552498167470492e-07
8.660792163692837770e-04 3.200571567728214545e-08 5.457442580742898213e-07
8.960808378713783435e-04 2.366198403104041761e-08 5.741079798697917412e-07
9.580775082730431155e-04 2.354651896164238882e-08 6.155822080257368045e-07
1.159202032816354254e-03 3.361446514870993340e-08 7.396800100689053890e-07
1.079668090730255547e-03 1.139332293898485993e-09 7.191188073978704965e-07
7.792378389683323131e-04 9.317462320311535446e-10 5.189060838027256708e-07
1.122734246996718449e-03 8.606585025250958387e-08 6.628655581173813354e-07
9.061734099963141605e-04 6.753231204277337945e-09 5.977608827150756931e-07
1.497004942838138205e-03 1.702031668455381819e-09 9.969659074953004400e-07
9.497331053510820473e-04 5.987539138762516049e-08 5.736624538156400740e-07
1.156081859964045713e-03 3.529342730518258325e-10 7.708822271877704855e-07
1.141016042480661906e-03 5.103966055019633554e-09 7.560774472302419596e-07
9.928868874790786232e-04 6.337822282334462675e-09 6.560241187829062829e-07
1.210143004786250285e-03 2.242330032052722701e-09 8.050563774103878570e-07
9.378635255685275436e-04 4.871573187099355710e-11 6.256107084527824966e-07
1.188471201070963887e-03 1.959468793044766722e-07 5.967650981415938079e-07
7.914374844659222185e-04 1.014728351097335403e-08 5.178229214139172299e-07
1.011568122921316154e-03 4.516940978275920083e-08 6.296290915591578337e-07
1.009475848686897581e-03 1.950231978492241738e-08 6.539175243559132255e-07
9.211555819354667191e-04 4.054691359550041338e-08 5.739394339841334064e-07
7.161919829376888445e-04 1.938267331420821239e-08 4.583842381363419438e-07
1.742005010243124520e-03 4.052556361405217228e-07 7.565854276399879809e-07
1.328020511820524616e-03 2.487922157836711052e-07 6.369794450600518586e-07
8.539495868999537722e-04 7.601217076443269528e-10 5.689188821470895569e-07
1.079379495521885562e-03 1.368973532926619485e-08 7.063675066897841366e-07
8.131589622780848207e-04 3.167960451610026109e-08 5.107668815903500702e-07
1.168205638852088486e-03 8.398181229645375952e-08 6.952854705853286247e-07
9.390620919849843561e-04 6.412674661152767278e-08 5.622895077169398563e-07
1.157904230654117732e-03 7.941066798811454838e-08 6.929874774329189297e-07
9.668022972284473710e-04 6.431844121741798084e-09 6.385287065015573831e-07
1.034681151985404049e-03 4.282936002298584856e-08 6.473896677457808905e-07
1.479757813419691360e-03 8.678681080927615634e-08 9.003186105442141603e-07
1.086473031852768162e-03 2.413547113196955561e-07 4.832828318033523808e-07
9.659416573326888231e-04 7.542081245387546172e-08 5.689195721493499320e-07
8.242664752681187366e-04 1.167897908371916799e-08 5.381907982938891586e-07
8.208422752382776031e-04 4.544543673611959538e-09 5.430456702654167136e-07
7.080827573878236423e-04 2.325757878073357746e-08 4.490969908050186884e-07
7.080250098768501362e-04 9.284318047256719613e-08 3.794264437411604641e-07
1.043969573512565840e-03 1.457117957437821950e-09 6.949859216653828985e-07
1.008711679323323097e-03 2.042219916055124685e-08 6.524872452184766905e-07
1.094490395280987025e-03 3.185783645489104429e-08 6.982679390251171804e-07
1.156043868326011833e-03 1.119965000604445686e-07 6.591388380489294190e-07
1.215046094997644091e-03 5.378043688262032434e-08 7.567547963133512926e-07
8.605672523805127719e-04 1.657716912651299759e-08 5.575060031292482549e-07
7.571691379994032736e-04 1.916498262839801467e-08 4.859384016389633724e-07
7.496420531176008293e-04 1.084530608341580218e-09 4.990095111441551535e-07
8.472474319667784018e-04 2.842058348572355020e-10 5.649240314973267295e-07
7.626314412496390917e-04 1.457211613284805053e-09 5.073019505201546505e-07
9.198537651515508329e-04 3.355768587494076113e-08 5.800648674710737675e-07
7.987650864760851904e-04 1.209508562434845434e-08 5.207621467909023651e-07
9.446526038358805293e-04 1.856712329855868669e-10 6.300027331463657755e-07
8.844371398188581677e-04 1.628769975686270668e-08 5.737195398155864787e-07
8.576946570814139017e-04 2.793498178719088239e-08 5.442242724487174747e-07
1.021112739318572309e-03 8.338645553622936037e-08 5.977538732583242795e-07
9.965801318076619557e-04 2.512658173239246105e-10 6.645785410818385638e-07
7.674225754378687136e-04 3.492676129711583530e-09 5.084613483944638336e-07
1.023231794594201298e-03 1.528522937335770813e-08 6.673141764737593105e-07
1.048818982747819076e-03 1.001674698677277689e-07 5.994448151742678927e-07
9.319229776423924557e-04 8.196824530507616285e-09 6.134941566688664599e-07
9.679271169814730562e-04 1.634595758009711891e-09 6.440795352531408669e-07
1.010184381060039768e-03 1.807870588336515205e-09 6.720964477501902067e-07
1.016889777221580918e-03 5.168481454419834431e-09 6.732068412541367840e-07
6.868775329274114192e-04 2.849774116237738167e-10 4.579386703201973826e-07
1.043854441076149222e-03 2.051355170284938438e-08 6.758399689939128925e-07
6.987598118508045420e-04 2.728036733358454506e-08 4.388520752838077579e-07
9.959044597010002862e-04 3.157548813003827847e-12 6.643760662960511911e-07
8.128879097490074486e-04 8.287834586272909329e-08 4.593531627451060078e-07
1.039760593174054179e-03 1.964332551784110010e-08 6.739797230802485947e-07
1.180710631688142945e-03 3.897843417391202328e-08 7.486610943477481388e-07
8.078700154759993089e-04 4.843272815575675968e-08 4.904742650049126160e-07
8.066147414155680311e-04 6.823418915855583744e-09 5.312739246442859354e-07
9.000701723035027307e-04 4.090282168077800683e-08 5.595169711690031312e-07
1.143485860893916125e-03 3.051886687661183456e-08 7.322932358765831577e-07
8.286134962507805566e-04 8.414847011478574043e-09 5.443570551925033743e-07
9.516172150399378757e-04 1.133604757662821794e-07 5.213985999936720293e-07
1.104594396481778373e-03 2.039548222699932393e-08 7.164784343837750157e-07
1.111702292432071833e-03 2.307730807073794921e-08 7.185365779359340295e-07
1.225644699221435001e-03 1.515135280524527289e-09 8.161254144767500363e-07
1.021896363226144910e-03 2.367723646160400822e-08 6.580256894821472495e-07
1.220979230388082384e-03 6.018903595744601307e-08 7.542999842908030002e-07
1.060872000039231019e-03 7.418639254152193335e-08 6.334839301047019485e-07
8.749702149266885137e-04 6.711473649037961104e-08 5.165431021955431886e-07
1.122452290538427646e-03 2.273491371000964514e-07 5.212999232076600015e-07
7.770799703588873904e-04 4.526958697770979703e-09 5.138689341642635437e-07
1.337317828285973856e-03 1.325436069696616912e-07 7.595079505213348340e-07
1.073937891591251852e-03 3.650109688725489032e-08 6.799107713544824902e-07
8.478537364593379325e-04 2.429134499289825050e-08 5.413053495463578876e-07
1.025442514421152050e-03 2.495818588617817816e-08 6.591095634368812045e-07
1.342743200152721845e-03 1.749687397205643334e-08 8.782507599697380772e-07
1.052135745191526157e-03 2.316133351917169427e-08 6.787149732573506929e-07
1.006113492309965900e-03 2.187113602454190509e-09 6.690012154144660675e-07
6.617857502923770764e-04 1.632947374734194632e-09 4.398507866779690922e-07
1.128235004275535223e-03 1.163905728846505662e-08 7.410116199752085000e-07
8.040410171845484028e-04 1.841862387403222167e-08 5.179540235980654376e-07
1.013738613528112351e-03 3.041969576340643735e-09 6.732325945054043767e-07
8.941721950455884483e-04 1.015342567709478654e-08 5.863522725349874810e-07
9.958858346088656985e-04 7.564161529758823402e-11 6.642911088631885891e-07
1.003120646042112525e-03 2.109705562504115409e-08 6.480820964673451845e-07
7.539173309864114544e-04 4.141751080662566072e-08 4.615017109916431822e-07
1.053580896833770800e-03 4.608197750087834645e-08 6.567431157988350919e-07
1.114764646581945613e-03 4.473950594817206264e-08 6.989028603466897283e-07
9.219627072181366123e-04 3.240177289556621262e-09 6.118095005228831362e-07
8.748344242748160244e-04 1.714111072271149605e-08 5.664594784461299939e-07
8.494368117479823800e-04 1.063126761948623976e-08 5.560306272973668854e-07
1.021661527319437128e-03 1.841522191268210465e-09 6.797193088942862475e-07
9.156157638671559920e-04 2.089900610386025772e-09 6.087264262518859240e-07
1.078560936777106516e-03 1.589632661377451224e-09 7.179296115977588690e-07
7.443837779402710580e-04 4.485888035009050741e-09 4.920980292780233875e-07
9.871948567000583818e-04 1.653145547057445083e-07 4.931441125026294778e-07
1.059583131520033155e-03 1.188320489552982207e-08 6.949688620258429057e-07
8.873465367161318361e-04 2.497038931920835684e-09 5.894602924071049846e-07
8.311146134308514555e-04 4.600028506459527833e-08 5.084150672674843177e-07
1.073243185625313498e-03 2.502600197288003910e-08 6.909300751607698852e-07
1.297529847144119784e-03 1.284574574748902430e-08 8.527426474468886716e-07
9.377339770994771225e-04 2.031203459085476190e-08 6.052474484410905052e-07
9.953782712643695785e-04 1.080593611471368733e-08 6.532150547647091008e-07
9.318681568245281658e-04 8.153000793964088266e-11 6.215782934040151677e-07
8.603744383800124252e-04 1.750858571249812964e-09 5.722135760661358180e-07
1.058767879767480392e-03 1.613270012520900742e-09 7.047017843553695133e-07
9.704151896266786969e-04 1.775674314403582327e-09 6.455981842261997126e-07
1.193028826255716898e-03 2.224512709647164868e-08 7.736231725223541875e-07
8.992596524278117717e-04 1.082049095172820159e-09 5.988236015910957461e-07
8.545662632500338222e-04 2.582620888603329891e-10 5.698324683900889209e-07
7.093005903356935796e-04 2.545540170425677000e-08 4.477101319408328751e-07
7.452891041084023453e-04 1.451664342241756641e-08 4.826645356736332809e-07
1.083030543990204245e-03 7.407803406353608787e-08 6.483745783154766918e-07
9.559627788977263525e-04 1.206396090765550410e-08 6.256616661349186509e-07
8.386199794274050391e-04 3.226500187288321661e-08 5.271664286978521161e-07
1.103663068579626740e-03 5.949511465533372754e-10 7.356708751566352585e-07
1.070054351621433980e-03 2.280834129926807611e-09 7.115631090237117366e-07
8.386198732709106369e-04 1.763530297547594877e-09 5.576881773346159892e-07
8.302184479328300138e-04 1.050574859492099017e-10 5.537430698491703782e-07
9.762319772663451438e-04 8.057889711898743637e-08 5.706228362827644010e-07
9.871366691728870272e-04 2.282768271367353452e-08 6.356872215492839529e-07
1.061303718171618515e-03 1.073153732873139809e-07 6.006208527289177575e-07
1.276933456203846245e-03 1.867309411556300261e-07 6.650013638895272734e-07
8.744776143952047659e-04 1.091186308074722209e-08 5.724548497492219580e-07
8.520118094649520562e-04 1.719907201548190986e-08 5.511762517956832116e-07
8.488546504725973498e-04 3.920340044391090868e-10 5.658883251940885528e-07
9.956085723517576081e-04 9.359050703031834570e-08 5.705288938000533984e-07
1.185813859126273132e-03 2.042929576939628072e-10 7.908655234754722035e-07
7.384096267949303953e-04 3.948698972783121285e-08 4.530881535711698404e-07
1.249855480945334359e-03 2.817327060438742970e-10 8.335109285432078226e-07
8.656462771255204200e-04 1.241191551939090037e-08 5.650623107714702702e-07
8.167638923218481116e-04 1.502612319972806892e-09 5.433688951580311384e-07
9.619761052801207961e-04 2.732125484766099092e-08 6.144057525074246192e-07
9.742816263913861531e-04 1.031130641775398483e-08 6.396362019778221521e-07
1.129992682567896971e-03 3.584174353096877366e-11 7.537951433973320882e-07
8.495144357432324019e-04 2.128919519935515127e-09 5.645904312630614114e-07
1.128229956387912349e-03 2.748520432231185853e-08 7.251515342924914990e-07
7.533431220791704085e-04 1.066939265144651857e-08 4.918872802548370876e-07
1.088763816201772589e-03 2.558114851831162669e-08 7.007285479815242285e-07
9.677783929905548962e-04 1.386935754589147022e-09 6.442281450024490236e-07
8.465887512743012393e-04 3.020045056463770503e-08 5.345484158954932902e-07
9.994034527951928867e-04 7.445692490170553980e-10 6.659683781999117593e-07
6.678616290068768117e-04 1.695013475522805437e-10 4.453684969883578740e-07
1.016896024431035526e-03 1.627392539637079474e-08 6.620981563285386302e-07
1.185495724060932040e-03 1.110169805099006864e-08 7.797486170676765462e-07
1.195266421957050414e-03 2.927870618960287503e-08 7.680776268663420663e-07
8.646661873190103920e-04 1.015144661822858560e-11 5.768185191121299839e-07
8.028446087678134347e-04 6.680372800448736862e-08 4.687385035097280923e-07
8.587295978163354132e-04 9.796022619943195788e-10 5.718880549855531713e-07
5.953604579956611091e-04 1.146348909216824342e-09 3.960246395142335054e-07
7.318812509378334278e-04 1.055382707693889692e-08 4.776854638575217472e-07
7.917958759012498366e-04 6.393265487149983278e-10 5.275763082576232356e-07
8.824949783110592767e-04 2.495470497726113191e-09 5.862253319309339757e-07
1.074758923515777833e-03 2.974282985993537212e-08 6.872212666616909371e-07
9.133853321379558753e-04 1.705275686231948540e-08 5.922656416574225167e-07
1.065001163362383181e-03 5.663153191407992278e-09 7.048074940462116672e-07
1.125415527688634594e-03 6.342616540192548928e-08 6.873090590965618679e-07
9.453772747087447505e-04 2.444069641776344172e-09 6.282262643402805128e-07
1.294488689970551935e-03 9.861575771278743632e-09 8.537000175541253907e-07
1.078327922070758957e-03 1.982129202863952618e-09 7.173814064486077075e-07
6.643395353546497272e-04 5.843354152855601357e-09 4.373412302370687317e-07
8.806473070230218334e-04 1.318668407296717422e-07 4.555350539883349995e-07
8.039655039316206259e-04 1.467507380923559090e-09 5.348660726219048410e-07
1.320737703146629459e-03 2.874670583488209641e-10 8.807915293923325077e-07
1.091897471020091080e-03 7.709125910141586863e-09 7.207029900966500410e-07
8.005563007452639896e-04 5.951396614068963822e-09 5.281048737986395915e-07
7.475177509985566964e-04 1.607479507521953418e-09 4.970690672029845575e-07
6.959465528454104226e-04 1.160622090536193439e-09 4.631124881318253735e-07
8.291736464615939977e-04 3.240583061811238897e-09 5.499084535482835585e-07
1.273092031215780151e-03 7.620018577196367638e-08 7.730431971700028434e-07
1.174791865218982731e-03 2.791383630847223375e-09 7.809238090545107861e-07
7.363060543148504085e-04 1.955703817716954146e-10 4.910024674731106679e-07
9.898594455910185615e-04 8.613880301812251111e-10 6.594845654074362042e-07
1.007179956987116695e-03 3.355920027304541871e-08 6.383196508189117862e-07
1.045867492927126004e-03 7.397742034801542706e-08 6.236833638459657456e-07
1.005243703036703138e-03 1.016771046703318403e-07 5.688646070921981690e-07
9.157100859457981395e-04 5.551872081515407228e-09 6.053250685947464446e-07
1.335955386946275367e-03 1.968713970712125085e-10 8.910340759510800036e-07
7.887060049287641234e-04 2.843132689572188880e-09 5.233097437587764681e-07
8.533551981067739097e-04 1.978748717333280239e-09 5.673029186329378009e-07
1.191361104277956651e-03 2.027208785935999549e-08 7.744849716403712717e-07
1.134912358164136010e-03 3.790153332700670392e-10 7.567337125845435705e-07
9.995193455133357524e-04 3.665502266012352506e-10 6.664239627574609934e-07
9.402149737232254030e-04 5.395713338294147363e-09 6.218288216916505383e-07
1.034896347514416325e-03 1.812968938206992374e-09 6.885769807252206023e-07
1.115285480403920568e-03 6.026177430155377085e-09 7.379894691518930043e-07
1.149325119745212096e-03 1.129480786792159459e-08 7.554255556659972883e-07
1.044386332010402039e-03 1.661691861942880138e-08 6.800940320755563037e-07
9.142369943972112950e-04 2.978368941326648352e-10 6.095998926324297232e-07
1.270768340084064887e-03 4.370339857686789647e-09 8.433708007321780368e-07
1.271053349424999855e-03 4.227169636841857387e-08 8.056342927767657939e-07
9.134995447367136529e-04 5.072462569704247103e-09 6.043301206685505827e-07
7.646693363430410312e-04 2.712704496341397333e-08 4.829744955956771806e-07
7.645701076194842943e-04 1.518813779468440934e-08 4.948551707321263910e-07
1.015063847813316806e-03 1.010444382146375024e-08 6.670494877125561696e-07
9.544531986877189105e-04 6.402100679885241282e-08 5.726629009269113623e-07
8.397227589342927921e-04 8.437860861602920685e-09 5.517451418558295998e-07
9.046363387054418437e-04 1.244508997146705378e-08 5.910398290515283946e-07
7.615036373626063405e-04 5.335834017603380130e-09 5.026683698040034619e-07
9.079628578436447573e-04 4.895958568585580871e-10 6.052224576773560300e-07
7.600154411324050799e-04 1.777825870338287111e-08 4.892248519528556888e-07
8.786613690555730846e-04 4.802267196941770400e-08 5.381103142771489883e-07
8.897065964422602551e-04 4.362138143304675531e-08 5.498829381538958955e-07
7.578614009802798774e-04 8.935282271398459422e-09 4.966367428773728395e-07
7.317122616951086478e-04 1.260077795878859813e-09 4.868726784531622477e-07
1.168105418235131868e-03 1.534844718327408952e-07 6.256695867151572203e-07
1.164318768479079324e-03 2.508622445125158219e-09 7.742200365653048972e-07
9.627822277057721239e-04 3.132222859626370217e-08 6.109398831296708866e-07
7.566421587207268528e-04 1.703357831617597855e-08 4.877196739469398555e-07
1.007286441791208466e-03 1.841138163182116942e-08 6.535486119702979625e-07
5.444288760280288847e-04 9.872535227641369715e-10 3.622068016970531129e-07
9.262539385037992347e-04 1.552242587705450287e-08 6.023817876505788442e-07
7.605743268487110461e-04 2.169846572100675262e-08 4.856748687573054342e-07
8.370423482488754561e-04 1.240883403972261517e-09 5.571587879539139349e-07
1.484520474150482789e-03 1.906390813670341319e-10 9.901497768702020416e-07
8.862531894195453024e-04 8.113997470423093372e-09 5.831102022774585887e-07
9.509821017218595155e-04 2.009920337722316709e-08 6.142983967018176120e-07
6.447676206547981468e-04 6.771619693252218875e-10 4.294542212813943867e-07
9.065394916511405237e-04 1.166095918657129175e-07 4.880754528702941989e-07
8.688769050147980002e-04 4.718695368714919979e-12 5.796329732966942482e-07
1.135506635459760435e-03 1.286327042850145921e-07 6.287909132970237340e-07
1.291163647539858008e-03 5.436227680817890007e-08 8.069514558556299546e-07
9.372937559343291975e-04 1.168275596706875142e-09 6.241103018941085782e-07
1.019535936276620269e-03 8.203523151255497204e-11 6.800619635952980805e-07
1.125100294904394279e-03 7.924331557758495217e-09 7.426376234608115375e-07
8.668340219683151084e-04 2.481672793754531020e-09 5.757915362092616696e-07
1.007910144731704368e-03 3.864195347505086086e-09 6.685215821950947444e-07
1.111196568142564520e-03 8.663270529098817092e-08 6.546014077425496006e-07
7.832051680750715811e-04 5.821612204852873903e-12 5.224792766222576916e-07
8.681974069705729324e-04 3.004669318737171066e-08 5.491176565640530603e-07
8.481648356810995082e-04 1.678940041872221167e-08 5.490198365930728980e-07
8.474423351818452868e-04 2.753525680266984424e-09 5.625830864986287846e-07
1.081518272063074606e-03 3.671855215037983616e-08 6.847501293112107362e-07
9.666178813074433832e-04 6.057232374132313295e-09 6.387805421922913688e-07
1.047084063275494862e-03 2.033500307683679625e-09 6.964868664536152851e-07
8.470367280787581034e-04 7.870289992064973970e-09 5.571923236095135114e-07
8.722870316023338330e-04 9.774882700773636064e-09 5.721312258513499287e-07
8.221084042066512197e-04 1.281592512895173473e-08 5.356134199554529307e-07
1.194722631741530240e-03 1.873370443668214741e-09 7.951384763682639212e-07
9.156157874347975369e-04 6.491452151584439377e-08 5.458599100473855476e-07
8.711785375724463145e-04 1.032951706753171879e-08 5.708367324690786393e-07
5.515375331054211917e-04 4.084631710992158223e-09 3.638496234415830259e-07
1.210201714953291390e-03 8.661780580219925761e-09 7.986718105957049232e-07
1.077657267781921080e-03 5.851952566492541776e-08 6.603588921177672483e-07
1.017988898576787250e-03 8.153983587192745527e-08 5.975177750292834064e-07
1.103718870707934849e-03 1.520440341978884486e-09 7.347819947931733510e-07
7.503273231699732725e-04 3.466522713191563002e-08 4.658635640240825514e-07
6.478992921551598311e-04 2.937002511351717558e-10 4.319271125940341417e-07
1.246819365161054311e-03 5.643095388845173252e-08 7.752988221003182171e-07
7.861715524520574132e-04 4.276341593258905378e-13 5.244635830559160858e-07
1.154924899686164208e-03 3.929029650946525010e-10 7.700704104326365480e-07
7.855663864145584659e-04 2.606288175909532832e-08 4.979800292034125426e-07
1.093817099680691185e-03 4.767987651641570644e-08 6.819861807245278898e-07
1.005432869546880143e-03 2.409424904193146660e-08 6.466254142654989316e-07
1.171043351905640345e-03 5.365074865802903381e-08 7.275298391718460993e-07
1.195005212768523138e-03 1.329084796529515785e-07 6.642044651695103798e-07
1.019203279968089937e-03 2.294909537597619302e-10 6.796924906854237194e-07
1.059671510730791086e-03 1.595677216938691446e-09 7.053222114111961069e-07
9.193614483944718844e-04 6.820976725699227656e-11 6.132482546655011157e-07
8.026465939398668651e-04 1.296342733742536220e-08 5.224826237049558127e-07
8.829081788216387684e-04 3.939126689815512836e-09 5.850563634335660046e-07
8.276759539590886365e-04 8.780914967189500881e-09 5.433652978707833945e-07
1.312404766063365608e-03 2.094261941197729479e-07 6.659542861132127700e-07
1.436701410490550919e-03 1.310013737304249119e-07 8.273511340192885196e-07
7.570141934551150725e-04 6.490258881906389775e-09 4.985182155652137334e-07
7.957487545741671322e-04 1.503329065284784440e-08 5.158097522314178830e-07
1.003918947373659901e-03 1.306692752745199920e-08 6.566501374799744631e-07
8.859916313953240807e-04 3.483167903942617827e-08 5.562002086965875917e-07
6.246914747308711770e-04 1.665143719871546531e-10 4.165721835709742242e-07
7.767076518892015438e-04 1.878681517418077684e-08 4.993511868765379591e-07
7.498563115531882211e-04 2.143059121304631298e-08 4.787928116968770284e-07
1.054750683022638797e-03 6.468428030514975558e-08 6.389087808972074897e-07
1.196623165079316927e-03 3.217780894784444325e-08 7.660816888976313308e-07
8.615940527151704767e-04 7.297885837593534306e-09 5.674764669504871576e-07
1.201127660955787898e-03 9.810095728559742307e-08 7.031195630603012435e-07
7.630153284212342442e-04 2.052276643574701624e-12 5.090141761215934698e-07
1.188338097039264149e-03 4.305812248688838840e-09 7.884452159214347887e-07
8.933264076227919164e-04 4.655800883040065129e-09 5.912893304191004683e-07
1.158071378945401851e-03 5.252950954960039190e-08 7.199980751307547757e-07
9.641769420369362704e-04 3.667454398352866620e-08 6.065144269924237810e-07
1.213732671542993658e-03 1.202293632605377565e-07 6.893853413290105674e-07
1.087252208390338329e-03 6.540229253464459503e-08 6.598724280109219192e-07
8.349341720976158473e-04 8.112854196639787268e-10 5.561822841681921244e-07
1.315082226360720502e-03 7.106672471212573850e-09 8.701949417304216191e-07
9.825671576159905173e-04 2.488843494285140089e-10 6.552327092006989030e-07
7.531046590951061747e-04 3.911743873241391076e-08 4.632611747808442087e-07
7.874171653667465546e-04 8.270936567573632641e-08 4.425304315231101918e-07
1.015083639461428211e-03 1.216135031576870912e-08 6.650044122666945729e-07
1.151241775400927174e-03 3.951985310505943897e-09 7.640518995564831985e-07
8.302948782074611551e-04 3.021506240270042254e-09 5.508756630067086175e-07
1.364602008745535028e-03 6.729438701300110329e-08 8.430022870086948487e-07
1.237221631849871406e-03 4.444180263032302855e-09 8.209175193164261724e-07
1.045610842907935926e-03 1.660634855045369636e-08 6.809214943844262787e-07
8.049543317044994574e-04 3.605764920682145910e-08 5.009125136052484649e-07
8.777068261631527707e-04 1.339309736890354860e-08 5.721262042093379158e-07
6.991680717454836977e-04 7.163601809947361486e-09 4.592546157642178991e-07
8.299447733788231077e-04 2.679246206363641751e-09 5.509845924411460970e-07
7.064803714371375564e-04 3.174300553546001709e-08 4.395369333782170677e-07
9.114252368402318838e-04 1.196506815023257770e-08 5.960491224915830735e-07
8.752164085116022080e-04 5.048589694994886651e-11 5.838163306645613750e-07
1.131318540539545496e-03 1.863807322483058957e-07 5.682104350681032160e-07
7.385024986584179819e-04 5.575446193212820205e-08 4.368717850301704503e-07
1.108205399702236063e-03 2.200400431237204653e-07 5.191096297642794414e-07
8.480220356637035778e-04 2.252796458812904278e-09 5.634708745667007195e-07
8.127482172997388225e-04 8.033347905478968490e-11 5.421132202009049481e-07
7.372041157111767357e-04 4.376685765322682913e-09 4.874176698220099209e-07
1.115908548214902384e-03 9.415650045604319071e-09 7.350133910250138698e-07
1.128276781017213248e-03 1.676437942356442121e-09 7.510087552392785323e-07
7.922261817030476147e-04 2.666613111184127158e-08 5.018192028254074484e-07
9.831346440672002716e-04 8.233681009124065897e-08 5.734685983524616415e-07
1.076030973957328805e-03 1.704715221332367202e-08 7.007740131002954704e-07
8.918665911538801354e-04 7.388297950359399619e-09 5.875811502523956092e-07
6.481755741273095709e-04 4.327594955740634351e-10 4.319722714369235250e-07
1.243015418249133119e-03 8.242072785513020800e-08 7.467540536800785957e-07
9.138945810537189764e-04 2.400516667026836013e-08 5.856483195785966622e-07
1.018833932149242148e-03 1.699799577234367255e-08 6.626664032626594299e-07
9.418990345299536058e-04 3.760275131723514955e-09 6.245888070929742241e-07
6.779556169335501951e-04 4.172080624873261912e-08 4.105232872317886717e-07
7.363599406266784506e-04 4.786829847597329892e-10 4.907551141758098866e-07
8.044287643997308397e-04 4.078832441044682646e-08 4.958280705697535890e-07
1.135092395856811612e-03 1.290049375764969163e-07 6.281420877198572620e-07
9.843238419611137317e-04 1.720397394428672029e-08 6.394382128383479871e-07
1.004460327212132595e-03 3.708058997342772244e-09 6.663764100841348985e-07
9.159534218989202631e-04 3.491038722086630984e-08 5.761093002452440337e-07
8.382236938828873741e-04 3.385984891323094573e-08 5.253061511094336367e-07
1.048350826105728288e-03 1.964057806493590382e-09 6.974014272154692730e-07
9.121838395538582958e-04 3.365133672822714913e-08 5.748544592805319828e-07
1.104946754769213805e-03 8.625213987954059773e-09 7.284916169361462853e-07
1.233891296723583835e-03 9.752103128003573313e-08 7.255568711164312681e-07
1.040515246393761833e-03 2.916815397206599456e-08 6.649519782759588447e-07
7.427960018698526829e-04 3.570116304756578255e-08 4.598027066701162430e-07
8.252256135991106094e-04 1.846731451569981708e-09 5.486694572526722488e-07
1.043592244822441921e-03 3.416953671526499994e-08 6.619999598062339465e-07
1.500578619537798475e-03 3.156650582975584788e-07 6.851774730430025295e-07
1.330450503742443540e-03 1.682540499365902021e-07 7.191924141678172828e-07
7.485856976675757998e-04 2.120153309087891952e-08 4.781743816085773535e-07
8.933933688243604057e-04 5.234872271280917342e-08 5.436092626785499463e-07
1.156246541763709295e-03 2.058741020388385390e-08 7.507441137143986011e-07
9.956562401674678726e-04 4.269442908135180980e-08 6.214907248468578441e-07
8.091747409804791926e-04 4.306773966516340463e-08 4.967132298083616241e-07
1.016469130598052434e-03 3.835414797122952147e-08 6.397184180394985151e-07
9.328098323046969979e-04 3.118836848879343755e-08 5.910789056514389259e-07
9.194254063782514438e-04 1.132737328813659650e-07 5.000098779561058224e-07
7.869291982658176230e-04 1.555832042221092629e-09 5.234125751851140975e-07
1.423100108655251522e-03 3.722512637719831451e-08 9.121163569642788846e-07
1.061354733261600340e-03 5.643297064221708861e-08 6.515712323537525897e-07
7.658108169755364989e-04 1.134082390091127565e-09 5.097462931223481600e-07
9.346326514480466762e-04 1.579108455855887898e-09 6.219239418040444919e-07
9.168868619766116189e-04 3.096192331200062129e-09 6.085674272713887075e-07
8.066405796715365355e-04 2.587307839312553471e-11 5.380932421974295402e-07
9.844324324585348399e-04 2.179218913582636684e-08 6.349193787557006045e-07
1.203212677206247404e-03 2.965229712760005839e-09 7.997096948879971090e-07
1.043824343695326376e-03 9.079451329129371769e-09 6.872616188803416385e-07
7.986816641080443603e-04 2.561253932809012667e-08 5.071800234262234288e-07
7.103529598801612815e-04 1.113843760651714502e-08 4.627386947767750057e-07
1.038691619865318369e-03 2.168600433211636872e-09 6.907529814646436574e-07
7.635251126686658793e-04 1.642627691762534768e-08 4.929190775798719095e-07
7.382402122765654995e-04 1.652863529280146513e-09 4.908345009890898225e-07
1.123367867110280178e-03 1.721181904914427290e-09 7.476891889612465650e-07
7.786907130689694990e-04 7.420254468373035425e-12 5.194660324798311262e-07
1.622215039402520511e-03 2.601945252270608456e-07 8.218300544108939673e-07
7.652998059213483124e-04 1.739869953975905916e-08 4.931299243573781408e-07
