-2.688606187014661586e+00
-7.432434831449717949e-01
2.046956461242434244e+00
4.871250587570678192e+00
6.943212925520916734e+00
7.692177947264838167e+00
6.896302685960478129e+00
4.726297211114554919e+00
1.691256108607401165e+00
-1.498003402817524643e+00
-4.112893419776241899e+00
-5.592119202117879162e+00
-5.682002356771048035e+00
-4.497616833685175841e+00
-2.489955167791029655e+00
-3.275201964477392202e-01
1.278129235978167966e+00
1.759346060832306158e+00
8.448942307449186506e-01
-1.360952252932331241e+00
-4.393890462945474695e+00
-7.537550004293716022e+00
-9.998635975244429375e+00
-1.110656550584615410e+01
-1.048778574818823550e+01
-8.170141809606787930e+00
-4.589180713646992871e+00
-4.922895482846359472e-01
3.237779908924838690e+00
5.797599746414465294e+00
6.662942423305980633e+00
5.723378414577726225e+00
3.316531648690471901e+00
1.515314430673459778e-01
-2.861096984781317243e+00
-4.832077903814681719e+00
-5.113812945009963862e+00
-3.463800123420204269e+00
-1.100533257295321921e-01
4.298244144878482942e+00
8.843087131200336515e+00
1.255563285933923190e+01
1.464627160497030900e+01
1.469051086384902405e+01
1.272572773418099956e+01
9.236231452400259556e+00
5.031772126923757860e+00
1.050633991436066950e+00
-1.863678502937509140e+00
-3.157682019918594207e+00
-2.689254904246652256e+00
-8.976412074103571337e-01
1.642003679508146963e+00
4.114395186898813783e+00
5.738308055852432865e+00
5.960487219987070873e+00
4.589249920368985158e+00
1.836521649212231155e+00
-1.740178625115426758e+00
-5.379946781267855194e+00
-8.308932432989788452e+00
-9.931855068422052568e+00
-9.977680117232356594e+00
-8.564014522619380898e+00
-6.164701557163796863e+00
-3.488709892335824847e+00
-1.300113137151602150e+00
-2.235556245235560124e-01
-5.835330335769379762e-01
-2.317995295725305382e+00
-4.988904628158509880e+00
-7.888613929416172788e+00
-1.021697049266666468e+01
-1.128580941078333844e+01
-1.069966406494258138e+01
-8.466335550269645793e+00
-5.007580903619876622e+00
-1.064746796981579369e+00
2.479310596793901755e+00
4.818912331371355329e+00
5.430412164032889066e+00
4.211060587934719379e+00
1.515350308772122512e+00
-1.922411854762336114e+00
-5.161952779726689755e+00
-7.285298432211183339e+00
-7.623163678121326114e+00
-5.923038409575392294e+00
-2.416730189886752811e+00
2.229909732692362034e+00
7.072955488189741402e+00
1.111362636281739924e+01
1.353375131231071116e+01
1.388581300568623966e+01
1.219169134064689786e+01
8.927305412526624906e+00
4.898755497545011828e+00
1.042088935701066754e+00
-1.803116708110050537e+00
-3.090836537212086288e+00
-2.985830112480670095e+00
-1.230694774224959209e+00
1.101281672331007933e+00
3.221283958287140425e+00
4.391602506740163392e+00
4.112199098487238302e+00
2.246417368379529655e+00
-9.438225018587673709e-01
-4.860746392835030072e+00
-8.715157272744820105e+00
-1.171696945167995452e+01
-1.326552423312879903e+01
-1.309371799951848914e+01
-1.133121673171492105e+01
-8.471489391390468526e+00
-5.250509631538135658e+00
-2.466331997982031510e+00
-7.832814278321507118e-01
-5.686567651372320675e-01
-1.802465293114450473e+00
-4.083318350700566590e+00
-6.730217846534109150e+00
-8.956125699050055289e+00
-1.007080571179284334e+01
-9.662196720437771447e+00
-7.709885426376962947e+00
-4.600392911861657552e+00
-1.038234768843188771e+00
2.126879316266490516e+00
4.114475488513517298e+00
4.415565912714789931e+00
2.930870655580561479e+00
8.479608338021379574e-03
-3.630579017546979870e+00
-7.062008201698805721e+00
-9.381815663468616506e+00
-9.928284120547973046e+00
-8.446740239423462526e+00
-5.155643293570722818e+00
-6.972576931947500611e-01
4.014822879899987207e+00
8.013229241794336488e+00
1.050536629204600025e+01
1.105665453601018378e+01
9.684123146194322018e+00
6.838912774298694153e+00
3.284100647680905816e+00
-1.000329070331127668e-01
-2.533997868810276444e+00
-3.526454539711126213e+00
-3.393613593898744174e+00
-1.541943437626354552e+00
6.675174239494982009e-01
2.498716817218966213e+00
3.289022063908522586e+00
2.619537462159729380e+00
4.253883056659878426e-01
-2.980329430179037953e+00
-6.974328069871075009e+00
-1.076617778612263976e+01
-1.358243844169132686e+01
-1.484809944288840100e+01
-1.432223335617587345e+01
-1.215550918684475334e+01
-8.855544565154447767e+00
-5.167813556021455312e+00
-1.899962084154643183e+00
2.688100656431542390e-01
9.475364610264626064e-01
1.234741318445174846e-01
-1.840308509441798135e+00
-4.300107958405339659e+00
-6.497016972002721324e+00
-7.752225462627921004e+00
-7.643539754035331590e+00
-6.118208285443531125e+00
-3.512333259206935843e+00
-4.702856780383347646e-01
2.217063391419760165e+00
3.815310730213145707e+00
3.839352690648312638e+00
2.186411362077188336e+00
-8.258714234185330350e-01
-4.527519934747346042e+00
-8.054606182684880267e+00
-1.055870973981730643e+01
-1.141484610701886915e+01
-1.037537782831378230e+01
-7.631085083347033837e+00
-3.764222232727674200e+00
3.941534027421161879e-01
3.966168924646574112e+00
6.237441387365035617e+00
6.823289557487759005e+00
5.750347970221922900e+00
3.435010374846760417e+00
5.662855009935439110e-01
-2.075692384746647523e+00
-3.818976685632059720e+00
-4.267102571380383402e+00
-3.662879168398361251e+00
-1.612244487305904528e+00
5.589821729785775517e-01
2.188890275196750057e+00
2.713668694493251987e+00
1.814158059398129463e+00
-4.954207942638688134e-01
-3.857988210674596630e+00
-7.645998486091046153e+00
-1.109914460023514771e+01
-1.349560233235271056e+01
-1.431717102588471313e+01
-1.336986322348951006e+01
-1.083149093851219824e+01
-7.214404306970945591e+00
-3.251090916922229290e+00
2.715554929266899009e-01
2.691035238052208012e+00
3.619099447921395818e+00
3.026766182820668671e+00
1.243471664379017794e+00
-1.130294821798611071e+00
-3.376408901136779050e+00
-4.841442243003149848e+00
-5.102858920599113723e+00
-4.077209084238140768e+00
-2.042310279395455286e+00
4.332453793715863033e-01
2.636355751912009548e+00
3.894818951793328043e+00
3.754633740174814882e+00
2.103401594876639358e+00
-7.925323344651741264e-01
-4.347514952173380465e+00
-7.797953365852993812e+00
-1.038967356477491499e+01
-1.156335479113440634e+01
-1.109067438860660459e+01
-9.126718842598680936e+00
-6.166047072569913468e+00
-2.914711657695497227e+00
-1.119692326777425445e-01
1.652218968041436531e+00
2.077547536508987935e+00
1.216921896858029761e+00
-5.511542980953658688e-01
-2.632249213867887683e+00
-4.378072258596403366e+00
-5.258785107685939764e+00
-5.001825018262420208e+00
-3.555479441783079508e+00
-1.272201188250380310e+00
9.041361219541749206e-01
2.402572105180109219e+00
2.774042928399518715e+00
1.808369202498118389e+00
-4.029610374562656028e-01
-3.473580887398923345e+00
-6.797907466856586645e+00
-9.679238851007871958e+00
-1.148185568750018781e+01
-1.177302374663360318e+01
-1.042264680404282196e+01
-7.637349064437850110e+00
-3.920120985943574610e+00
3.667778295527800853e-02
3.501821074040847748e+00
5.865558129046257285e+00
6.773021313088599449e+00
6.199302204697704433e+00
4.447796849408604203e+00
2.071297542482208875e+00
-2.660520832730535190e-01
-1.952989049125042342e+00
-2.581463705988668256e+00
-2.045690453546916032e+00
-5.647865432020413579e-01
1.377139763053127686e+00
3.158583145318558216e+00
4.183480052619226619e+00
4.037455126670000283e+00
2.597081921340150146e+00
6.386153694894661226e-02
-3.085717383361817667e+00
-6.220652512121469968e+00
-8.714574499848552591e+00
-1.010175319963024165e+01
-1.018938312581909500e+01
-9.097585789587796512e+00
-7.218030261455242957e+00
-5.103654054096330661e+00
-3.319844299088707817e+00
-2.296912727112718766e+00
-2.222444240680376826e+00
-3.000736957902977231e+00
-4.288374812373588085e+00
-5.594960511218619814e+00
-6.421449910972548913e+00
-6.399513557154450361e+00
-5.395911898913293925e+00
-2.916737998621540040e+00
-4.568661201184187060e-01
1.699858127807016173e+00
3.086351736874465956e+00
3.377289305968994793e+00
2.472601636878167586e+00
5.317875324032848017e-01
-2.049465358902265777e+00
-4.716041361663359410e+00
-6.867517953886174809e+00
-7.985395874688664186e+00
-7.746058504215435292e+00
-6.094676417796824452e+00
-3.263134858890261114e+00
2.732811721456941956e-01
3.892530985892850737e+00
6.955894854180033171e+00
8.943466803055853731e+00
9.564842711027274902e+00
8.819393664726238313e+00
6.991328807330709161e+00
4.579605291632569575e+00
2.178277197334299586e+00
3.352733377071238086e-01
-5.764578551371574155e-01
-4.438692191648075935e-01
5.662863447473605039e-01
2.057476518277591815e+00
3.510394211106805606e+00
4.419240050185307744e+00
4.421916934833287627e+00
3.390441567997598771e+00
1.458569614026755445e+00
-1.019482811185598470e+00
-3.566855743515253252e+00
-5.711040265045665976e+00
-7.105311479855374479e+00
-7.612074081463584996e+00
-7.326679022169133582e+00
-6.537016377898514641e+00
-5.631856256326448040e+00
-4.984594264653504858e+00
-4.845091198376513475e+00
-5.269241213265138057e+00
-6.104880849639553908e+00
-7.036929144165095629e+00
-7.678635615195322117e+00
-7.683791597039537180e+00
-6.849733122619389825e+00
-5.183925806026784322e+00
-1.724430795297442254e+00
7.673515435354063552e-01
2.803966824944598812e+00
4.032034697698599679e+00
4.253472643759321770e+00
3.473434214775766637e+00
1.905406608759987019e+00
-6.776691422572798940e-02
-1.968979905613339465e+00
-3.322833766998857019e+00
-3.753124580908559160e+00
-3.062109367887548395e+00
-1.275172969424558156e+00
1.358968896833628204e+00
4.413783136332188661e+00
7.368153614594533884e+00
9.711177970412826710e+00
1.104703507260120077e+01
1.117734187230220222e+01
1.014226012760685514e+01
8.210015746783025037e+00
5.815910266310043930e+00
3.463815478153358551e+00
1.612592033735085195e+00
5.742361685346614175e-01
4.483328629826504597e-01
1.108757207676248857e+00
2.245491891381441008e+00
3.450264145085491840e+00
4.323290729530137710e+00
4.572991045219704453e+00
4.082732166313038036e+00
2.928005702202570948e+00
1.341333169047464580e+00
-3.632808474119604836e-01
-1.883533686902573612e+00
-3.012504860565610176e+00
-3.689207096027434574e+00
-4.002622776362824375e+00
-4.149715337197703136e+00
-4.361315045179002148e+00
-4.818842364838310743e+00
-5.587034301021028604e+00
-6.582734000765743332e+00
-7.589076664960195728e+00
-8.311294372578064582e+00
-8.458650166226046707e+00
-7.829904685094380312e+00
-6.378969128470527217e+00
-4.242907185704407169e+00
-1.028236414870346976e-01
2.210395672245365706e+00
3.964023648764408048e+00
4.925727964803346737e+00
5.024303160840890570e+00
4.361657911650987707e+00
3.189484974235617276e+00
1.856679710744334688e+00
7.389270451512183202e-01
1.645108365346850399e-01
3.502671024481476270e-01
1.359157730801297648e+00
3.086863463426209542e+00
5.279776266063437973e+00
7.581441404030688780e+00
9.599472005711634282e+00
1.098091477025919893e+01
1.148174950685914375e+01
1.101638338432330322e+01
9.676087985492792143e+00
7.711176839495974988e+00
5.479418179532615341e+00
3.371085761868104047e+00
1.727145235859322892e+00
7.695033208497782384e-01
5.599551331537464538e-01
9.976507668651279914e-01
1.855128157033190561e+00
2.842815001352192894e+00
3.684289185417494394e+00
4.181828766970755673e+00
4.254852691692319056e+00
3.941988175201709854e+00
3.368354621943328908e+00
2.689977571332090367e+00
2.033884714432159235e+00
1.453330859523881191e+00
9.124604069374847581e-01
3.051393654089296081e-01
-4.983367949301785171e-01
-1.591986821108054340e+00
-2.981901991803844520e+00
-4.558728808309684410e+00
-6.105253932689770124e+00
-7.338947988574123116e+00
-7.978832976663436050e+00
-7.818704618746694202e+00
-6.786650987920017641e+00
-4.974415917610432558e+00
-2.628229646389235175e+00
1.701549336073234997e+00
3.599183873302640890e+00
4.875604085407037935e+00
5.424671802555632638e+00
5.299232118553340420e+00
4.688159807711759441e+00
3.866553397755669863e+00
3.132144750010254608e+00
2.742431122640102803e+00
2.865009876940399103e+00
3.549238190937908488e+00
4.722146248249631029e+00
6.206826931835660588e+00
7.758107593177816064e+00
9.108375131442093320e+00
1.001573864871345343e+01
1.030691028279578880e+01
9.908039849919662245e+00
8.858270235183271168e+00
7.303145123861984445e+00
5.468251806375434398e+00
3.617322915188362575e+00
2.002706101774360370e+00
8.185783998548575857e-01
1.675055296274497729e-01
4.837533298058074860e-02
3.686434541529040598e-01
9.774021131171898302e-01
1.709851528103112139e+00
2.430244301762952031e+00
3.060634710900495215e+00
3.587023927886523467e+00
4.041653554966847750e+00
4.468100859610305342e+00
4.881895905534862301e+00
5.241481536292035948e+00
5.441541414256812814e+00
5.333690263979470991e+00
4.770370186114332611e+00
3.659455951936917639e+00
2.012334639922633617e+00
-3.118611489622986205e-02
-2.211824890161998347e+00
-4.194666290871243319e+00
-5.638513606357763663e+00
-6.273391344360930155e+00
-5.965766733145494882e+00
-4.753870095301880205e+00
-2.843342770821586374e+00
-5.639776677556304074e-01
3.376486856498483569e+00
4.641597078928400677e+00
5.256323414550730710e+00
5.243534102109015826e+00
4.775769481113769643e+00
4.119429390082196107e+00
3.561204396188946575e+00
3.336258331529027288e+00
3.575259077785477579e+00
4.280825254950139325e+00
5.335574065258829712e+00
6.536199467095288540e+00
7.642806199439604598e+00
8.430960983968446953e+00
8.735365926339415665e+00
8.477655366427518047e+00
7.675195286890302171e+00
6.431741932926011707e+00
4.913716211548019963e+00
3.317542240586002666e+00
1.834206007500341684e+00
6.171984172983885353e-01
-2.405696587842314493e-01
-7.165638645884893076e-01
-8.529714182322377658e-01
-7.364744253734322177e-01
-4.678633166115525599e-01
-1.290711696271850673e-01
2.430908038029572504e-01
6.679428726861545984e-01
1.211642090052387211e+00
1.958252054949860987e+00
2.968297676914864791e+00
4.237080300682093181e+00
5.666951358240416070e+00
7.065307945486082986e+00
8.173483248874587659e+00
8.722591498152011624e+00
8.503419982865056070e+00
7.431543805908829903e+00
5.588154977864868478e+00
3.222318642799480326e+00
7.103247088158486378e-01
-1.520256754959545598e+00
-3.083807589487902678e+00
-3.723514938192768575e+00
-3.369117940809190248e+00
-2.150235598312175256e+00
-3.617735076085179524e-01
1.609305403499922571e+00
4.619566582489001760e+00
5.098799204919389538e+00
4.918294564727929696e+00
4.229913526850593186e+00
3.320352711935654622e+00
2.525303607888514712e+00
2.135220927945948866e+00
2.317893523492848384e+00
3.076941832806083355e+00
4.254646645431499508e+00
5.575451120534061111e+00
6.716442412438727416e+00
7.385568626985856255e+00
7.388227566070575847e+00
6.667536813904969328e+00
5.311243409296557694e+00
3.526555345427649701e+00
1.591109547445237471e+00
-2.074945374603856529e-01
-1.630080993610201645e+00
-2.530368480272352283e+00
-2.877329252620309585e+00
-2.751925549999988174e+00
-2.319658311556678232e+00
-1.784941526372731291e+00
-1.336979973087209617e+00
-1.099013969472739438e+00
-1.092921949250516001e+00
-1.228800461303927172e+00
-1.324238428446138149e+00
-1.151192594219777598e+00
-5.010160574101002462e-01
7.478097922122828312e-01
2.577388689722196258e+00
4.809760165022182399e+00
7.127294490569903829e+00
9.133221032531279704e+00
1.044011380982938952e+01
1.076517173309389186e+01
1.000733222583463977e+01
8.284266482246184893e+00
5.916808352800614124e+00
3.362045931792724041e+00
1.110404353726382354e+00
-4.275313864497125027e-01
-1.015159106255093979e+00
-6.402624573706565680e-01
4.914372419540365411e-01
2.017331147241065104e+00
3.516589311939636087e+00
5.214380350116365470e+00
4.848749861325308608e+00
3.821963862825547675e+00
2.411366062355613238e+00
1.010914695423886567e+00
1.861841999129048089e-02
-2.751637682202300317e-01
2.314448675457460303e-01
1.422445662722731097e+00
2.992112106170190966e+00
4.521494792940358387e+00
5.582141041223807498e+00
5.840149926832391536e+00
5.135140305845277808e+00
3.516341690339110038e+00
1.229329683268646223e+00
-1.341199497325376910e+00
-3.757630711362710318e+00
-5.624215162685787917e+00
-6.669487917167870705e+00
-6.799185553505870061e+00
-6.109472701937558092e+00
-4.858742269105561284e+00
-3.404628384753852099e+00
-2.119785887420428061e+00
-1.304365240803203818e+00
-1.114191382895194149e+00
-1.521069010137634736e+00
-2.315529019667267097e+00
-3.153509422073974111e+00
-3.638466276732918558e+00
-3.421365412427419539e+00
-2.295237939134894489e+00
-2.604024592353906264e-01
2.458094058774413337e+00
5.448485427573382722e+00
8.199613745297192224e+00
1.021810150136524165e+01
1.114676859756076865e+01
1.085371231620561439e+01
9.467743517695389244e+00
7.349190829594992813e+00
5.002076754533379521e+00
2.949677055657901281e+00
1.605882774917025912e+00
1.176421481155595750e+00
1.616153887063513261e+00
2.653399618337526356e+00
3.873833943899045007e+00
4.840182186531070130e+00
5.089031884269897610e+00
3.925421578344277851e+00
2.098199451716589170e+00
2.599958808392928422e-03
-1.868876292230305269e+00
-3.062175878258222017e+00
-3.287756348697056019e+00
-2.503124799623144714e+00
-9.303919790837804626e-01
9.949268001312615572e-01
2.729668646581091984e+00
3.755666419468673300e+00
3.705848311609300616e+00
2.453275555918552175e+00
1.428204752575840952e-01
-2.840359331816733945e+00
-5.956507799357729560e+00
-8.630237882164376373e+00
-1.037548264989804636e+01
-1.089901870848818533e+01
-1.016078663659221348e+01
-8.379001040496829589e+00
-5.979759367294633421e+00
-3.502243999491539306e+00
-1.479635585919051755e+00
-3.209528978539903377e-01
-2.192508858234176183e-01
-1.106722609216419295e+00
-2.667891337258153861e+00
-4.409783456852027328e+00
-5.775089743948564447e+00
-6.273679953233834539e+00
-5.602161123451671720e+00
-3.722364733652753888e+00
-8.781155780157092750e-01
2.456089969480490964e+00
5.683998400178845500e+00
8.228419780527195471e+00
9.668993089491248583e+00
9.841514217981162105e+00
8.872537889098143893e+00
7.139556143884899342e+00
5.166852661427734361e+00
3.484690727013135536e+00
2.489774543956386754e+00
2.344813858843313170e+00
2.944331245535391162e+00
3.955463336272643016e+00
4.921593127956160885e+00
5.399171343982095195e+00
4.342057241480123508e+00
2.523270510454886040e+00
3.221813839608084901e-02
-2.629871370554427212e+00
-4.882958209934502136e+00
-6.223349942007383007e+00
-6.361191998888434895e+00
-5.303496023449557839e+00
-3.360884732736610481e+00
-1.076552611097987056e+00
9.040088072771284011e-01
1.989418307439312805e+00
1.786226837506500686e+00
1.956466996304703221e-01
-2.558951467396348711e+00
-5.978934164499634996e+00
-9.399589545243284050e+00
-1.213591457566870702e+01
-1.363213674715316159e+01
-1.358236132680614361e+01
-1.199682136765302509e+01
-9.200230330272738399e+00
-5.763071688928029346e+00
-2.380492300704279085e+00
2.757604339452214282e-01
1.701174191192418306e+00
1.667324770961010394e+00
2.717167292225128317e-01
-2.083404326536761442e+00
-4.780114291296720275e+00
-7.123298132468805832e+00
-8.498113238434179095e+00
-8.510356318260930308e+00
-7.076317275760706238e+00
-4.439674028637104364e+00
-1.110150315133588528e+00
2.261953866501448918e+00
5.044591208592679621e+00
6.776076640677725749e+00
7.271364099770677214e+00
6.654863997944283405e+00
5.311468810953084763e+00
3.769478292320709301e+00
2.547784602197311177e+00
2.009638811736412567e+00
2.263563548626451816e+00
3.138802711286861502e+00
4.241721265026707322e+00
5.076712675698406230e+00
5.196962454474470583e+00
3.228062917269357346e+00
9.639626643464546119e-01
-1.988906503981624940e+00
-5.039153501241553812e+00
-7.532629352968937653e+00
-8.923292578548945642e+00
-8.919356378510796546e+00
-7.565941080068101066e+00
-5.242536492216204991e+00
-2.575918845788401246e+00
-2.906876641464224420e-01
9.652344091745679311e-01
7.774930110001011530e-01
-9.327182830774902733e-01
-3.884848930200490269e+00
-7.497770785159258544e+00
-1.101662170542459762e+01
-1.367842609295410661e+01
-1.487955558257729294e+01
-1.430868344825545613e+01
-1.201705033168827974e+01
-8.411517843690356599e+00
-4.172114008270487950e+00
-1.113833058331917814e-01
2.995092389918794673e+00
4.571414247517194163e+00
4.362646150173874915e+00
2.488073789036179484e+00
-5.861245102500677318e-01
-4.150027355244716887e+00
-7.407069676665820168e+00
-9.650242316517436691e+00
-1.041703953555425777e+01
-9.586667995295050204e+00
-7.395993083273676660e+00
-4.370105336954726027e+00
-1.184645784617867070e+00
1.505338966992475491e+00
3.226126649443444183e+00
3.794019673999932341e+00
3.343915648882694214e+00
2.271089105421416399e+00
1.103175531161257883e+00
3.386334884812281509e-01
2.973382467767584636e-01
1.025588032474981537e+00
2.282456172625519475e+00
3.611350395619334464e+00
4.476384005546957923e+00
4.424655178016967838e+00
2.104537342946374068e+00
-3.692131147635582811e-01
-3.555378700647624512e+00
-6.791097051425377451e+00
-9.363570381982542656e+00
-1.069294957004880331e+01
-1.048449829996352634e+01
-8.810170239522348012e+00
-6.098488978404202676e+00
-3.035386048275783732e+00
-4.010414708623671332e-01
1.116880284291638770e+00
1.088395132418168210e+00
-5.541151593673451226e-01
-3.495312161154477071e+00
-7.103976110921629505e+00
-1.057140918257100637e+01
-1.308948116365525394e+01
-1.402885632390628778e+01
-1.307886736858361765e+01
-1.031940823579728850e+01
-6.209906544233517067e+00
-1.497811035324224882e+00
2.934310242976756911e+00
6.251179995355256480e+00
7.838405286500823799e+00
7.430222612197471044e+00
5.163424830430464851e+00
1.544857019116880226e+00
-2.661381741601305251e+00
-6.602675360649511660e+00
-9.524736819119599573e+00
-1.093352897100419696e+01
-1.069413959369561695e+01
-9.042984320858151293e+00
-6.510706808328436956e+00
-3.775579687275907759e+00
-1.485241909486044065e+00
-9.319653405880390373e-02
2.471012704860363896e-01
-2.970053469664961643e-01
-1.306270390941218995e+00
-2.247878168686050948e+00
-2.643617105591822281e+00
-2.219812419548143456e+00
-9.959574276559102213e-01
7.137334405959815387e-01
2.386892523693868728e+00
3.443565782572573397e+00
3.418255474379486181e+00
1.350564572884792813e+00
-1.116109104031017152e+00
-4.324352084832159271e+00
-7.559642962995671844e+00
-1.006701307095934617e+01
-1.124242123987955821e+01
-1.078839930983878936e+01
-8.793836518975140848e+00
-5.717818773182143488e+00
-2.282090684493593979e+00
7.005936069705427371e-01
2.519880657949092662e+00
2.736513248450427316e+00
1.287032261117978083e+00
-1.498703785101541897e+00
-4.969723522635842272e+00
-8.298206963933772329e+00
-1.066280209364112075e+01
-1.143045735970587806e+01
-1.029756514972443249e+01
-7.360600823560865535e+00
-3.101627109014125416e+00
1.708144066166174202e+00
6.166546756948819485e+00
9.427297191377977725e+00
1.087601957837433275e+01
1.025769364048209553e+01
7.727453606402210795e+00
3.812782763963191712e+00
-7.054140618829164433e-01
-4.966756570590924014e+00
-8.220830055712255557e+00
-9.987963660571388402e+00
-1.015309194387049629e+01
-8.970103489756983350e+00
-6.976075766223949870e+00
-4.837736070247026454e+00
-3.170320593794452524e+00
-2.376671834939420691e+00
-2.549388866970418999e+00
-3.462029585704903489e+00
-4.651048364563163062e+00
-5.564943982469594097e+00
-5.738091809404629373e+00
-4.939471368511402893e+00
-3.253258374901065064e+00
-1.067305446358484122e+00
1.028419887997597426e+00
2.405724776800808762e+00
2.578765160755212449e+00
1.275478565961678079e+00
-1.025236185771447595e+00
-4.100765728801837540e+00
-7.203659997844164664e+00
-9.552740269219125224e+00
-1.052975262091609210e+01
-9.836085084658677147e+00
-7.569885863045778152e+00
-4.204954614264436508e+00
-4.778684646868557873e-01
2.787672675074934769e+00
4.875875318855582563e+00
5.346618030966753921e+00
4.137343201898760370e+00
1.577086083980372200e+00
-1.688586790662183423e+00
-4.843032516335460613e+00
-7.080887827707694093e+00
-7.786935065273966394e+00
-6.672960208954321182e+00
-3.843811747848495664e+00
2.208561915302932055e-01
4.764990820580306874e+00
8.913855280334088249e+00
1.185770997466947207e+01
1.302227590831497572e+01
1.218897593473007923e+01
9.538085985379886722e+00
5.604338837545173035e+00
1.154017923989007377e+00
-2.989066589904949112e+00
-6.128527134239017293e+00
-7.847359832785154587e+00
-8.089947816324263741e+00
-7.153712327262750748e+00
-5.592533856142170023e+00
-4.056917157242165395e+00
-3.112933862753162195e+00
-3.088304807316049061e+00
-3.987348539381031287e+00
-5.498237832781170731e+00
-7.090772884390399433e+00
-8.177592556141865643e+00
-8.293570412104568135e+00
-7.242422804941271330e+00
-5.168175911892455510e+00
-2.529874683274714542e+00
1.499263351261566693e-02
1.787097192553500635e+00
2.273500431010572420e+00
2.039019875475491350e+00
-2.010702903398356098e-02
-2.890662583538465391e+00
-5.807577428707651812e+00
-7.977096828144532914e+00
-8.776022944071653953e+00
-7.907308183490815878e+00
-5.473418282624713527e+00
-1.950707709154189340e+00
1.926747735436802555e+00
5.343446456881295603e+00
7.595051078486975804e+00
8.251318521725501398e+00
7.252311600352748577e+00
4.917824435859694532e+00
1.870495766428015072e+00
-1.107711705267605096e+00
-3.252193940207469769e+00
-3.986180208857285301e+00
-3.048248819835024825e+00
-5.501836325978205489e-01
3.046401802022081995e+00
7.029123559387029374e+00
1.058818327861875375e+01
1.299108625762575819e+01
1.374084092149124281e+01
1.268264112714070535e+01
1.003456197234410574e+01
6.334215353422527173e+00
2.312384866099473246e+00
-1.277816850578617158e+00
-3.836074874826556069e+00
-5.051661607389752007e+00
-4.967402809250777374e+00
-3.953719789687800468e+00
-2.598354332643699749e+00
-1.539674538980179364e+00
-1.287251284613553537e+00
-2.077978906406734438e+00
-3.807543364077048409e+00
-6.057281301173926380e+00
-8.210517189636473034e+00
-9.627425107176794228e+00
-9.830471169843862711e+00
-8.648606353759261012e+00
-6.279008369757240970e+00
-3.247564896961062431e+00
-2.772556584528007573e-01
1.900743589279554335e+00
2.742307449935023733e+00
3.603161223809403069e+00
1.770545912367103014e+00
-9.131559703396727734e-01
-3.675061536882924251e+00
-5.718405430212026630e+00
-6.422439845326647578e+00
-5.495073622797834290e+00
-3.041204756677599264e+00
4.677574411740918481e-01
4.312544715911650783e+00
7.701047948654534459e+00
9.955734133065261560e+00
1.066870024942322281e+01
9.789484245646029592e+00
7.628102847768999162e+00
4.775961475960942337e+00
1.965503538141605278e+00
-9.806771925987819993e-02
-8.950916120618532812e-01
-2.054948111353020190e-01
1.845203188469564326e+00
4.816768056602575676e+00
8.054506263547754230e+00
1.083674026101831345e+01
1.253716194054859301e+01
1.276606786272708405e+01
1.145834944711153014e+01
8.887144365874174667e+00
5.598381870351783363e+00
2.279823785541287950e+00
-4.055154356905040780e-01
-1.981632563666089197e+00
-2.276794596372597290e+00
-1.464662831302953050e+00
-1.638405570445627263e-02
1.426515036161710270e+00
2.227175774650009821e+00
1.931001372448984732e+00
3.979151841934611133e-01
-2.148047926934538054e+00
-5.167826661888102358e+00
-7.944501571731623635e+00
-9.773361433342538263e+00
-1.015413593398518621e+01
-8.932850214435728020e+00
-6.353551406666118950e+00
-3.004245717530674042e+00
3.298556109100150846e-01
2.867296298061104753e+00
4.032172534863390112e+00
5.729371189158997346e+00
4.028409565016248806e+00
1.434444660671237326e+00
-1.274683248539794755e+00
-3.303379318799325670e+00
-4.037908048879582878e+00
-3.194799427959001292e+00
-8.827971494136773734e-01
2.433577543192625647e+00
6.055704888863045809e+00
9.224358111726518317e+00
1.130083417871041185e+01
1.191227339174572109e+01
1.102877600737534358e+01
8.957774530217269771e+00
6.260984413853107888e+00
3.616439143961526437e+00
1.659085710337530273e+00
8.364067076444575699e-01
1.310627172876327684e+00
2.927862268490394992e+00
5.259657017481775831e+00
7.706775410956435479e+00
9.641768341466711689e+00
1.055830128847694205e+01
1.019320260448358617e+01
8.592389674104381925e+00
6.103621021445754025e+00
3.295366637179830249e+00
8.186867136110549392e-01
-7.561752736594287150e-01
-1.088648650885362112e+00
-1.635779775515420198e-01
1.693439390664013278e+00
3.889169994647785789e+00
5.709596381928967013e+00
6.505381157942047743e+00
5.868569455677689284e+00
3.753047009792114697e+00
5.041421784056937527e-01
-3.214205928532709589e+00
-6.579008938120643357e+00
-8.814750937646827822e+00
-9.393152718640994436e+00
-8.172902123821277343e+00
-5.441189035464880419e+00
-1.844757037146407486e+00
1.772253096882655532e+00
4.581351012970668712e+00
5.977771358627452791e+00
8.024817607962937416e+00
6.306640052143441366e+00
3.653525862251545853e+00
8.528863825966500611e-01
-1.299051958590466072e+00
-2.196788248865652271e+00
-1.569174547942322029e+00
4.662906282204862807e-01
3.447622823349177690e+00
6.694928530112259857e+00
9.483875130610291748e+00
1.122123385511760141e+01
1.158006484497657773e+01
1.056458925049939346e+01
8.493425694383912372e+00
5.909673696868667392e+00
3.442627641106976721e+00
1.655390818453011059e+00
9.139221753238124801e-01
1.306572972417637812e+00
2.630915433969692963e+00
4.449455065149574118e+00
6.200739561087356577e+00
7.340292172755889410e+00
7.478984231379450343e+00
6.486336928268510604e+00
4.533122596567239704e+00
2.060551379479900636e+00
-3.200193362596219226e-01
-1.975942394672536961e+00
-2.416470530794172511e+00
-1.430017659125632390e+00
8.411847293622954913e-01
3.912414235334189083e+00
7.056627302928184520e+00
9.473368313972414967e+00
1.048689437796101842e+01
9.723729804390529807e+00
7.222313928594104482e+00
3.442814299777552378e+00
-8.298836737382478956e-01
-4.668911859161887890e+00
-7.229205554247780441e+00
-7.955368002869422916e+00
-6.719452053679011883e+00
-3.852078387408898408e+00
-5.810325097046146331e-02
3.761494196871618456e+00
6.735112641521372012e+00
8.234859646788562415e+00
1.002909846917327030e+01
8.124917121121695729e+00
5.248182566739910904e+00
2.207415928066141397e+00
-1.930128129342303378e-01
-1.353781391927521671e+00
-1.019780184499543774e+00
6.742558129936198075e-01
3.257862782171123683e+00
6.059359418740085879e+00
8.382471472314309224e+00
9.678833333756330148e+00
9.674267841221872999e+00
8.420900641842100853e+00
6.266969270236707246e+00
3.756360425517988766e+00
1.485686509191123328e+00
-4.508837066218494144e-02
-5.529475457080638146e-01
-3.580510359460181702e-02
1.233349473086173376e+00
2.779670226202659133e+00
4.049558978920656749e+00
4.555041821752089604e+00
4.005648378025327361e+00
2.395944718655811378e+00
2.577056834681716938e-02
-2.555290396872988534e+00
-4.670284963172647963e+00
-5.678505976171881464e+00
-5.142748349840457145e+00
-2.958711783764173653e+00
5.888519719824053533e-01
4.863018783738472628e+00
9.002241260986487248e+00
1.211276517371103267e+01
1.348149762749474334e+01
1.275659277575896766e+01
1.004811279045973649e+01
5.919242541863973806e+00
1.265595365200500755e+00
-2.890761651103473717e+00
-5.642715160512703498e+00
-6.414405616822616452e+00
-5.097113783752960536e+00
-2.069603083775021446e+00
1.902330505369913327e+00
5.860836252546525849e+00
8.894737649789746570e+00
1.036042907871717311e+01
1.132240737724076851e+01
9.078006982305863559e+00
5.834057274142112171e+00
2.437082368868037641e+00
-2.883152797345478469e-01
-1.744265121980077771e+00
-1.695545207263915444e+00
-3.059737469606370608e-01
1.928094449752040918e+00
4.324111269793557533e+00
6.197691806626042244e+00
7.036309824583457662e+00
6.619540406313581649e+00
5.059141294665574051e+00
2.753694176876896549e+00
2.736271083729183151e-01
-1.791776750432567900e+00
-2.986496166626507076e+00
-3.102242855740078742e+00
-2.228778679015125608e+00
-7.291731335573180539e-01
8.535462307792970327e-01
1.936379349568265296e+00
2.050346567169040402e+00
9.721113256933872071e-01
-1.199157208602250613e+00
-4.040874041796587157e+00
-6.886774017435122630e+00
-8.973323897562238471e+00
-9.621975593419236361e+00
-8.415429307245375412e+00
-5.324197018622276900e+00
-7.484508847929505215e-01
4.541629465082437811e+00
9.559695016068859630e+00
1.331964073146552252e+01
1.506488262702572811e+01
1.445424721843803795e+01
1.165594235397941603e+01
7.322033703385503856e+00
2.445243732921120738e+00
-1.869771751735558540e+00
-4.665441198533858191e+00
-5.356151137707810150e+00
-3.862186531492412200e+00
-6.188233758283380181e-01
3.541181714569579864e+00
7.600674375300093821e+00
1.061124400090659492e+01
1.192137320125613797e+01
1.162944094826787733e+01
8.932600276233802816e+00
5.227081916622533520e+00
1.417273791916788372e+00
-1.637140598137141856e+00
-3.333340411906047684e+00
-3.460067376003224116e+00
-2.224745602074600814e+00
-1.722613499746304122e-01
1.977541269563293458e+00
3.527469698816938060e+00
3.983420707189478271e+00
3.172898375767811530e+00
1.275075584093970260e+00
-1.240615270143214266e+00
-3.747718148778295788e+00
-5.631731338900332950e+00
-6.451864210521126353e+00
-6.056106780802031686e+00
-4.622463899175698998e+00
-2.617074124633480547e+00
-6.792534972452145547e-01
5.397821952691352898e-01
5.469800653143467306e-01
-8.539749395056035475e-01
-3.489897073666335281e+00
-6.831788260628434806e+00
-1.009666871289623735e+01
-1.241874918994715848e+01
-1.305353232562607424e+01
-1.156799120538413739e+01
-7.969865544285268832e+00
-2.740401320991639356e+00
3.244111377322078216e+00
8.890224725586943322e+00
1.312731609653093656e+01
1.515437984730244736e+01
1.463332080112270184e+01
1.177868892927285138e+01
7.317644689253635981e+00
2.325861521783005426e+00
-2.023080712084829536e+00
-4.734070766032831834e+00
-5.223954151861431860e+00
-3.453473858221998594e+00
7.535150391047938656e-02
4.454804703362523988e+00
8.604086128675197287e+00
1.153836052960616243e+01
1.260520901134680472e+01
1.089287740998122622e+01
7.688424391284659265e+00
3.490448904043287559e+00
-7.188347750442911632e-01
-4.029260749368409833e+00
-5.826125871535898781e+00
-5.926320469556130455e+00
-4.596750985482260354e+00
-2.456497889852244043e+00
-2.939146238361033392e-01
1.150077297426977951e+00
1.375447161603357005e+00
2.451962177603331239e-01
-1.991431978922409529e+00
-4.776247923477934698e+00
-7.396642505376380683e+00
-9.176266266240133973e+00
-9.653703652402997548e+00
-8.705498434612216840e+00
-6.584221598779882889e+00
-3.862706612868295863e+00
-1.297421587438584378e+00
3.574487771442376172e-01
5.420609134854761368e-01
-9.562609293161249413e-01
-3.927115659116291457e+00
-7.759466968419658883e+00
-1.156211865792480253e+01
-1.435905744647507554e+01
-1.531755605523321151e+01
-1.395653627230829485e+01
-1.028401562224079946e+01
-4.826225429473405271e+00
1.465068660327130567e+00
7.411472809291042907e+00
1.187032451120488297e+01
1.399951073090694820e+01
1.345992899356914130e+01
1.050337047733853524e+01
5.920339862845397150e+00
8.569141392168807547e-01
-3.456650201081899798e+00
-5.999268661356870425e+00
-6.201189214571061648e+00
-4.074027707600845538e+00
-1.961793932403436136e-01
4.441645874566709118e+00
8.689931537507799675e+00
1.152689673171063056e+01
1.230456395886053933e+01
9.296485745118294730e+00
5.587023919797580618e+00
9.269733777904438643e-01
-3.606505284085465224e+00
-7.039059362893340221e+00
-8.737683331261175468e+00
-8.551243242296438396e+00
-6.821375216756990767e+00
-4.266847858045478503e+00
-1.776698179505940445e+00
-1.690026712221994465e-01
2.186624820793274179e-02
-1.323208946202731218e+00
-3.887722316677471479e+00
-7.011474335572032146e+00
-9.868304417980523269e+00
-1.168328895975140469e+01
-1.193514686287364057e+01
-1.049468009016589853e+01
-7.666279822966214574e+00
-4.122706275480988225e+00
-7.481805773302415696e-01
1.574044806561282872e+00
2.180435097393210508e+00
8.007885097556559639e-01
-2.355634398821158104e+00
-6.625033247269962011e+00
-1.102382040079385028e+01
-1.446633322730243520e+01
-1.601782589282929337e+01
-1.512419357365746819e+01
-1.176224163263400335e+01
-6.470352924446250320e+00
-2.462794527686593959e-01
5.669348482261158395e+00
1.007600428959744931e+01
1.209607090151088471e+01
1.138782646668446219e+01
8.233667089445061649e+00
3.478160681744252969e+00
-1.672136938621079372e+00
-5.939594324557904592e+00
-8.285375390409123852e+00
-8.160430115664954798e+00
-5.634016787449681374e+00
-1.367344119967322635e+00
3.560105222027380556e+00
7.925919398150224282e+00
1.067018046557592115e+01
1.115254101515926521e+01
7.229689681701733761e+00
3.063710783691175887e+00
-1.983380393840317391e+00
-6.727831770492965546e+00
-1.012106509732412007e+01
-1.150660884703298947e+01
-1.076793224837169660e+01
-8.333524337393717119e+00
-5.043286458701606634e+00
-1.915379151040500494e+00
1.237706444437260134e-01
4.769156205516586478e-01
-9.775460167928425870e-01
-3.863653075811247728e+00
-7.412200111157091875e+00
-1.066218600997549615e+01
-1.270782410258291506e+01
-1.293018314654725209e+01
-1.115770285569855425e+01
-7.717645741411184090e+00
-3.366500527469286297e+00
8.845268942621836716e-01
4.008643649955105914e+00
5.211851848246404906e+00
4.132392854726727016e+00
9.432019660601393962e-01
-3.669511333101401096e+00
-8.650523280041999996e+00
-1.281290998574174544e+01
-1.511551319645441005e+01
-1.491583926196703480e+01
-1.213665419765733944e+01
-7.302579522408650270e+00
-1.432704755239099015e+00
4.189976472803614627e+00
8.320053060539992273e+00
1.004997660787086389e+01
9.034515016595953796e+00
5.581273478204802352e+00
5.813482727830937558e-01
-4.705743126202362347e+00
-8.961019918658141847e+00
-1.113185960018090448e+01
-1.069208750036450084e+01
-7.769776361140987575e+00
-3.109978866860054314e+00
2.117670607233985258e+00
6.616296343892991594e+00
9.286909788836885227e+00
9.497720771453231237e+00
5.199947338957616516e+00
6.521541506253244469e-01
-4.687641186942257399e+00
-9.524929209994068557e+00
-1.273198360918403615e+01
-1.362532214591904456e+01
-1.212334509887393708e+01
-8.747718265582896890e+00
-4.472820354029241940e+00
-4.657151372355296526e-01
2.214934522106017489e+00
2.884773928871326554e+00
1.399612575935962555e+00
-1.816873863558265523e+00
-5.886828835920799641e+00
-9.702326379537218770e+00
-1.220345961059757656e+01
-1.264265591934677602e+01
-1.077225961297758694e+01
-6.911518392518529730e+00
-1.877711474376925205e+00
3.202326293856005979e+00
7.156537934630939901e+00
9.046528766817441891e+00
8.395833993914285642e+00
5.313171210258193611e+00
4.795696699708461574e-01
-5.000747663285264544e+00
-9.853869913567267602e+00
-1.293652129550976682e+01
-1.351248438609584923e+01
-1.143761392067919402e+01
-7.205643925676687545e+00
-1.839338807090521888e+00
3.350782243925174431e+00
7.084092421771786441e+00
8.426680582126390817e+00
7.027811254549868991e+00
3.214473845852733547e+00
-2.082975485120969861e+00
-7.558373003514534894e+00
-1.185494693980468917e+01
-1.390628209481663546e+01
-1.320580587417421192e+01
-9.935065575033299012e+00
-4.917208117570383230e+00
5.925809305851638120e-01
5.225447276613400582e+00
7.843615008800650656e+00
7.822712078763131238e+00
3.712908236336148082e+00
-1.136669274889842596e+00
-6.681750031790539168e+00
-1.152156048978017999e+01
-1.445023977535837467e+01
-1.475539333575908785e+01
-1.238727288905665525e+01
-7.958861099320414745e+00
-2.580703882324603349e+00
2.424474003353626728e+00
5.853794482222998141e+00
6.920009467710745099e+00
5.439520342841893452e+00
1.869415912887822717e+00
-2.812061211518280590e+00
-7.349648103815868083e+00
-1.051913640285143714e+01
-1.142515540771918836e+01
-9.718422658894443344e+00
-5.682196492040260338e+00
-1.686239638027003385e-01
5.599530748967403326e+00
1.031539264816895596e+01
1.289604753729051012e+01
1.274025074382281808e+01
9.874852348375338096e+00
4.954082928681354581e+00
-8.903395800635016677e-01
-6.315177983494219660e+00
-1.008620795676483262e+01
-1.137707558025183374e+01
-9.973327893771548602e+00
-6.329478563361573329e+00
-1.461644094791870740e+00
3.301331940908903473e+00
6.649159443709718786e+00
7.622115096035441795e+00
5.859620525030987181e+00
1.700318454440477911e+00
-3.894838073428759095e+00
-9.579882031262936692e+00
-1.396296702136963397e+01
-1.596123135441090923e+01
-1.507983427032641366e+01
-1.154222286334248615e+01
-6.236826701201608536e+00
-4.930999649056541645e-01
4.255547315174463385e+00
6.834826269543081700e+00
6.624974478917817322e+00
3.149298163933752281e+00
-1.932261675743665030e+00
-7.621290056029602411e+00
-1.242419542966331925e+01
-1.506413766499621332e+01
-1.479939047126949880e+01
-1.160478445489916410e+01
-6.173002613446631592e+00
2.615774208307454218e-01
6.229832839941817468e+00
1.038788696706383874e+01
1.184138515442532835e+01
1.035625721557155643e+01
6.407521131575040663e+00
1.057618028463549020e+00
-4.303611176363149937e+00
-8.293409354909229592e+00
-9.865170885622427832e+00
-8.555090631301672133e+00
-4.589813126141676136e+00
1.168627310661555896e+00
7.426574971709886341e+00
1.276311456852849702e+01
1.596389284015181609e+01
1.630640367922492473e+01
1.372963221626516983e+01
8.847369924663546215e+00
2.800764568853064240e+00
-3.016311741077317699e+00
-7.294497157971468582e+00
-9.127793948471152774e+00
-8.235747308508225117e+00
-5.032577527571771903e+00
-5.234744965324331645e-01
3.948991951926796418e+00
7.047015630108368178e+00
7.782896913187805410e+00
5.779338816742389362e+00
1.376266224186813325e+00
-4.446094062301966687e+00
-1.031104430536411520e+01
-1.479550201984648616e+01
-1.679685513036755751e+01
-1.582131600364532709e+01
-1.211779577529850727e+01
-6.620967759858888968e+00
-7.168695233739168504e-01
4.109073670048359439e+00
6.650783312181529183e+00
6.289143913858618262e+00
3.669250616159649869e+00
-1.590263340383481827e+00
-7.394255395409166098e+00
-1.217818320448043856e+01
-1.460723551430886502e+01
-1.391128186973636716e+01
-1.007813117356312738e+01
-3.858485508267559538e+00
3.416428523250787386e+00
1.015737299975249641e+01
1.489922042018685211e+01
1.664939072050922420e+01
1.511950666015920497e+01
1.078699315557898508e+01
4.774930323744084326e+00
-1.418436005302574632e+00
-6.274614525758195782e+00
-8.610022697311187301e+00
-7.848731173587463417e+00
-4.150578397086295723e+00
1.633362199568535900e+00
8.165938481958123774e+00
1.394080668057723038e+01
1.763663937382190738e+01
1.842574093903454724e+01
1.616463771983248776e+01
1.142149784786467492e+01
5.333369597523546446e+00
-6.733724629880244450e-01
-5.232720432186088289e+00
-7.374203068182525911e+00
-6.760969383033398117e+00
-3.770643895779249632e+00
6.032221629449658895e-01
5.006672565668857544e+00
8.075193579386485965e+00
8.789857468238510663e+00
6.748268724323926548e+00
2.278939117001140602e+00
-3.633069641460891841e+00
-9.592826709181863976e+00
-1.415278107876199165e+01
-1.618881968937550653e+01
-1.519704826605054748e+01
-1.143270922247073074e+01
-5.853200306155255994e+00
1.217915595050796523e-01
4.971992100134174919e+00
7.466829351084100175e+00
6.983312955888298035e+00
5.168604104540345467e+00
-2.246523149907867778e-01
-6.138258897055764329e+00
-1.096580464366579832e+01
-1.333275665553879819e+01
-1.244294422484768425e+01
-8.281973416804822463e+00
-1.628046393105955891e+00
6.130958637266610722e+00
1.332766195483818805e+01
1.841101473749881734e+01
2.031180475813146913e+01
1.869098355497551012e+01
1.401360982325161153e+01
7.433599080635318934e+00
5.192001117362877727e-01
-5.114301626070092865e+00
-8.177881287051077308e+00
-8.001460855036912179e+00
-4.679360658756870350e+00
9.632705416365606732e-01
7.573253499984323511e+00
1.359269814728141057e+01
1.762659335098667412e+01
1.876840188050420366e+01
1.680723665532939393e+01
1.226782663801724915e+01
6.273802865949900998e+00
2.669228988196681307e-01
-4.350143261489675339e+00
-6.560464472018866289e+00
-5.983335225753215525e+00
-2.965496715531834582e+00
1.511276532139550266e+00
6.084779962058537883e+00
9.366191427793216562e+00
1.030361381434249601e+01
8.461732469433350445e+00
4.143973711905153401e+00
-1.676821670054374769e+00
-7.603815277320791211e+00
-1.217594135985734027e+01
-1.424934330825641204e+01
-1.330077575677468360e+01
-9.572495801664050674e+00
-4.018909167762501511e+00
1.933089669585491333e+00
6.749193999945643618e+00
9.184090737692907069e+00
8.606519606052293270e+00
7.298928515911884851e+00
1.821607688856104801e+00
-4.198492301546608019e+00
-9.147704084904345834e+00
-1.163449801821813701e+01
-1.084089495326356101e+01
-6.733224069111024335e+00
-8.059330388931318367e-02
7.722435272013074226e+00
1.498441168466292339e+01
2.011611163459262031e+01
2.200376415516594619e+01
2.026780131331436507e+01
1.534732880240980890e+01
8.392750102897919007e+00
9.943016623930031050e-01
-5.187968701334806809e+00
-8.805506511871547204e+00
-9.125383898547308803e+00
-6.187941970263061364e+00
-7.833128088228837882e-01
5.745651369550768273e+00
1.182647888137704761e+01
1.602974716290863100e+01
1.740361551552916453e+01
1.569155375621595638e+01
1.138201387362605388e+01
5.578487497087492031e+00
-2.787002109148914997e-01
-4.771473915308796165e+00
-6.856218209708773159e+00
-6.122033804049818784e+00
-2.890110822446975369e+00
1.871919519414552813e+00
6.800574870991580312e+00
1.048979814569188562e+01
1.185743248970074326e+01
1.043057576946697296e+01
6.474959112609559142e+00
9.328293700051225601e-01
-4.816796596511575324e+00
-9.314978876029693211e+00
-1.140474313099577941e+01
-1.053819150551991868e+01
-6.927482754478849536e+00
-1.498479618332621222e+00
4.342727401791655950e+00
9.071094137670277391e+00
1.143858135869676929e+01
1.080220664234805739e+01
9.546983581952279252e+00
4.060031852914848471e+00
-2.037781077223775661e+00
-7.163708392155024640e+00
-9.935618327460632671e+00
-9.520584536905579043e+00
-5.849159772024266957e+00
3.573168815249666563e-01
7.752295917866712571e+00
1.468104516207987587e+01
1.957141332405654310e+01
2.130394012300828521e+01
1.947332481822483174e+01
1.448052137229313274e+01
7.435749617152130675e+00
-1.025508482620031414e-01
-6.489871002321203619e+00
-1.037339501709868195e+01
-1.099751542505094193e+01
-8.367135004620028127e+00
-3.232499425238589907e+00
3.099042011410392483e+00
9.078870108916239801e+00
1.328562398131603928e+01
1.475945130904518798e+01
1.322312366546345075e+01
9.137771289335763214e+00
3.580152179819687142e+00
-2.028907388115667842e+00
-6.279054686850045641e+00
-8.121242006795130308e+00
-7.128128715509491897e+00
-3.598702595527300652e+00
1.520166960644622423e+00
6.876832868416141054e+00
1.106223070137827058e+01
1.297363444410998667e+01
1.210147673970232773e+01
8.664418808708264308e+00
3.556132278614410946e+00
-1.884266743454155568e+00
-6.220035616787603416e+00
-8.293162166582090933e+00
-7.531074809262974235e+00
-4.102777160923529287e+00
1.117787001176742345e+00
6.773170099235114705e+00
1.137229484161562354e+01
1.367857368712765975e+01
1.303576865791831807e+01
1.135418257832329125e+01
5.973061444457602676e+00
-1.221821580408819913e-01
-5.419385047186129789e+00
-8.575065020671004845e+00
-8.751774046810623986e+00
-5.831239187142275071e+00
-4.509281621636275217e-01
6.144138291212797753e+00
1.239708506817125588e+01
1.680970611678105797e+01
1.829803905564536848e+01
1.644810984765630479e+01
1.161204629333039939e+01
4.823501143576447880e+00
-2.445768420348710670e+00
-8.629375874879119834e+00
-1.242847822561375715e+01
-1.310796593163293977e+01
-1.065828881082307511e+01
-5.786419037445210023e+00
2.605386293420186572e-01
5.996621432148050879e+00
1.005167803194515130e+01
1.149551234970447133e+01
1.005469695897240889e+01
6.170456857650383320e+00
8.836800509182981544e-01
-4.425449924210608899e+00
-8.380280125210592956e+00
-9.949312466755721118e+00
-8.702322114627291327e+00
-4.916809786348117051e+00
4.928746691658770773e-01
6.207242242623668638e+00
1.083684547048869540e+01
1.327648945864313568e+01
1.298805110180345856e+01
1.013866458031219686e+01
5.557449568181056065e+00
5.205263918982246940e-01
-3.581219719541242075e+00
-5.606077863499385749e+00
-4.962550591784447462e+00
-1.768539338465176192e+00
3.173788016374015530e+00
8.582043011928847775e+00
1.302448532461708375e+01
1.529242119032512726e+01
1.471785448439037403e+01
1.224648138222785931e+01
7.134203712270841713e+00
1.188544059479184067e+00
-4.187997912364872732e+00
-7.721829431159141777e+00
-8.585803412461277873e+00
-6.605982872949897278e+00
-2.306990689042170306e+00
3.214162790907143297e+00
8.553595419795808397e+00
1.233964686547810707e+01
1.356286641329961817e+01
1.181760325256850486e+01
7.398240347299195996e+00
1.228559553275773819e+00
-5.357424174918229198e+00
-1.093001005398628322e+01
-1.429879746963250575e+01
-1.478916329113496708e+01
-1.239567647417901775e+01
-7.777128457168513975e+00
-2.095086746274290590e+00
3.265467310441826143e+00
7.027185597482946022e+00
8.324566770310207531e+00
6.908872076170254672e+00
3.204477914994276588e+00
-1.797439918148457494e+00
-6.782975750040656671e+00
-1.043876726468211658e+01
-1.177591577251627797e+01
-1.037484063452304639e+01
-6.489834925426231749e+00
-9.861524737688743825e-01
4.876000390603665302e+00
9.757455169303604237e+00
1.257692710246535661e+01
1.278328103970145335e+01
1.049326796674331597e+01
6.458536586183570627e+00
1.869338671717504230e+00
-1.955380322455757103e+00
-3.911968158753046598e+00
-3.401173945048447944e+00
-4.871361135203856052e-01
4.115540375450415844e+00
9.223888210442623858e+00
1.349119822209488539e+01
1.575566939320866666e+01
1.534321328665508055e+01
1.194265842638931474e+01
7.302136948113107096e+00
1.718198123530649157e+00
-3.552837202220799462e+00
-7.339464385426912152e+00
-8.844455557784311139e+00
-7.839653368567796043e+00
-4.718661557432107578e+00
-3.958900528026156329e-01
3.921556082657958076e+00
7.031908170966111093e+00
8.033305272311023870e+00
6.543494966170875671e+00
2.792370541868530509e+00
-2.433701955894228330e+00
-7.981144905179097471e+00
-1.260579538292957658e+01
-1.527043165068383246e+01
-1.539234030230370642e+01
-1.298228780054843590e+01
-8.642088284734455783e+00
-3.421342803532361199e+00
1.432847928709227059e+00
4.773989637114067541e+00
5.831253079587618515e+00
4.395556257422274626e+00
8.713521884862476252e-01
-3.819494332268714487e+00
-8.459869109632204953e+00
-1.183288088480296274e+01
-1.301926801504613174e+01
-1.162380528985605110e+01
-7.874162868171057816e+00
-2.566436475574267906e+00
3.130580066999701483e+00
7.964718906583439839e+00
1.091146021123487486e+01
1.142834009222736746e+01
9.587904903352749031e+00
6.054682365810139189e+00
1.911262588777412841e+00
-1.622621373035892711e+00
-3.506277180349517408e+00
-3.148276563097275549e+00
-5.610264922416046129e-01
3.640315366959288923e+00
8.394426552130267893e+00
1.246560943262095655e+01
1.476084757764936839e+01
1.461075287821257618e+01
1.041482028221393996e+01
6.466399229311670993e+00
1.500942566190462735e+00
-3.403516103876737642e+00
-7.209415410899891796e+00
-9.173519211497008996e+00
-9.024054375611251899e+00
-7.018341344485572897e+00
-3.868568371197697253e+00
-5.561667776549908959e-01
1.917737477710788951e+00
2.783535904333759525e+00
1.694442075847124363e+00
-1.188121542326727953e+00
-5.234758360720089598e+00
-9.503129874011392531e+00
-1.296951438345084462e+01
-1.478062987960137775e+01
-1.446495598127722815e+01
-1.205263703136473730e+01
-8.074825573085512076e+00
-3.441930243310425297e+00
7.709615686554303071e-01
3.580888444555507366e+00
4.334852745583875233e+00
2.871263120963999604e+00
-4.349575295799887331e-01
-4.756181650977143960e+00
-9.006454739449683444e+00
-1.210092651064238822e+01
-1.321811340712029903e+01
-1.200090941122808985e+01
-8.646149279898699191e+00
-3.859186790101968079e+00
1.316910034776589855e+00
5.756483005105057060e+00
8.527895674002095916e+00
9.122522041828796446e+00
7.578184872411442008e+00
4.465264302973199761e+00
7.383477886744310714e-01
-2.509383877307722610e+00
-4.326755779258832035e+00
-4.148687820419334038e+00
-1.941463891993354451e+00
1.787826485138058752e+00
6.119809106932865284e+00
9.956079775791881303e+00
1.229730812577450116e+01
1.249523099403386084e+01
7.887517016425633187e+00
4.835322621739095439e+00
7.532745724981330104e-01
-3.484924154144217301e+00
-7.005524044125748695e+00
-9.146533516581509815e+00
-9.611701517813342477e+00
-8.529850169645051494e+00
-6.407123105294155074e+00
-3.986527926337787520e+00
-2.051696106291946986e+00
-1.224673497667633226e+00
-1.807955023487668011e+00
-3.709169610340317114e+00
-6.465990285938682192e+00
-9.364195268194663413e+00
-1.161926870765327280e+01
-1.257676915505635407e+01
-1.188233970073264878e+01
-9.579568363957907451e+00
-6.111131975522729576e+00
-2.221736977285092340e+00
1.215051251548916467e+00
3.405416236212492898e+00
3.829482436012443536e+00
2.373780670680675886e+00
-6.314126836487780059e-01
-4.481007756073209336e+00
-8.255948897166751621e+00
-1.103893095428977311e+01
-1.213366176378118944e+01
-1.123426413778037869e+01
-8.502437540823574835e+00
-4.531830691491055774e+00
-2.065982974127236194e-01
3.512423554902029288e+00
5.821817994834537657e+00
6.271941982329018117e+00
4.876183013235968922e+00
2.105128253368147018e+00
-1.233534267875682433e+00
-4.199613210400726437e+00
-5.958133881039586299e+00
-5.990213881737537882e+00
-4.223880602697347442e+00
-1.052030762993385604e+00
2.766467696442821200e+00
6.296823300516604327e+00
8.660888372225448606e+00
9.253347366146613240e+00
4.777644863656021812e+00
2.771988358752096815e+00
-1.985900960505666557e-01
-3.483280547378269532e+00
-6.398065896734149938e+00
-8.390413483615112966e+00
-9.165089658773393211e+00
-8.741359959546942449e+00
-7.429821204115707900e+00
-5.737399500511711103e+00
-4.226555553641541785e+00
-3.365279184706664317e+00
-3.405712987589949226e+00
-4.321236663002824940e+00
-5.816794234833471577e+00
-7.408959774481075122e+00
-8.555141045649216736e+00
-8.799427377035277331e+00
-7.898605540167996431e+00
-5.896634175394988908e+00
-3.128213374999218921e+00
-1.491235261090867459e-01
2.391220752383421910e+00
3.905204907086940125e+00
4.013142416533079349e+00
2.644080195656907328e+00
6.525163592673728641e-02
-3.169277699800401304e+00
-6.340830452808611462e+00
-8.731646319343928653e+00
-9.794696418592643283e+00
-9.286505219784803700e+00
-7.329574090652696938e+00
-4.387424824505075094e+00
-1.156456338492766855e+00
1.600438226797163299e+00
3.238486871911662845e+00
3.388522226312633556e+00
2.047955271163750535e+00
-4.180584167160658060e-01
-3.366294648725086880e+00
-6.034184661887317169e+00
-7.728274167108713399e+00
-7.995474466391431889e+00
-6.734464235176434777e+00
-4.219766396251986684e+00
-1.033139933876591865e+00
2.079737034891911751e+00
4.390777155922650721e+00
5.363640336473868508e+00
1.592103900377551895e+00
6.970437487208399618e-01
-1.014332443583529031e+00
-3.124096109464618021e+00
-5.157790420893375583e+00
-6.698552048697922423e+00
-7.480555205669353391e+00
-7.440001586938260303e+00
-6.713336420912098923e+00
-5.585856869976843164e+00
-4.405988268989174728e+00
-3.488342805511951195e+00
-3.030534119411903760e+00
-3.064410277783063297e+00
-3.453170709454593368e+00
-3.934123115555653527e+00
-4.195472533165405693e+00
-3.967190244733472149e+00
-3.102586213659827230e+00
-1.629442816852095133e+00
2.430961275407186595e-01
2.164956688218812708e+00
3.724321383757560167e+00
4.547177531349432478e+00
4.393184536148193153e+00
3.223817350635897583e+00
1.224596923580103081e+00
-1.226247001920313995e+00
-3.637471172857449808e+00
-5.515508267653713936e+00
-6.480373997779791395e+00
-6.358618130234821919e+00
-5.229657820608885288e+00
-3.412450165983486716e+00
-1.393784491317940466e+00
2.859702210017184831e-01
1.162741078910611847e+00
9.626763742244863753e-01
-3.282596127622493531e-01
-2.456944296591873744e+00
-4.960708602974300163e+00
-7.276435478043113747e+00
-8.874707855463338291e+00
-9.386179329417476680e+00
-8.689229747277604332e+00
-6.937677969120971788e+00
-4.522350690367649584e+00
-1.976763088884265995e+00
1.491753679289104795e-01
1.416106680307922749e+00
-1.189899610956097975e+00
-1.015200728499128902e+00
-1.431478457176542429e+00
-2.254429134385623090e+00
-3.230805404014954529e+00
-4.100300012366503211e+00
-4.653563792904634511e+00
-4.773102102472956965e+00
-4.448841478145560302e+00
-3.766823897353206885e+00
-2.876051939298309268e+00
-1.943412528780309456e+00
-1.108802005313058281e+00
-4.517265002800260887e-01
2.284858141163689446e-02
3.768088941033507222e-01
7.123491099784883263e-01
1.134236533404727965e+00
1.711251737327693423e+00
2.447346547828773922e+00
3.270663083194021326e+00
4.044137629315017968e+00
4.595968185628544589e+00
4.763012001369874682e+00
4.436457335851851980e+00
3.597861484260829634e+00
2.335320202282968882e+00
8.339106750178931771e-01
-6.592758794344392159e-01
-1.888657489873532880e+00
-2.650127550871955506e+00
-2.842822166298041520e+00
-2.499104959563988260e+00
-1.783811385665938998e+00
-9.610254562455445848e-01
-3.347755663115011271e-01
-1.769629851326229297e-01
-6.596995168162955725e-01
-1.808869543117425982e+00
-3.491058090720685403e+00
-5.438059381630941935e+00
-7.303961906938924109e+00
-8.741657619206472773e+00
-9.480672663221954011e+00
-9.387778824660301780e+00
-8.496052679056996126e+00
-6.995816111956923322e+00
-5.190204012435956749e+00
-3.426570433380700553e+00
-2.020436581158137290e+00
-3.220391567782382669e+00
-2.120697847105381229e+00
-1.329381360070610807e+00
-8.871141970439961888e-01
-7.636137437674834771e-01
-8.675416928611990874e-01
-1.067511596825955866e+00
-1.219675124195048310e+00
-1.196328528095237598e+00
-9.100552275684752335e-01
-3.290146941349529897e-01
5.191453198067046415e-01
1.554998226667260397e+00
2.664646325698205587e+00
3.722765600378221240e+00
4.616476665820820280e+00
5.265096221191354786e+00
5.631840770950335084e+00
5.725437735265872519e+00
5.591950641197271921e+00
5.299404120713282040e+00
4.919437472636014164e+00
4.510783514223682289e+00
4.108681143854626683e+00
3.722537568630848615e+00
3.341729908662168569e+00
2.947051854762125611e+00
2.523664964470538674e+00
2.071014160717519204e+00
1.606168696810488461e+00
1.159189872838890301e+00
7.617824784691812345e-01
4.328513575930152402e-01
1.659073407322915472e-01
-7.691183207875224026e-02
-3.611370445950448094e-01
-7.662802973923547034e-01
-1.364917600370700423e+00
-2.199732163354976677e+00
-3.264782947180859818e+00
-4.496612391836088740e+00
-5.778555922205567796e+00
-6.958348558459848121e+00
-7.875713725583493030e+00
-8.393978557278305885e+00
-8.428584844069114013e+00
-7.965949350579744070e+00
-7.068297858052240201e+00
-5.863279759434432137e+00
-4.520561866386575645e+00
-4.347545634715276996e+00
-2.549676888438333400e+00
-7.497967285819727712e-01
8.040378384645991972e-01
1.928306436628316911e+00
2.543862807728850317e+00
2.691777890852133037e+00
2.521172108261453992e+00
2.251605652093230159e+00
2.118654762568552119e+00
2.315397612798959059e+00
2.943669129721208755e+00
3.986804805598885615e+00
5.310633155667628280e+00
6.692828258860507695e+00
7.873958192008013945e+00
8.618287408544810901e+00
8.769911027805594728e+00
8.290765804248906079e+00
7.271297678459164082e+00
5.911084394504695361e+00
4.473945968539823959e+00
3.228252617866647078e+00
2.386721438916047600e+00
2.060070849607397836e+00
2.235437714614598281e+00
2.784312278593570333e+00
3.497452788238778254e+00
4.137643871316351252e+00
4.496924079607623526e+00
4.444086495325483277e+00
3.951029526530978497e+00
3.092155389330842219e+00
2.018006539674011890e+00
9.108817533830890767e-01
-6.539434652088843558e-02
-8.081693432907824937e-01
-1.300028541807692228e+00
-1.608243640042153810e+00
-1.860204748842331446e+00
-2.201766403836402652e+00
-2.749887904160432051e+00
-3.552401526304684420e+00
-4.565867574217688407e+00
-5.657792127456896303e+00
-6.633210907284540880e+00
-7.279378142269484542e+00
-7.417612015784358803e+00
-6.949393161497444460e+00
-5.885057018191925060e+00
-4.628555710574303816e+00
-2.402431274587822241e+00
1.287732489614801246e-01
2.535075999650604928e+00
4.439303202194229137e+00
5.602424149951950483e+00
5.974165496914443096e+00
5.696920233017987556e+00
5.062434871969422545e+00
4.432291607845558090e+00
4.142009972743911028e+00
4.412555500775041217e+00
5.291212708476003002e+00
6.636599647467066987e+00
8.151798986907531130e+00
9.457758537478179406e+00
1.018913290427599527e+01
1.008903441601548501e+01
9.079160813497935578e+00
7.287528383082068295e+00
5.026222139110165799e+00
2.723743352437833387e+00
8.277322992413805869e-01
-2.986930978050870711e-01
-4.619014964855869265e-01
3.167558869439316416e-01
1.806215368380695407e+00
3.620684233109308092e+00
5.311093192418748998e+00
6.470777990732237583e+00
6.829623702575587707e+00
6.313770382512362112e+00
5.056556166844752731e+00
3.358535795949248115e+00
1.607109732323236617e+00
1.763314855172074258e-01
-6.677061866121187794e-01
-8.320899086781632370e-01
-4.166812829725685119e-01
3.164858538339240801e-01
1.015833101681119954e+00
1.336105752390872148e+00
1.032896873060545673e+00
3.168668977669721748e-02
-1.546212898158355831e+00
-3.407496704757990269e+00
-5.154644735817542234e+00
-6.380813709379020260e+00
-6.768306069282317594e+00
-6.166274801605085010e+00
-4.290893750023172970e+00
-1.901676047347786946e+00
1.053066439152948064e+00
3.993114723490355455e+00
6.377764156280822938e+00
7.830533540193846953e+00
8.220518522679807205e+00
7.681404377543699091e+00
6.564711451218983917e+00
5.340023860364847330e+00
4.467818410707744547e+00
4.276988460766739664e+00
4.877739719565386878e+00
6.131622572017202621e+00
7.686252622029348558e+00
9.066213339893041123e+00
9.797626306827556419e+00
9.535325164333414705e+00
8.160591807962275013e+00
5.824310622691773354e+00
2.923570108606779350e+00
1.604890224018321390e-02
-2.307987958843729537e+00
-3.565406672265716725e+00
-3.497501881642000043e+00
-2.135658703077932596e+00
2.016019870204705799e-01
2.980530744133528476e+00
5.576346374540910311e+00
7.419938776030297944e+00
8.131393299104823669e+00
7.607560831665476364e+00
6.042013225318193292e+00
3.872359570994675870e+00
1.667931943191258704e+00
-1.425119321000929175e-02
-7.693544897648161296e-01
-4.455358867132285794e-01
8.194290850908667601e-01
2.634743786867209447e+00
4.457084603403810519e+00
5.729683992929372138e+00
6.025109875282089966e+00
5.156056612852227161e+00
3.226610643246554666e+00
6.114273604773230453e-01
-2.131761450940746982e+00
-4.394428683696044224e+00
-5.661588509825525861e+00
-5.632837512983853934e+00
-3.655294768648200243e+00
-1.317279864821730984e+00
1.774144437123830187e+00
4.924362430749797959e+00
7.467169935338687559e+00
8.921078281868796367e+00
9.095563543941791451e+00
8.122599896760053895e+00
6.407586089140854924e+00
4.513630348776575651e+00
3.009281185756504939e+00
2.318344508338385790e+00
2.609448827906065915e+00
3.752850195109244780e+00
5.355136535239238604e+00
6.863098623279631383e+00
7.710780508446501536e+00
7.472793606910229869e+00
5.985063490753027793e+00
3.401817408213398952e+00
1.730559247254667143e-01
-3.053686395606150406e+00
-5.584533773900554721e+00
-6.846991918868186033e+00
-6.532877627220106120e+00
-4.680398192714771533e+00
-1.673670244438440147e+00
1.841974732134764814e+00
5.109662776843021170e+00
7.439883684118151486e+00
8.374992992764124011e+00
7.798552442900665405e+00
5.961888397400956663e+00
3.420508788529724065e+00
8.954019232703017694e-01
-9.068833992394512711e-01
-1.470926137993891825e+00
-6.019692388655614179e-01
1.524050361757927741e+00
4.402591764738136959e+00
7.324382310542440599e+00
9.550366289193112479e+00
1.049437817428684383e+01
9.868424895873566527e+00
7.754964149285880737e+00
4.588861546611556541e+00
1.054129854985856429e+00
-2.078550554810529416e+00
-4.133342604942880527e+00
-4.685543616814163315e+00
-3.042529714126152030e+00
-8.853034996050479499e-01
2.120755369934093082e+00
5.204328299498097721e+00
7.616754530236200083e+00
8.810853267036227621e+00
8.564740305912710738e+00
7.021920489097392526e+00
4.639989237759534646e+00
2.062749929433997931e+00
-5.098761555013038571e-02
-1.198582750506681949e+00
-1.161960047661632300e+00
-6.145850852122485691e-02
1.677988322139139621e+00
3.439690949936189845e+00
4.578766085857742141e+00
4.595360682401020469e+00
3.273717685693346535e+00
7.512721235485894100e-01
-2.501079445322301531e+00
-5.784506265864342467e+00
-8.339006959806498642e+00
-9.530991425396550198e+00
-9.015130592910384877e+00
-6.829269401739294310e+00
-3.396972323683317807e+00
5.652107951612844738e-01
4.214887924616296466e+00
6.785412047803981217e+00
7.772472436088755821e+00
7.059015012476277384e+00
4.946392359625485291e+00
2.082577074685172835e+00
-6.961013417985688623e-01
-2.571379892149135316e+00
-2.946851892848128429e+00
-1.598514388533443853e+00
1.265611167515223068e+00
5.051993276239933550e+00
8.923073908586449221e+00
1.199895136527715778e+01
1.356962148916365507e+01
1.326571812071267686e+01
1.114626116828769398e+01
7.682708395499933118e+00
3.644296851244179791e+00
-8.622690112081422831e-02
-2.720826688302024454e+00
-3.747646574720034707e+00
