4.900288139434464882e-03
9.800576278868929764e-03
1.470086441830339465e-02
1.960115255773785953e-02
2.450144069717232614e-02
2.940172883660678929e-02
3.430201697604125244e-02
3.920230511547571906e-02
4.410259325491018567e-02
4.900288139434465229e-02
5.390316953377911197e-02
5.880345767321357858e-02
6.370374581264803826e-02
6.860403395208250488e-02
7.350432209151697149e-02
7.840461023095143811e-02
8.330489837038590473e-02
8.820518650982037134e-02
9.310547464925483796e-02
9.800576278868930458e-02
1.029060509281237573e-01
1.078063390675582239e-01
1.127066272069926905e-01
1.176069153464271572e-01
1.225072034858616238e-01
1.274074916252960765e-01
1.323077797647305431e-01
1.372080679041650098e-01
1.421083560435994764e-01
0.000000000000000000e+00
0.000000000000000000e+00
1.031150431761494528e-23
0.000000000000000000e+00
2.194990416983819241e-15
0.000000000000000000e+00
3.920938339819589364e-07
3.591062897543683807e-03
0.000000000000000000e+00
0.000000000000000000e+00
3.676640391842617828e+04
2.075018153562887106e+06
0.000000000000000000e+00
1.168452725374499410e+08
1.485025144967105627e+09
7.910035639544479847e+08
5.832012112083815336e+08
0.000000000000000000e+00
3.741673658177539706e+06
4.337549461675457424e+05
1.303288004889343574e+04
3.651545382284458441e+01
1.190632344649547245e-03
2.599968096354394756e-07
5.090572495527920252e-08
7.881307723741350760e-13
9.652849658937666870e-19
2.179023929924802539e-22
2.126179625299464615e-24
