2.823036496365394896e+02
7.804056573022204191e+01
-2.149304284304556063e+02
-5.114813116949212031e+02
-7.290373571796963006e+02
-8.076786844628079507e+02
-7.241117820258501752e+02
-4.962612071670282603e+02
-1.775818914037771208e+02
1.572903572958400957e+02
4.318538090765053994e+02
5.871725162223773395e+02
5.966102474609600677e+02
4.722497675369434660e+02
2.614452926180580903e+02
3.438962062701261857e+01
-1.342035697777076280e+02
-1.847313363873921332e+02
-8.871389422821646065e+01
1.428999865578947777e+02
4.613584986092748181e+02
7.914427504508402080e+02
1.049856777400665123e+03
1.166189378113846260e+03
1.101217503559764737e+03
8.578648900087126776e+02
4.818639749329342408e+02
5.169040256988677129e+01
-3.399668904371080771e+02
-6.087479733735189029e+02
-6.996089544471279851e+02
-6.009547335306612013e+02
-3.482358231124995314e+02
-1.591080152207132770e+01
3.004151834020383376e+02
5.073681799005415769e+02
5.369503592260462028e+02
3.636990129591214327e+02
1.155559920160088083e+01
-4.513156352122406929e+02
-9.285241487760353039e+02
-1.318341450230619330e+03
-1.537858518521882388e+03
-1.542503640704147529e+03
-1.336201412089004862e+03
-9.698043025020272125e+02
-5.283360733269945513e+02
-1.103165691007870350e+02
1.956862428084384646e+02
3.315566120914523935e+02
2.823717649458984624e+02
9.425232677808749315e+01
-1.724103863483554449e+02
-4.320114946243754730e+02
-6.025223458645054961e+02
-6.258511580986424860e+02
-4.818712416387434132e+02
-1.928347731672842826e+02
1.827187556371198127e+02
5.648944120331248087e+02
8.724379054639277911e+02
1.042844782184315591e+03
1.047656412309397410e+03
8.992215248750350156e+02
6.472936635021986831e+02
3.663145386952616036e+02
1.365118794009182182e+02
2.347334057497338122e+01
6.127096852557848905e+01
2.433895060511570705e+02
5.238349859566435498e+02
8.283044625886981294e+02
1.072781901729999845e+03
1.185009988132250555e+03
1.123464726818971030e+03
8.889652327783128385e+02
5.257959948800870507e+02
1.117984136830658315e+02
-2.603276126633596732e+02
-5.059857947939922838e+02
-5.701932772234533786e+02
-4.421613617331455544e+02
-1.591117824210728600e+02
2.018532447500452918e+02
5.420050418713024101e+02
7.649563353821743021e+02
8.004321862027392172e+02
6.219190330054161677e+02
2.537566699381090416e+02
-2.341405219326980216e+02
-7.426603262599228401e+02
-1.166930768095826807e+03
-1.421043887792624673e+03
-1.458010365597055170e+03
-1.280127590767924175e+03
-9.373670683152955689e+02
-5.143693272422262908e+02
-1.094193382486120072e+02
1.893272543515552968e+02
3.245378364072690829e+02
3.135121618104703884e+02
1.292229512936207243e+02
-1.156345755947558303e+02
-3.382348156201497318e+02
-4.611182632077171775e+02
-4.317809053411600075e+02
-2.358738236798506023e+02
9.910136269517057883e+01
5.103783712476781602e+02
9.150915136382061519e+02
1.230281792426395214e+03
1.392880044478523814e+03
1.374840389949441260e+03
1.189777756830066664e+03
8.895063860959992326e+02
5.513035113115042805e+02
2.589648597881133014e+02
8.224454992237582474e+01
5.970896033940936576e+01
1.892588557770172883e+02
4.287484268235594982e+02
7.066728738860814474e+02
9.403931984002557556e+02
1.057434599738248608e+03
1.014530655645966021e+03
8.095379697695810819e+02
4.830412557454740181e+02
1.090146507285348179e+02
-2.233223282079815135e+02
-4.320199262939192977e+02
-4.636344208350529357e+02
-3.077414188359589389e+02
-8.903588754922449056e-01
3.812107968424328988e+02
7.415108611783746255e+02
9.850906446642047740e+02
1.042469832657537154e+03
8.869077251394635368e+02
5.413425458249258782e+02
7.321205778544876352e+01
-4.215564023894986576e+02
-8.413890703884053437e+02
-1.103063460664830018e+03
-1.160948726281069185e+03
-1.016832930350403785e+03
-7.180858413013628478e+02
-3.448305680064951275e+02
1.050345523847684071e+01
2.660697762250790106e+02
3.702777266696682545e+02
3.563294273593681396e+02
1.619040609507672173e+02
-7.008932951469731165e+01
-2.623652658079914772e+02
-3.453473167103948640e+02
-2.750514335267715751e+02
-4.466577209492872669e+01
3.129345901687989908e+02
7.323044473364628857e+02
1.130448667542877274e+03
1.426156036377589317e+03
1.559050441503282173e+03
1.503834502398466611e+03
1.276328464618699172e+03
9.298321793412170564e+02
5.426204233822528522e+02
1.994960188362375391e+02
-2.822505689253119598e+01
-9.949132840777856757e+01
-1.296478384367433634e+01
1.932323934913887911e+02
4.515113356325606446e+02
6.821867820602857364e+02
8.139836735759316753e+02
8.025716741737097664e+02
6.424118699715708090e+02
3.687949922167282466e+02
4.937999619402515350e+01
-2.327916560990748280e+02
-4.006076266723803201e+02
-4.031320325180728332e+02
-2.295731930181047744e+02
8.671649945894597522e+01
4.753895931484713628e+02
8.457336491819124831e+02
1.108664522680817072e+03
1.198558841236981152e+03
1.089414671972947190e+03
8.012639337514385716e+02
3.952433344364058030e+02
-4.138610728792220073e+01
-4.164477370878902889e+02
-6.549313456733287921e+02
-7.164454035362147124e+02
-6.037865368733018840e+02
-3.606760893589098487e+02
-5.945997760432211265e+01
2.179477003983979841e+02
4.009925519913662697e+02
4.480457699949402581e+02
3.846023126818279252e+02
1.692856711671199719e+02
-5.869312816275063938e+01
-2.298334788956587431e+02
-2.849352129217914467e+02
-1.904865962368035923e+02
5.201918339770622879e+01
4.050887621208326550e+02
8.028298410395598239e+02
1.165410183024690468e+03
1.417038244897034701e+03
1.503302957717894969e+03
1.403835638466398450e+03
1.137306548543780764e+03
7.575124522319492826e+02
3.413645462768340622e+02
-2.851332675730244048e+01
-2.825586999954818452e+02
-3.800054420317465542e+02
-3.178104491961702252e+02
-1.305645247597968819e+02
1.186809562888541620e+02
3.545229346193618198e+02
5.083514355153307065e+02
5.358001866629069809e+02
4.281069538450047958e+02
2.144425793365228117e+02
-4.549076483401655935e+01
-2.768173539507610030e+02
-4.089559899382994672e+02
-3.942365427183555653e+02
-2.208571674620471299e+02
8.321589511884327806e+01
4.564890699782049523e+02
8.187851034145643325e+02
1.090915724301366026e+03
1.214152253069112703e+03
1.164520810803693394e+03
9.583054784728615232e+02
6.474349426198409674e+02
3.060447240580272137e+02
1.175676943116296691e+01
-1.734829916443508466e+02
-2.181424913334437292e+02
-1.277767991700931276e+02
5.787120130001341778e+01
2.763861674561281916e+02
4.596975871526223614e+02
5.521724363070236450e+02
5.251916269175541174e+02
3.733253413872233750e+02
1.335811247662899461e+02
-9.493429280518836322e+01
-2.522700710439114573e+02
-2.912745074819494562e+02
-1.898787662623024346e+02
4.231090893290788557e+01
3.647259931768869592e+02
7.137802840199416323e+02
1.016320079355826579e+03
1.205594847187519690e+03
1.236167493396528243e+03
1.094377914424496339e+03
8.019216517659742749e+02
4.116127035240753571e+02
-3.851167210304190736e+00
-3.676912127742889993e+02
-6.158836035498570709e+02
-7.111672378743029412e+02
-6.509267314932590125e+02
-4.670186691879034697e+02
-2.174862419606319293e+02
2.793546874367061861e+01
2.050638501581294406e+02
2.710536891288101629e+02
2.147974976224261923e+02
5.930258703621434080e+01
-1.445996751205784108e+02
-3.316512302584486065e+02
-4.392654055250188208e+02
-4.239327883003500119e+02
-2.726936017407157919e+02
-6.705461379639394259e+00
3.240003252529908764e+02
6.531685137727542951e+02
9.150303224840980647e+02
1.060684085961175469e+03
1.069885228211004915e+03
9.552465079067186480e+02
7.578931774528005008e+02
5.358836756801147203e+02
3.485836514043143097e+02
2.411758363468354673e+02
2.333566452714395609e+02
3.150773805798125977e+02
4.502793552992267223e+02
5.874708536779551196e+02
6.742522406521176208e+02
6.719489235012173367e+02
5.665707493858958514e+02
3.062574898552617242e+02
4.797094261243396573e+01
-1.784851034197367028e+02
-3.240669323718189503e+02
-3.546153771267444768e+02
-2.596231718722075925e+02
-5.583769090234490307e+01
2.151938626847378941e+02
4.951843429746527363e+02
7.210893851580483442e+02
8.384665668423097031e+02
8.133361429426206541e+02
6.399410238686665480e+02
3.426291601834774383e+02
-2.869452307529789081e+01
-4.087157535187493522e+02
-7.303689596889034874e+02
-9.390640143208646577e+02
-1.004308484657863914e+03
-9.260363347962550051e+02
-7.340895247697244486e+02
-4.808585556214197823e+02
-2.287191057201014530e+02
-3.520370045924799740e+01
6.052807478940152919e+01
4.660626801230479543e+01
-5.946006619847285180e+01
-2.160350344191471379e+02
-3.685913921662145754e+02
-4.640202052694573354e+02
-4.643012781574951759e+02
-3.559963646397478669e+02
-1.531498094728093236e+02
1.070456951744878324e+02
3.745198530691016003e+02
5.996592278297948724e+02
7.460577053848143123e+02
7.992677785536764077e+02
7.693012973277590163e+02
6.863867196793440826e+02
5.913449069142770895e+02
5.233823977886180501e+02
5.087345758295339238e+02
5.532703273928394765e+02
6.410124892121531275e+02
7.388775601373350810e+02
8.062567395955088614e+02
8.067981176891513542e+02
7.192219778750359183e+02
5.443122096328123689e+02
1.810652335062314364e+02
-8.057191207121766752e+01
-2.944165166191828575e+02
-4.233636432583529654e+02
-4.466146275947288018e+02
-3.647105925514554770e+02
-2.000676939197986428e+02
7.115525993701439234e+00
2.067428900894006460e+02
3.488975455348800097e+02
3.940780809953986932e+02
3.215214836281925841e+02
1.338931617895786133e+02
-1.426917341675309672e+02
-4.634472293148797917e+02
-7.736561295324260072e+02
-1.019673686893346826e+03
-1.159938682623126169e+03
-1.173620896591731253e+03
-1.064937313398719880e+03
-8.620516534122176608e+02
-6.106705779625546029e+02
-3.637006252061026430e+02
-1.693221635421839437e+02
-6.029479769613944740e+01
-4.707495061317829510e+01
-1.164195068060061260e+02
-2.357766485950513129e+02
-3.622777352339766708e+02
-4.539455266006644365e+02
-4.801640597480689507e+02
-4.286868774628690062e+02
-3.074405987312699722e+02
-1.408399827499837897e+02
3.814448897825585050e+01
1.977710371247702312e+02
3.163130103593890681e+02
3.873667450828806409e+02
4.202753915180965691e+02
4.357201104057588168e+02
4.579380797437952424e+02
5.059784483080226209e+02
5.866386016072079883e+02
6.911870700804030321e+02
7.968530498208205017e+02
8.726859091206968060e+02
8.881582674537348794e+02
8.221399919349099719e+02
6.697917584894053107e+02
4.455052544989627563e+02
1.079648235613864315e+01
-2.320915455857634129e+02
-4.162224831202628366e+02
-5.172014363043514322e+02
-5.275518318882934636e+02
-4.579740807233537225e+02
-3.348959222947398189e+02
-1.949513696281551347e+02
-7.758733974087792262e+01
-1.727363783614192982e+01
-3.677804575705550150e+01
-1.427115617341362395e+02
-3.241206636597519832e+02
-5.543765079366610280e+02
-7.960513474232222961e+02
-1.007944560599721626e+03
-1.152996050877215794e+03
-1.205583698220210181e+03
-1.156720255353946868e+03
-1.015989238476743139e+03
-8.096735681470773898e+02
-5.753389088509245539e+02
-3.539640049961509476e+02
-1.813502497652289094e+02
-8.079784868922671137e+01
-5.879528898114337920e+01
-1.047533305208384320e+02
-1.947884564884849965e+02
-2.984955751419802255e+02
-3.868503644688369150e+02
-4.390920205319293359e+02
-4.467595326276934884e+02
-4.139087583961795076e+02
-3.536772353040495318e+02
-2.824476449898695023e+02
-2.135578950153767153e+02
-1.525997402500075282e+02
-9.580834272843590327e+01
-3.203963336793761130e+01
5.232536346766874402e+01
1.671586162163457061e+02
3.130997091394036715e+02
4.786665248725168453e+02
6.410516629324258702e+02
7.705895388002829804e+02
8.377774625496607541e+02
8.209639849684028832e+02
7.125983537316018328e+02
5.223136713490954435e+02
2.759641128708697124e+02
-1.786626802876896818e+02
-3.779143066967773166e+02
-5.119384289677389575e+02
-5.695905392683414448e+02
-5.564193724481007166e+02
-4.922567798097347236e+02
-4.059881067643453321e+02
-3.288751987510767094e+02
-2.879552678772108152e+02
-3.008260370787419333e+02
-3.726700100484803784e+02
-4.958253560662112704e+02
-6.517168278427443511e+02
-8.146012972836706467e+02
-9.563793888014198501e+02
-1.051652558114912608e+03
-1.082225579693557847e+03
-1.040344184241564562e+03
-9.301183746942434709e+02
-7.668302380055083631e+02
-5.741664396694205834e+02
-3.798189060947780717e+02
-2.102841406863078362e+02
-8.595073198476003995e+01
-1.758808061088222630e+01
-5.079409962960978575e+00
-3.870756268605492778e+01
-1.026272218773049332e+02
-1.795344104508267833e+02
-2.551756516851099548e+02
-3.213666446445520251e+02
-3.766375124280849604e+02
-4.243736232715190226e+02
-4.691505902590820369e+02
-5.125990700811605620e+02
-5.503555613106638020e+02
-5.713618484969653082e+02
-5.600374777178444674e+02
-5.008888695420048975e+02
-3.842428749533763721e+02
-2.112951371918765346e+02
3.274542064104135619e+00
2.322416134670098131e+02
4.404399605414805592e+02
5.920439286675651829e+02
6.587060911578976174e+02
6.264055069802769822e+02
4.991563600066974118e+02
2.985509909362665439e+02
5.921765511434119134e+01
-3.545311199323408005e+02
-4.873676932874820977e+02
-5.519139585278267077e+02
-5.505710807214466058e+02
-5.014557955169458410e+02
-4.325400859586305842e+02
-3.739264615998393992e+02
-3.503071248105478617e+02
-3.754022031674751361e+02
-4.494866517697646486e+02
-5.602352768521770940e+02
-6.863009440450052807e+02
-8.024946509411585112e+02
-8.852509033166869585e+02
-9.172134222656386555e+02
-8.901538134748893754e+02
-8.058955051234817120e+02
-6.753329029572312265e+02
-5.159402022125420899e+02
-3.483419352615302955e+02
-1.925916307875358768e+02
-6.480583381633078943e+01
2.525981417234430282e+01
7.523920578179138374e+01
8.956199891438497218e+01
7.732981466421038874e+01
4.912564824421301779e+01
1.355247281085443234e+01
-2.552453439931051093e+01
-7.013400163204623539e+01
-1.272224194555006562e+02
-2.056164657697354130e+02
-3.116712560760607857e+02
-4.448934315716197716e+02
-5.950298926152437389e+02
-7.418573342760387277e+02
-8.582157411318316917e+02
-9.158721073059612081e+02
-8.928590982008308856e+02
-7.803120996204271478e+02
-5.867562726758111467e+02
-3.383434574939454365e+02
-7.458409442566410519e+01
1.596269592707522804e+02
3.237997968962297932e+02
3.909690685102406746e+02
3.537573837849649863e+02
2.257747378227784054e+02
3.798621829889438573e+01
-1.689770673674918839e+02
-4.850544911613451973e+02
-5.353739165165359282e+02
-5.164209292964326323e+02
-4.441409203193122721e+02
-3.486370347532437108e+02
-2.651568788282940545e+02
-2.241981974343246407e+02
-2.433788199667490915e+02
-3.230788924446387682e+02
-4.467378977703074270e+02
-5.854223676560764034e+02
-7.052264533060663325e+02
-7.754847058335149086e+02
-7.757638944374104994e+02
-7.000913654600217342e+02
-5.576805579761385161e+02
-3.702883112699032040e+02
-1.670665024817499216e+02
2.178692643334049350e+01
1.711585043290711781e+02
2.656886904285969990e+02
3.021195715251325282e+02
2.889521827499987694e+02
2.435641227134512121e+02
1.874188602691367862e+02
1.403828971741570228e+02
1.153964667946376466e+02
1.147568046713041809e+02
1.290240484369123521e+02
1.390450349868445130e+02
1.208752223930766547e+02
5.260668602806052263e+01
-7.852002818228969261e+01
-2.706258124208305844e+02
-5.050248173273291741e+02
-7.483659215098399500e+02
-9.589882084157843565e+02
-1.096211950032085952e+03
-1.130343031974858604e+03
-1.050769883712637238e+03
-8.698479806358494670e+02
-6.212648770440645194e+02
-3.530148228382360003e+02
-1.165924571412701454e+02
4.489079557721981217e+01
1.065917061567848663e+02
6.722755802391894520e+01
-5.160091040517383476e+01
-2.118197704603118439e+02
-3.692418777536618109e+02
-5.475099367622183308e+02
-5.091187354391573763e+02
-4.013062055966825028e+02
-2.531934365473393882e+02
-1.061460430195080846e+02
-1.954934099085500421e+00
2.889219566312415211e+01
-2.430171109230333215e+01
-1.493567945858867745e+02
-3.141717711478700608e+02
-4.747569532587376102e+02
-5.861248093284997367e+02
-6.132157423174011228e+02
-5.391897321137541894e+02
-3.692158774856065406e+02
-1.290796167432078505e+02
1.408259472191645614e+02
3.945512246930845777e+02
5.905425920820077863e+02
7.002962313026264383e+02
7.139144831181163227e+02
6.414946337034435828e+02
5.101679382560839144e+02
3.574859803991544709e+02
2.225775181791449597e+02
1.369583502843364045e+02
1.169900952039953808e+02
1.597122460644516480e+02
2.431305470650630411e+02
3.311184893177672848e+02
3.820389590569564575e+02
3.592433683048790272e+02
2.409999836091639338e+02
2.734225821971601533e+01
-2.580998761713133831e+02
-5.720909698952051485e+02
-8.609594432562051907e+02
-1.072900657643350314e+03
-1.170410702743880620e+03
-1.139639793201589555e+03
-9.941130693580158777e+02
-7.716650371074742907e+02
-5.252180592260048115e+02
-3.097160908440796447e+02
-1.686176913662877155e+02
-1.235242555213375510e+02
-1.696961581416688887e+02
-2.786069599254402647e+02
-4.067525641093997137e+02
-5.082191295857623459e+02
-5.343483478483392446e+02
-4.121692657261491490e+02
-2.203109424302418518e+02
-2.729956748812574774e-01
1.962320106841820575e+02
3.215284672171133025e+02
3.452144166131909060e+02
2.628281039604302123e+02
9.769115780379695479e+01
-1.044673140137824703e+02
-2.866152078910146770e+02
-3.943449740442106872e+02
-3.891140727189765585e+02
-2.575939333714479744e+02
-1.499614990204633003e+01
2.982377298407570834e+02
6.254333189325616331e+02
9.061749776272595227e+02
1.089425678239294939e+03
1.144396964391259417e+03
1.066882596842182465e+03
8.797951092521670944e+02
6.278747335659364808e+02
3.677356199466116209e+02
1.553617365215004327e+02
3.370005427466898595e+01
2.302134301145884976e+01
1.162058739677240311e+02
2.801285904121061776e+02
4.630272629694628677e+02
6.063844231145992580e+02
6.587363950895526159e+02
5.882269179624255457e+02
3.908482970335391542e+02
9.220213569164947387e+01
-2.578894467954515335e+02
-5.968198320187788113e+02
-8.639840769553554765e+02
-1.015244274396581091e+03
-1.033358992888021930e+03
-9.316164783553051620e+02
-7.496533951079144344e+02
-5.425195294499120564e+02
-3.658925263363792055e+02
-2.614263271154206336e+02
-2.462054551785478793e+02
-3.091547807812160613e+02
-4.153236503086275206e+02
-5.167672784353968609e+02
-5.669129911181199759e+02
-4.559160103554129932e+02
-2.649434035977630515e+02
-3.382904531588489139e+00
2.761364939082148453e+02
5.127106120431227509e+02
6.534517439107752352e+02
6.679251598832856871e+02
5.568670824622035980e+02
3.528928969373441191e+02
1.130380241652886468e+02
-9.492092476409848700e+01
-2.088889222811278330e+02
-1.875538179381825614e+02
-2.054290346119938349e+01
2.686899040766166422e+02
6.277880872724616665e+02
9.869569022505447720e+02
1.274271030445214137e+03
1.431374358451081889e+03
1.426147939314645100e+03
1.259666243603567636e+03
9.660241846786375390e+02
6.051225273374431026e+02
2.499516915739492902e+02
-2.895484556424824873e+01
-1.786232900752039257e+02
-1.750691009509060905e+02
-2.853025656836384627e+01
2.187574542863599447e+02
5.019120005861556137e+02
7.479463039092246390e+02
8.923018900355888263e+02
8.935874134173976699e+02
7.430133139548742065e+02
4.661657730068959609e+02
1.165657830890267945e+02
-2.375051559826521270e+02
-5.296820769022314153e+02
-7.114880472711612356e+02
-7.634932304759211092e+02
-6.987607197841497282e+02
-5.577042251500738530e+02
-3.957952206936744801e+02
-2.675173832307176554e+02
-2.110120752323233262e+02
-2.376741726057774429e+02
-3.295742846851204604e+02
-4.453807328278042519e+02
-5.330548309483326648e+02
-5.456810577198193641e+02
-3.389466063132825298e+02
-1.012160797563777379e+02
2.088351829180706147e+02
5.291111176303631964e+02
7.909260820617384979e+02
9.369457207476392568e+02
9.365324197436336817e+02
7.944238134071506465e+02
5.504663316827014796e+02
2.704714788077821481e+02
3.052220473537435552e+01
-1.013496129633296334e+02
-8.163676615501061917e+01
9.793541972313647648e+01
4.079091376710514965e+02
7.872659324417221569e+02
1.156745279069582693e+03
1.436234739760181128e+03
1.562353336170615648e+03
1.502411762066822803e+03
1.261790284827269261e+03
8.832093735874874483e+02
4.380719708684012517e+02
1.169524711248513782e+01
-3.144847009414734202e+02
-4.799984959893054111e+02
-4.580778457682568501e+02
-2.612477478487988378e+02
6.154307357625711461e+01
4.357528723006952873e+02
7.777423160499110963e+02
1.013275443234330851e+03
1.093789151233197117e+03
1.006600139505980223e+03
7.765792737437360529e+02
4.588610603802462151e+02
1.243878073848760408e+02
-1.580605915342099195e+02
-3.387432981915616210e+02
-3.983720657699929006e+02
-3.511111431326829120e+02
-2.384643560692487085e+02
-1.158334307719320719e+02
-3.555651629052895402e+01
-3.122051591155963735e+01
-1.076867434098730598e+02
-2.396578981256795373e+02
-3.791917915400301240e+02
-4.700203205824305996e+02
-4.645887936917816319e+02
-2.209764210093692895e+02
3.876737705017362146e+01
3.733147635680005578e+02
7.130651903996646297e+02
9.831748901081670056e+02
1.122759704855124255e+03
1.100872321496170343e+03
9.250678751498464862e+02
6.403413427324412623e+02
3.187155350689573083e+02
4.210935444054855026e+01
-1.172724298506220748e+02
-1.142814889039076576e+02
5.818209173357124087e+01
3.670077769212201133e+02
7.459174916467710545e+02
1.109997964169955594e+03
1.374395522183801631e+03
1.473029914010160155e+03
1.373281073701279865e+03
1.083537864758715386e+03
6.520401871445193365e+02
1.572701587090436135e+02
-3.081025755125594969e+02
-6.563738995123019322e+02
-8.230325550825865548e+02
-7.801733742807344925e+02
-5.421596071951987597e+02
-1.622099870072724173e+02
2.794450828681370353e+02
6.932809128681986977e+02
1.000097366007557980e+03
1.148020541955440649e+03
1.122884657338039688e+03
9.495133536901058733e+02
6.836242148744859151e+02
3.964358671639703289e+02
1.559504004960346322e+02
9.785636076174409226e+00
-2.594563340103382032e+01
3.118556143148209614e+01
1.371583910488280083e+02
2.360272077120353629e+02
2.775797960871413466e+02
2.330803040525550500e+02
1.045755299038705743e+02
-7.494201126257806322e+01
-2.506237149878562036e+02
-3.615744071701201960e+02
-3.589168248098460481e+02
-1.418092801529032556e+02
1.171914559232567967e+02
4.540569689073766995e+02
7.937625111145455321e+02
1.057036372450731278e+03
1.180454230187353687e+03
1.132781927533072803e+03
9.233528344923897748e+02
6.003709711841250964e+02
2.396195218718273736e+02
-7.356232873190698740e+01
-2.645874690846547423e+02
-2.873338910872948873e+02
-1.351383874173876904e+02
1.573638974356618974e+02
5.218209698767634563e+02
8.713117312130460732e+02
1.119594219832317776e+03
1.200198022769117188e+03
1.081244340721065328e+03
7.728630864738909167e+02
3.256708464464831536e+02
-1.793551269474482979e+02
-6.474874094796260806e+02
-9.898662050946876434e+02
-1.141982055729304875e+03
-1.077057832250620095e+03
-8.113826286722321584e+02
-4.003421902161351227e+02
7.406847649770622866e+01
5.215094399120470143e+02
8.631871558497867909e+02
1.048736184359995832e+03
1.066074654106402022e+03
9.418608664244832198e+02
7.324879554535147008e+02
5.079622873759377626e+02
3.328836623484174879e+02
2.495505426686391672e+02
2.676858310318939971e+02
3.635131064990148388e+02
4.883600782791320967e+02
5.843191181593074361e+02
6.024996399874860344e+02
5.186444936936973136e+02
3.415921293646118215e+02
1.120670718676408342e+02
-1.079840882397477344e+02
-2.526011015640849280e+02
-2.707703418792972911e+02
-1.339252494259762045e+02
1.076497995060019974e+02
4.305804015241929505e+02
7.563842997736372809e+02
1.003037728268008095e+03
1.105624025196189677e+03
1.032788933889161171e+03
7.948380156198066970e+02
4.415202344977658413e+02
5.017618879211985927e+01
-2.927056308828681495e+02
-5.119669084798361496e+02
-5.613948932515091883e+02
-4.344210361993698370e+02
-1.655940388179390936e+02
1.773016130195292703e+02
5.085184142152233449e+02
7.434932219093078629e+02
8.176281818537664776e+02
7.006608219402037321e+02
4.036002335240920615e+02
-2.318990011068078516e+01
-5.003240361609322235e+02
-9.359548044350792679e+02
-1.245059547340294557e+03
-1.367338970373072470e+03
-1.279842473146658222e+03
-1.001499028464888056e+03
-5.884555779422431669e+02
-1.211718820188457784e+02
3.138519919400196727e+02
6.434953490950967989e+02
8.239727824424412574e+02
8.494445207140477123e+02
7.511397943625888729e+02
5.872160548949278791e+02
4.259763015104273904e+02
3.268580555890820278e+02
3.242720047681851270e+02
4.186715966350083136e+02
5.773149724420229632e+02
7.445311528609919378e+02
8.586472183948958445e+02
8.708248932709796009e+02
7.604543945188335101e+02
5.426584707487078276e+02
2.656368417438450251e+02
-1.574226518824644927e+00
-1.876452052181175532e+02
-2.387175452561100997e+02
-2.140970869249266002e+02
2.111238048568274017e+00
3.035195712715388936e+02
6.097956300143034696e+02
8.375951669551759551e+02
9.214824091275236242e+02
8.302673592665356637e+02
5.747089196755948706e+02
2.048243094611898698e+02
-2.023085122208642588e+02
-5.610618779725360810e+02
-7.974803632411324088e+02
-8.663884447811776681e+02
-7.614927180370385713e+02
-5.163715657652679738e+02
-1.964020554749415908e+02
1.163097290530985362e+02
3.414803637217843288e+02
4.185489219300149557e+02
3.200661260826776129e+02
5.776928142277115796e+01
-3.198721892123186308e+02
-7.380579737356380292e+02
-1.111759244254969190e+03
-1.364064057050704605e+03
-1.442788296756580394e+03
-1.331677318349774168e+03
-1.053629007096131090e+03
-6.650926121093654046e+02
-2.428004109404446922e+02
1.341707693107547925e+02
4.027878618567883677e+02
5.304244687759239696e+02
5.215772949713316393e+02
4.151405779172190478e+02
2.728272049275884683e+02
1.616658265929188474e+02
1.351613848844231143e+02
2.181877851727071231e+02
3.997920532280900829e+02
6.360145366232623019e+02
8.621043049118296722e+02
1.010879636253563376e+03
1.032199472833605569e+03
9.081036671447224080e+02
6.592958788245102824e+02
3.409943141809115446e+02
2.911184413754407885e+01
-1.995780768743532008e+02
-2.879422822431774875e+02
-3.783319284999873275e+02
-1.859073207985458112e+02
9.588137688566564520e+01
3.858814613727070650e+02
6.004325701722627855e+02
6.743561837592980055e+02
5.769827303937726128e+02
3.193264994511479244e+02
-4.911453132327964255e+01
-4.528171951707233234e+02
-8.086100346087260959e+02
-1.045352083971852380e+03
-1.120213526189438426e+03
-1.027895845792833143e+03
-8.009507990157449058e+02
-5.014759549758989579e+02
-2.063778715048685513e+02
1.029711052228721080e+01
9.398461926649459031e+01
2.157695516920671253e+01
-1.937463347893042567e+02
-5.057606459432704469e+02
-8.457231576725141622e+02
-1.137857727406923004e+03
-1.316402003757602188e+03
-1.340437125586343882e+03
-1.203126691946710707e+03
-9.331501584167883721e+02
-5.878300963869372708e+02
-2.393814974818352255e+02
4.257912074750292675e+01
2.080714191849393728e+02
2.390634326191227217e+02
1.537895972868100785e+02
1.720325848967908522e+00
-1.497840787969795713e+02
-2.338534563382510214e+02
-2.027551441071433942e+02
-4.178109434031341607e+01
2.255450323281264957e+02
5.426217994982507662e+02
8.341726650318204292e+02
1.026202950500966608e+03
1.066184273068444554e+03
9.379492725157514315e+02
6.671228976999425413e+02
3.154458003407207798e+02
-3.463483914555158094e+01
-3.010661112964160111e+02
-4.233781161606559635e+02
-6.015839748616947418e+02
-4.229830043267061228e+02
-1.506166893704799179e+02
1.338417410966784473e+02
3.468548284739292171e+02
4.239803451323562058e+02
3.354539399356951321e+02
9.269370068843612387e+01
-2.555256420352257010e+02
-6.358490133306197549e+02
-9.685576017312844215e+02
-1.186587588764593193e+03
-1.250788706133300821e+03
-1.158021480774410975e+03
-9.405663256728133774e+02
-6.574033634545763789e+02
-3.797261101159602958e+02
-1.742039995854406698e+02
-8.782270430266804340e+01
-1.376158531520144095e+02
-3.074255381914914551e+02
-5.522639868355864792e+02
-8.092114181504257431e+02
-1.012385675854004717e+03
-1.108621635290078984e+03
-1.070286273470776450e+03
-9.022009157809601447e+02
-6.408802072518042223e+02
-3.460134969038821851e+02
-8.596210492916077328e+01
7.939840373424001996e+01
1.143081083429630240e+02
1.717568764291191030e+01
-1.778111360197214026e+02
-4.083628494380175198e+02
-5.995076201025415230e+02
-6.830650215839150405e+02
-6.161997928461573792e+02
-3.940699360281720374e+02
-5.293492873259784659e+01
3.374916224959345072e+02
6.907959385026675818e+02
9.255488484529169000e+02
9.862810354573043696e+02
8.581547230012341743e+02
5.713248487238124653e+02
1.936994889003727849e+02
-1.860865751726788346e+02
-4.810418563619202246e+02
-6.276659926558825191e+02
-8.426058488361084073e+02
-6.621972054750613097e+02
-3.836202155364123314e+02
-8.955307017264826186e+01
1.364004556519989251e+02
2.306627661308934876e+02
1.647633275339438228e+02
-4.896051596315106025e+01
-3.620003964516636756e+02
-7.029674956617873249e+02
-9.958068887140806282e+02
-1.178229554787348206e+03
-1.215906808722540745e+03
-1.109281871302436230e+03
-8.918096979103107742e+02
-6.205157381712100459e+02
-3.614759023162325775e+02
-1.738160359375661699e+02
-9.596182840900030442e+01
-1.371901621038519750e+02
-2.762461205668177513e+02
-4.671927818407052655e+02
-6.510776539141724015e+02
-7.707306781393683650e+02
-7.852933442948423135e+02
-6.810653774681935602e+02
-4.759778726395601893e+02
-2.163578948453895805e+02
3.360203030726029994e+01
2.074739514406163892e+02
2.537294057333881199e+02
1.501518542081913949e+02
-8.832439658304102181e+01
-4.108034947100898648e+02
-7.409458668074594243e+02
-9.947036729671035573e+02
-1.101123909685906938e+03
-1.020991629461005687e+03
-7.583429625023809422e+02
-3.614955014766429713e+02
8.713778574251603004e+01
4.902357452119982213e+02
7.590665831960169498e+02
8.353136403012894107e+02
7.055424656362962423e+02
4.044682306779343435e+02
6.100841351898453446e+00
-3.949568906715199432e+02
-7.071868273597440293e+02
-8.646602629127989985e+02
-1.053055339263193446e+03
-8.531162977177780249e+02
-5.510591695076906262e+02
-2.317786724469448529e+02
2.026634535809418480e+01
1.421470461523897768e+02
1.070769193724520960e+02
-7.079686036433008667e+01
-3.420755921279679796e+02
-6.362327389677089968e+02
-8.801595045930024526e+02
-1.016277500044414637e+03
-1.015798123328296697e+03
-8.841945673934205843e+02
-6.580317733748543105e+02
-3.944178446793887929e+02
-1.559970834650679592e+02
4.734278919529418594e+00
5.805949229934670086e+01
3.759535877433190620e+00
-1.295016946740481956e+02
-2.918653737512792077e+02
-4.252036927866689666e+02
-4.782793912839694030e+02
-4.205930796926593871e+02
-2.515741954588602027e+02
-2.705909676415802601e+00
2.683054916716637877e+02
4.903799211331280503e+02
5.962431274980475564e+02
5.399885767332480100e+02
3.106647372952382398e+02
-6.182945705815256332e+01
-5.106169722925396286e+02
-9.452353324035811966e+02
-1.271840343239658523e+03
-1.415557250886947941e+03
-1.339442241454691612e+03
-1.055051842998272377e+03
-6.215204668957172771e+02
-1.328875133460525717e+02
3.035299733658647483e+02
5.924850918538338647e+02
6.735125897663747310e+02
5.351969472940608057e+02
2.173083237963772376e+02
-1.997447030638408876e+02
-6.153878065173852292e+02
-9.339474532279233472e+02
-1.087845053265303250e+03
-1.188852774610280676e+03
-9.531907331421156186e+02
-6.125760137849217699e+02
-2.558936487311439407e+02
3.027310437212752348e+01
1.831478378079081608e+02
1.780322467627111109e+02
3.212724343086689061e+01
-2.024499172239642917e+02
-4.540316833283235383e+02
-6.507576396957343832e+02
-7.388125315812631015e+02
-6.950517426629260171e+02
-5.312098359398852381e+02
-2.891378885720741323e+02
-2.873084637915642148e+01
1.881365587954196315e+02
3.135820974957832163e+02
3.257354998527082444e+02
2.340217612965881813e+02
7.656317902351840132e+01
-8.962235423182619343e+01
-2.033198317046678483e+02
-2.152863895527492559e+02
-1.020716891978056537e+02
1.259115069032363152e+02
4.242917743886416702e+02
7.231112718306878833e+02
9.421990092440350963e+02
1.010307437309019861e+03
8.836200772607644467e+02
5.590406869553390834e+02
7.858734290325980965e+01
-4.768710938336559479e+02
-1.003767976687230316e+03
-1.398562276803879968e+03
-1.581812675837701363e+03
-1.517695957935993874e+03
-1.223873947167838651e+03
-7.688135388554778729e+02
-2.567505919567176988e+02
1.963260339322336563e+02
4.898713258460551287e+02
5.623958694593200107e+02
4.055295858067032668e+02
6.497645446197549290e+01
-3.718240800298058844e+02
-7.980708094065098521e+02
-1.114180620095192353e+03
-1.251744186131894594e+03
-1.221091299568127170e+03
-9.379230290045493348e+02
-5.488436012453660169e+02
-1.488137481512627858e+02
1.718997628043998986e+02
3.500007432501350308e+02
3.633070744803385423e+02
2.335982882178330726e+02
1.808744174733619303e+01
-2.076418333041458197e+02
-3.703843183757784914e+02
-4.182591742548952425e+02
-3.331543294556202000e+02
-1.338829363298668795e+02
1.302646033650374875e+02
3.935104056217210768e+02
5.913317905845349287e+02
6.774457421047183061e+02
6.358912119842133279e+02
4.853587094134484232e+02
2.747927830865154419e+02
7.132161721074753302e+01
-5.667713050325920676e+01
-5.743290685800640460e+01
8.966736864808837026e+01
3.664391927349652178e+02
7.173377673659856555e+02
1.060150214854104888e+03
1.303968664944451575e+03
1.370620894190737772e+03
1.214639076565334335e+03
8.368358821499532496e+02
2.877421387041221124e+02
-3.406316946188181873e+02
-9.334735961866290381e+02
-1.378368190135748364e+03
-1.591209883966756934e+03
-1.536498684117883613e+03
-1.236762337573649347e+03
-7.683526923716317469e+02
-2.442154597872155648e+02
2.124234747689071128e+02
4.970774304334473186e+02
5.485151859454502983e+02
3.626147551133098546e+02
-7.911907910600335825e+00
-4.677544938530650143e+02
-9.034290435108956672e+02
-1.211527855608647087e+03
-1.323546946191414463e+03
-1.143752128048028680e+03
-8.072845610848892193e+02
-3.664971349245452075e+02
7.547765137965056681e+01
4.230723786836830413e+02
6.117432165112693383e+02
6.222636493033936631e+02
4.826588534756373292e+02
2.579322784344856245e+02
3.086103550279085184e+01
-1.207581162298326802e+02
-1.444219519683524879e+02
-2.574560286483497862e+01
2.091003577868530101e+02
5.015060319651831264e+02
7.766474630645200250e+02
9.635079579552141240e+02
1.013638883502314798e+03
9.140773356342828038e+02
6.913432678718877469e+02
4.055841943511710497e+02
1.362292666810513708e+02
-3.753212160014494714e+01
-5.691639591597499503e+01
1.004073975781931125e+02
4.123471442072105901e+02
8.147440316840642254e+02
1.214022459082104206e+03
1.507701031879882976e+03
1.608343385799487123e+03
1.465436308592371006e+03
1.079821640335283973e+03
5.067536700947075587e+02
-1.538322093343487040e+02
-7.782046449755595177e+02
-1.246384073676512799e+03
-1.469948626745229603e+03
-1.413292544324759774e+03
-1.102853900120546314e+03
-6.216356855987667132e+02
-8.997598461777248247e+01
3.629482711135995032e+02
6.299232094424713750e+02
6.511248675299614206e+02
4.277729092980887913e+02
2.059883629023607909e+01
-4.663728168295044725e+02
-9.124428114383189268e+02
-1.210324156829616186e+03
-1.291979215680356674e+03
-9.761310032374209413e+02
-5.866375115787459436e+02
-9.733220466799660642e+01
3.786830548289738658e+02
7.391012331038007233e+02
9.174567497824234579e+02
8.978805404411260724e+02
7.162443977594840590e+02
4.480190250947752588e+02
1.865533088481237485e+02
1.774528047833094035e+01
-2.295956061832937767e+00
1.389369393512867816e+02
4.082108432511345200e+02
7.362048052350634180e+02
1.036171963887954917e+03
1.226745340773897397e+03
1.253190420601732285e+03
1.101941409467419362e+03
8.049593814114525685e+02
4.328841589255037547e+02
7.855896061967536070e+01
-1.652747046889346905e+02
-2.289456852262871109e+02
-8.408279352434387022e+01
2.473416118762216058e+02
6.956284909633460529e+02
1.157501142083354353e+03
1.518964988866755675e+03
1.681871718747075874e+03
1.588040325234034071e+03
1.235035371426570464e+03
6.793870570668563005e+02
2.585934254070923544e+01
-5.952815906374216866e+02
-1.057980450407732178e+03
-1.270087444658642880e+03
-1.195721779001868526e+03
-8.645350443917315033e+02
-3.652068715831465511e+02
1.755743785552133431e+02
6.236574040785799298e+02
8.699644159929580383e+02
8.568451621448202786e+02
5.915717626822165585e+02
1.435711325965688729e+02
-3.738110483128749593e+02
-8.322215368057735532e+02
-1.120368948885471809e+03
-1.171016806591722798e+03
-7.591174165786820822e+02
-3.216896322875734882e+02
2.082549413532333347e+02
7.064223359017613575e+02
1.062711835219032537e+03
1.208193928938463841e+03
1.130632886079028140e+03
8.750200554263402637e+02
5.295450781636686770e+02
2.011148108592525432e+02
-1.299591766659123060e+01
-5.007614015792415785e+01
1.026423317632484782e+02
4.056835729601810385e+02
7.782810116714946389e+02
1.119529531047427099e+03
1.334321530771205971e+03
1.357669230387461539e+03
1.171558799848348144e+03
8.103528028481742922e+02
3.534825553842750878e+02
-9.287532389752928452e+01
-4.209075832452861050e+02
-5.472444440658724716e+02
-4.339012497463063482e+02
-9.903620643631464304e+01
3.852986899756471075e+02
9.083049444044099801e+02
1.345355548502883266e+03
1.587128885627713089e+03
1.566163122506538684e+03
1.274348690754020708e+03
7.667708498529083272e+02
1.504339993001053983e+02
-4.399475296443795287e+02
-8.736055713566992154e+02
-1.055247543826440733e+03
-9.486240767425751983e+02
-5.860337152115042727e+02
-6.104156864222484558e+01
4.941030282512480198e+02
9.409070914591048904e+02
1.168845258018995082e+03
1.122669187538272581e+03
8.158265179198036776e+02
3.265477810203057061e+02
-2.223554137595684494e+02
-6.947111161087641449e+02
-9.751255278278729293e+02
-9.972606810025893083e+02
-5.459944705905497813e+02
-6.847618581565906482e+01
4.922023246289370491e+02
1.000117567049377158e+03
1.336858278964323745e+03
1.430658825321499762e+03
1.272951235381763354e+03
9.185104178862042090e+02
4.696461371730704286e+02
4.890008940973061158e+01
-2.325681248211318461e+02
-3.029012625314892944e+02
-1.469593204732760796e+02
1.907717556736178892e+02
6.181170277716839792e+02
1.018744269851407921e+03
1.281363259112745482e+03
1.327478871531411414e+03
1.131087259362646591e+03
7.257094312144456580e+02
1.971597048095771356e+02
-3.362442608548806220e+02
-7.514364831362487394e+02
-9.498855205158314448e+02
-8.815625693609999871e+02
-5.578829770771103540e+02
-5.035481534693884953e+01
5.250785046449527727e+02
1.034656340924563210e+03
1.358334736028525413e+03
1.418810860540064141e+03
1.200949461671315476e+03
7.565926121960521868e+02
1.931305747445047984e+02
-3.518321356121433041e+02
-7.438297042860375541e+02
-8.848014611232709967e+02
-7.379201817277362352e+02
-3.375197538145370117e+02
2.187124259377018234e+02
7.936291653690261683e+02
1.244769428679492421e+03
1.460159619955746621e+03
1.386609616788292215e+03
1.043181885378496418e+03
5.163068523448902170e+02
-6.222099771144220171e+01
-5.486719640444071047e+02
-8.235795759240683083e+02
-8.213847682701288022e+02
-3.898553648152955589e+02
1.193502738634334719e+02
7.015837533380066589e+02
1.209763851426918791e+03
1.517275176412629435e+03
1.549316300254704174e+03
1.300663653350948834e+03
8.356804154286435278e+02
2.709739076440833401e+02
-2.545697703521308028e+02
-6.146484206334148439e+02
-7.266009941096282319e+02
-5.711496359983988214e+02
-1.962886708532213902e+02
2.952664272094194757e+02
7.717130509006661896e+02
1.104509322299400992e+03
1.199641317810514693e+03
1.020434379183916576e+03
5.966306316642272805e+02
1.770551619928353659e+01
-5.879507286415773706e+02
-1.083116228057740273e+03
-1.354084991415503509e+03
-1.337726328101395893e+03
-1.036859496579410461e+03
-5.201787075115422567e+02
9.348565590666767378e+01
6.630936882668930821e+02
1.059051835460307530e+03
1.194592935926442578e+03
1.047199428846012552e+03
6.645952491529651525e+02
1.534726299531464235e+02
-3.466398537954348740e+02
-6.981617415895204886e+02
-8.003220850837213902e+02
-6.152601551282537002e+02
-1.785334377162501767e+02
4.089579977100196970e+02
1.005887613282608299e+03
1.466111537243811654e+03
1.675929292213145573e+03
1.583382598384273479e+03
1.211933400650960948e+03
6.548668036261689167e+02
5.177549631509369021e+01
-4.468324680933186528e+02
-7.176567583020236043e+02
-6.956223202863708366e+02
-3.306763072130439696e+02
2.028874759530848166e+02
8.002354558831082159e+02
1.304540520114648416e+03
1.581734454824602381e+03
1.553935999483297337e+03
1.218502367764412156e+03
6.481652744118963483e+02
-2.746562918722827007e+01
-6.541324481938908093e+02
-1.090728131541703078e+03
-1.243345441214659559e+03
-1.087407007635013315e+03
-6.727897188153792740e+02
-1.110498929886726529e+02
4.518791735181307558e+02
8.708079822654691498e+02
1.035842942990354913e+03
8.982845162866756255e+02
4.819303782448760103e+02
-1.227058676194633620e+02
-7.797903720295380481e+02
-1.340127029695492183e+03
-1.676208748215940659e+03
-1.712172386318617100e+03
-1.441611382707842722e+03
-9.289738420896723028e+02
-2.940802797295717710e+02
3.167127328131183504e+02
7.659222015870042242e+02
9.584183645894710253e+02
8.647534673933636213e+02
5.284206403950360027e+02
5.496482213590547872e+01
-4.146441549523136132e+02
-7.399366411613787022e+02
-8.172041758847195752e+02
-6.068305757579508963e+02
-1.445079535396153858e+02
4.668398765417065306e+02
1.082659652063231988e+03
1.553527712083880942e+03
1.763669788688593599e+03
1.661238180382759310e+03
1.272368556406343259e+03
6.952016147851833239e+02
7.527129995426126641e+01
-4.314527353550777207e+02
-6.983322477790605944e+02
-6.603601109551549371e+02
-3.852713146967632269e+02
1.669776507402656023e+02
7.763968165179624066e+02
1.278709236470446058e+03
1.533759729002430731e+03
1.460684596322318612e+03
1.058203773224128327e+03
4.051409783680937267e+02
-3.587249949413326817e+02
-1.066524164974012137e+03
-1.564418144119619456e+03
-1.748186025653468505e+03
-1.587548199316716591e+03
-1.132634281335793503e+03
-5.013676839931288782e+02
1.489357805567703394e+02
6.588345252046105998e+02
9.040523832176746737e+02
8.241167732266836765e+02
4.358107316940610758e+02
-1.715030309546962712e+02
-8.574235406056029660e+02
-1.463784701460609085e+03
-1.851847134251300304e+03
-1.934702798598627396e+03
-1.697286960582411211e+03
-1.199257274025790821e+03
-5.600038077399723306e+02
7.070410861374256228e+01
5.494356453795393236e+02
7.742913221591652473e+02
7.099017852185068023e+02
3.959176090568212203e+02
-6.333832710922141729e+01
-5.257006193952300919e+02
-8.478953258355810476e+02
-9.229350341650435894e+02
-7.085682160540122823e+02
-2.392886072851197525e+02
3.814723123533936473e+02
1.007246804464095703e+03
1.486042013270009193e+03
1.699826067384428143e+03
1.595690067935307525e+03
1.200434468359426774e+03
6.145860321463019318e+02
-1.278811374803336420e+01
-5.220591705140883505e+02
-7.840170818638305263e+02
-7.332478603682712901e+02
-5.427034309767362856e+02
2.358849307403261264e+01
6.445171841908552324e+02
1.151409487584908902e+03
1.399939448831573827e+03
1.306509143609006742e+03
8.696072087645063675e+02
1.709448712761253546e+02
-6.437506569129941454e+02
-1.399404505258009749e+03
-1.933156547437375821e+03
-2.132739499603804234e+03
-1.962553273272428669e+03
-1.471429031441419284e+03
-7.805279034667084943e+02
-5.451601173231021846e+01
5.370016707373597455e+02
8.586775351403631475e+02
8.401533897788757486e+02
4.913328691694713939e+02
-1.011434068718388772e+02
-7.951916174983539349e+02
-1.427233305464548039e+03
-1.850792301853600748e+03
-1.970682197452941409e+03
-1.764759848809586401e+03
-1.288121796991811152e+03
-6.587493009247396003e+02
-2.802690437606515417e+01
4.567650424564159266e+02
6.888487695619809301e+02
6.282501987040876656e+02
3.113771551308426524e+02
-1.586840358746527784e+02
-6.389018960161464520e+02
-9.834500999182877194e+02
-1.081879450505962041e+03
-8.884819092905017897e+02
-4.351172397500411080e+02
1.760662753557093367e+02
7.984006041186830771e+02
1.278473842785020679e+03
1.496181047366923167e+03
1.396581454461341764e+03
1.005112059174725346e+03
4.219854626150626586e+02
-2.029744153064766010e+02
-7.086653699942926323e+02
-9.643295274577552618e+02
-9.036845586354908164e+02
-7.663874941707479138e+02
-1.912688073298909899e+02
4.408416916623938278e+02
9.605089289149563001e+02
1.221622291912904302e+03
1.138293970092673817e+03
7.069885272566575622e+02
8.462296908377883398e+00
-8.108557035613728203e+02
-1.573363226889606949e+03
-2.112191721632224926e+03
-2.310395236292424215e+03
-2.128119137898008375e+03
-1.611469524253029931e+03
-8.812387608042814691e+02
-1.044016745512653301e+02
5.447367136401546759e+02
9.245781837465124227e+02
9.581653093474674279e+02
6.497339068776213935e+02
8.224784492640279154e+01
-6.032933938028306784e+02
-1.241780282544589909e+03
-1.683123452105406159e+03
-1.827379629130562307e+03
-1.647613144402675516e+03
-1.195111456730735654e+03
-5.857411871941866366e+02
2.926352214606360747e+01
5.010047611074235760e+02
7.199029120194211373e+02
6.428135494252309172e+02
3.034616363569323880e+02
-1.965515495385280360e+02
-7.140603614541158777e+02
-1.101428805297648069e+03
-1.245030411418578069e+03
-1.095210455794032214e+03
-6.798707068240037188e+02
-9.794708385053786515e+01
5.057636426337153921e+02
9.780727819831178067e+02
1.197498028754556799e+03
1.106510108079591419e+03
7.273856892202792324e+02
1.573403599249252238e+02
-4.559863771881238677e+02
-9.524648844553790923e+02
-1.201051042663160842e+03
-1.134231697446545923e+03
-1.002433276104989318e+03
-4.263033445560590735e+02
2.139670131084964453e+02
7.521893811762776068e+02
1.043239924383366542e+03
9.996613763750857515e+02
6.141617760625480287e+02
-3.751827256012149547e+01
-8.139910713760048111e+02
-1.541509742018386987e+03
-2.054998399025937033e+03
-2.236913712915869837e+03
-2.044699105913607355e+03
-1.520454744090778831e+03
-7.807537098009737520e+02
1.076783906751033015e+01
6.814364552437264138e+02
1.089206476795361596e+03
1.154739119630348796e+03
8.785491754851029782e+02
3.394124396500519651e+02
-3.253994111980912294e+02
-9.532813614362052022e+02
-1.394990518038184064e+03
-1.549742387449744683e+03
-1.388427984873662353e+03
-9.594659853802551197e+02
-3.759159788810671330e+02
2.130352757521451110e+02
6.593007421192547781e+02
8.527304107134887090e+02
7.484535151284966332e+02
3.778637725303665889e+02
-1.596175308676853604e+02
-7.220674511836948568e+02
-1.161534223644718395e+03
-1.362231616631548604e+03
-1.270655057668744348e+03
-9.097639749143677363e+02
-3.733938892545131694e+02
1.978480080626863469e+02
6.531037397626984102e+02
8.707820274911194929e+02
7.907628549726123310e+02
4.307916018969705760e+02
-1.173676351235579460e+02
-7.111828604196870174e+02
-1.194090958369640475e+03
-1.436250237148404267e+03
-1.368755709081423447e+03
-1.192189170723945608e+03
-6.271714516680482348e+02
1.282912659429260849e+01
5.690354299545435879e+02
9.003818271704554945e+02
9.189362749151155185e+02
6.122801146499389233e+02
4.734745702718088722e+01
-6.451345205773437783e+02
-1.301693932157981862e+03
-1.765019142262010973e+03
-1.921294100842763783e+03
-1.727051534003911911e+03
-1.219264860799691860e+03
-5.064676200755270088e+02
2.568056841366146159e+02
9.060844668623076359e+02
1.304990213689444545e+03
1.376336422821458655e+03
1.119120325136422935e+03
6.075739989317470418e+02
-2.735655608091195745e+01
-6.296452503755452881e+02
-1.055426193354240922e+03
-1.207028796718969488e+03
-1.055743180692102897e+03
-6.478979700532902370e+02
-9.278640534642130433e+01
4.646722420421139077e+02
8.799294131471123137e+02
1.044677809009350767e+03
9.137438220358656054e+02
5.162650275665522486e+02
-5.175184026241709034e+01
-6.517604354754852238e+02
-1.137868774401312976e+03
-1.394031393157529237e+03
-1.363745365689363098e+03
-1.064559780932780768e+03
-5.835322046590108584e+02
-5.465527114931359165e+01
3.760280705518304103e+02
5.886381756674354619e+02
5.210678121373670137e+02
1.856966305388434932e+02
-3.332477417192716302e+02
-9.011145162525290289e+02
-1.367570959084793685e+03
-1.605704224984138364e+03
-1.545374720860989328e+03
-1.285880545133925125e+03
-7.490913897884383914e+02
-1.247971262453143311e+02
4.397397807983116422e+02
8.107920902717098670e+02
9.015093583084342299e+02
6.936282016597392612e+02
2.422340223494278746e+02
-3.374870930452500488e+02
-8.981275190785598852e+02
-1.295662920875201280e+03
-1.424100973396459949e+03
-1.240848341519693122e+03
-7.768152364664156266e+02
-1.289987530939562532e+02
5.625295383664140445e+02
1.147651055668559820e+03
1.501373734311413045e+03
1.552862145569171616e+03
1.301546029788796886e+03
8.165984880026940118e+02
2.199841083588005120e+02
-3.428740675963917397e+02
-7.378544877357093128e+02
-8.740795108825717534e+02
-7.254315679978767548e+02
-3.364701810743990222e+02
1.887311914055880493e+02
7.122124537542689495e+02
1.096070562791622251e+03
1.236471156114209180e+03
1.089358266624919906e+03
6.814326671697543816e+02
1.035460097457318085e+02
-5.119800410133848345e+02
-1.024532792776878523e+03
-1.320577345758862521e+03
-1.342244509168652712e+03
-1.101793136508048065e+03
-6.781463415492748936e+02
-1.962805605303379366e+02
2.053149338578544985e+02
4.107566566690699119e+02
3.571232642300870452e+02
5.114929191964048982e+01
-4.321317394222936628e+02
-9.685082620964755051e+02
-1.416575813319962890e+03
-1.654345286286910095e+03
-1.611037395098783463e+03
-1.253979134770878090e+03
-7.667243795518762681e+02
-1.804108029707181515e+02
3.730479062331839373e+02
7.706437604698257928e+02
9.286678335673526590e+02
8.231636036996185339e+02
4.954594635303712948e+02
4.156845554427464151e+01
-4.117633886790856081e+02
-7.383503579514416515e+02
-8.434970535926574939e+02
-6.870669714479419099e+02
-2.931989068961956946e+02
2.555387053688939716e+02
8.380202150438052513e+02
1.323608515207605478e+03
1.603395323321802380e+03
1.616195731741889176e+03
1.363140219057585682e+03
9.074192698971178288e+02
3.592409943708979085e+02
-1.504490325144688541e+02
-5.012689118969771016e+02
-6.122815733566999370e+02
-4.615334070293388322e+02
-9.149197979105599643e+01
4.010469048882150105e+02
8.882862565113815663e+02
1.242452492904311157e+03
1.367023141579843923e+03
1.220499555434885451e+03
8.267871011579610467e+02
2.694758299352981226e+02
-3.287109070349686704e+02
-8.362954851912611502e+02
-1.145703322179661882e+03
-1.199975709683873674e+03
-1.006730014852038607e+03
-6.357416484100646130e+02
-2.006825718216283576e+02
1.703752441687687451e+02
3.681591039366993527e+02
3.305690391252139193e+02
5.890778168536848369e+01
-3.822331135307253476e+02
-8.814147879736781306e+02
-1.308888990425200518e+03
-1.549888995653183656e+03
-1.534129052212320403e+03
-1.093556129632463808e+03
-6.789719190777254880e+02
-1.575989694499985774e+02
3.573691909070574297e+02
7.569886181444886688e+02
9.632195172071859588e+02
9.475257094391814690e+02
7.369258411709851089e+02
4.061996789757582178e+02
5.839751165377404618e+01
-2.013624351596328381e+02
-2.922712699550447724e+02
-1.779164179639480494e+02
1.247527619443064282e+02
5.496496278756094398e+02
9.978286367711962157e+02
1.361799010262338697e+03
1.551966137358144579e+03
1.518820378034108899e+03
1.265526888293297361e+03
8.478566851739788035e+02
3.614026755475946402e+02
-8.095096470882018025e+01
-3.759932866783282748e+02
-4.551595382863068835e+02
-3.014826277012199398e+02
4.567054060589881459e+01
4.993990733526001122e+02
9.456777476422167865e+02
1.270597283617450785e+03
1.387901907747631412e+03
1.260095488178949381e+03
9.078456743893634666e+02
4.052146129607066314e+02
-1.382755536515419408e+02
-6.044307155360310162e+02
-8.954290457702201138e+02
-9.578648143920236180e+02
-7.957094116032013744e+02
-4.688527518121859998e+02
-7.752651781081526394e+01
2.634853071173108674e+02
4.543093568221773921e+02
4.356122211440300589e+02
2.038537086593022138e+02
-1.877217809394961705e+02
-6.425799562279509018e+02
-1.045388376458147604e+03
-1.291217353206322514e+03
-1.311999254373555459e+03
-8.281892867246914420e+02
-5.077088752826050495e+02
-7.909383011230396221e+01
3.659170361851428197e+02
7.355800246332036068e+02
9.603860192410585341e+02
1.009228659370400919e+03
8.956342678127303998e+02
6.727479260558862961e+02
4.185854322654677162e+02
2.154280911606544464e+02
1.285907172551014810e+02
1.898352774662051274e+02
3.894628090857332836e+02
6.789289800235616212e+02
9.832405031604396299e+02
1.220023214303593704e+03
1.320560761280917177e+03
1.247645668576928074e+03
1.005854678215580293e+03
6.416688574298866570e+02
2.332823826149347042e+02
-1.275803814126362283e+02
-3.575687048023117427e+02
-4.020956557813065615e+02
-2.492469704214709623e+02
6.629833178312169650e+01
4.705058143876869963e+02
8.668746342025089007e+02
1.159087750200426171e+03
1.274034485197024878e+03
1.179597734466939755e+03
8.927559417864753186e+02
4.758422226065608811e+02
2.169282122833597981e+01
-3.688044732647130672e+02
-6.112908894576264629e+02
-6.585539081445468810e+02
-5.119992163897767341e+02
-2.210384666036554506e+02
1.295210981269466686e+02
4.409593870920762697e+02
6.256040575091565188e+02
6.289724575824415069e+02
4.435074632832214547e+02
1.104632301143054889e+02
-2.904791081264962145e+02
-6.611664465542434073e+02
-9.093932790836721551e+02
-9.716014734453943902e+02
-5.016527106838822760e+02
-2.910587776689701514e+02
2.085196008530949996e+01
3.657444574747182742e+02
6.717969191570857674e+02
8.809934157795868259e+02
9.623344141712062765e+02
9.178427957524289695e+02
7.801312264321493330e+02
6.024269475537296330e+02
4.437883331323619132e+02
3.533543143941997755e+02
3.575998636969446807e+02
4.537298496152966436e+02
6.107633946575144819e+02
7.779407763205128958e+02
8.982898097931677057e+02
9.239398745887041287e+02
8.293535817176395994e+02
6.191465884164738327e+02
3.284624043749179805e+02
1.565797024145410887e+01
-2.510781790002592970e+02
-4.100465152441287273e+02
-4.213799537359733449e+02
-2.776284205439752668e+02
-6.851421772307414670e+00
3.327741584790421143e+02
6.657871975449041884e+02
9.168228635311124890e+02
1.028443123952227552e+03
9.750830480774044418e+02
7.696052795185331661e+02
4.606796065730328564e+02
1.214279155417405178e+02
-1.680460138137021602e+02
-3.400411215507245970e+02
-3.557948337628264994e+02
-2.150353034721938172e+02
4.389613375518690930e+01
3.534609381161341162e+02
6.335893894981683161e+02
8.114687875464148874e+02
8.395248189711003306e+02
7.071187446935256276e+02
4.430754716064586205e+02
1.084796930570421409e+02
-2.183723886636507245e+02
-4.610316013718783097e+02
-5.631822353297561676e+02
-1.671709095396429348e+02
-7.318959361568819588e+01
1.065049065762705425e+02
3.280300914937848802e+02
5.415679941938044522e+02
7.033479651132818162e+02
7.854582965952821496e+02
7.812001666285173087e+02
7.049003241957703949e+02
5.865149713475685758e+02
4.626287682438633624e+02
3.662759945787548759e+02
3.182060825382499161e+02
3.217630791672216333e+02
3.625829244927323316e+02
4.130829271333436168e+02
4.405246159823676066e+02
4.165549756970145836e+02
3.257715524342818867e+02
1.710914957694699865e+02
-2.552509339177546011e+01
-2.273204522629753228e+02
-3.910537452945438304e+02
-4.774536407916904182e+02
-4.612843762955602642e+02
-3.385008218167692462e+02
-1.285826769759108288e+02
1.287559352016329797e+02
3.819344731500322041e+02
5.791283681036400139e+02
6.804392697668780556e+02
6.676549036746563388e+02
5.491140711639329766e+02
3.583072674282661296e+02
1.463473715883837372e+02
-3.002687320518043990e+01
-1.220878132856142457e+02
-1.010810192935710745e+02
3.446725934003617908e+01
2.579791511421467476e+02
5.208744033123015242e+02
7.640257251945268990e+02
9.318443248236504814e+02
9.855488295888350194e+02
9.123691234641484016e+02
7.284561867577020848e+02
4.748468224886032090e+02
2.075601243328479200e+02
-1.566341363253560104e+01
-1.486912014323318942e+02
1.249394591503902916e+02
1.065960764924085282e+02
1.503052380035369424e+02
2.367150591104904152e+02
3.392345674215702047e+02
4.305315012984828513e+02
4.886241982549865952e+02
5.011757207596604644e+02
4.671283552052838104e+02
3.955165092220867109e+02
3.019854536263224531e+02
2.040583155219324851e+02
1.164242105578711204e+02
4.743128252940273626e+01
-2.399101048221873977e+00
-3.956493388085182517e+01
-7.479665654774127859e+01
-1.190948360074964398e+02
-1.796814324194077983e+02
-2.569713875220212458e+02
-3.434196237353722267e+02
-4.246344510780768928e+02
-4.825766594909972014e+02
-5.001162601438368256e+02
-4.658280202644444330e+02
-3.777754558473870929e+02
-2.452086212397117322e+02
-8.756062087687878659e+01
6.922396734061611312e+01
1.983090364367209588e+02
2.782633928415553441e+02
2.984963274612943565e+02
2.624060207542187868e+02
1.873001954949235994e+02
1.009076729057821780e+02
3.515143446270761984e+01
1.858111343892540646e+01
6.926844926571104111e+01
1.899313020273297354e+02
3.665610995256719775e+02
5.709962350712488615e+02
7.669160002285869950e+02
9.178740500166796892e+02
9.954706296383051267e+02
9.857167765893316300e+02
8.920855313009845986e+02
7.345606917554769097e+02
5.449714213057754932e+02
3.597898955049735719e+02
2.121458410216044115e+02
3.381411146171502082e+02
2.226732739460650237e+02
1.395850428074141405e+02
9.314699068961959938e+01
8.017944309558576776e+01
9.109187775042590829e+01
1.120887176667253726e+02
1.280658880404800755e+02
1.256144954499999500e+02
9.555579889468990018e+01
3.454654288417006569e+01
-5.451025857970398647e+01
-1.632748138000623328e+02
-2.797878641983115813e+02
-3.908903880397132298e+02
-4.847300499111861427e+02
-5.528351032250922117e+02
-5.913432809497851395e+02
-6.011709622029165985e+02
-5.871548173257135659e+02
-5.564374326748945805e+02
-5.165409346267814499e+02
-4.736322689934866617e+02
-4.314115201047358141e+02
-3.908664447062391218e+02
-3.508816404095276766e+02
-3.094404447500231754e+02
-2.649848212694065523e+02
-2.174564868753395217e+02
-1.686477131651012940e+02
-1.217149366480834800e+02
-7.998716023926402841e+01
-4.544939254726659783e+01
-1.742027077689061088e+01
8.075742368268985061e+00
3.791938968247970365e+01
8.045943122619723908e+01
1.433163480389235360e+02
2.309718771522725547e+02
3.428022094539902582e+02
4.721443011427893452e+02
6.067483718315845636e+02
7.306265986382840083e+02
8.269499411862667557e+02
8.813677485142221713e+02
8.850014086272569784e+02
8.364246818108731532e+02
7.421712750954852709e+02
6.156443747406153761e+02
4.746589959705904676e+02
4.564922916451041033e+02
2.677160732860249936e+02
7.872865650110713887e+01
-8.442397303878291837e+01
-2.024721758459732825e+02
-2.671055948115292722e+02
-2.826366785394739622e+02
-2.647230713674526896e+02
-2.364185934697891582e+02
-2.224587500696979703e+02
-2.431167493438906888e+02
-3.090852586207269042e+02
-4.186145045878830047e+02
-5.576164813451009650e+02
-7.027469671803532947e+02
-8.267656101608414474e+02
-9.049201778972051216e+02
-9.208406579195874428e+02
-8.705304094461350815e+02
-7.634862562382122633e+02
-6.206638614229930226e+02
-4.697643266966815077e+02
-3.389665248759979477e+02
-2.506057510861849948e+02
-2.163074392087767706e+02
-2.347209600345328226e+02
-2.923527892523248966e+02
-3.672325427650717415e+02
-4.344526064882168725e+02
-4.721770283588004986e+02
-4.666290820091757610e+02
-4.148581002857527551e+02
-3.246763158797384108e+02
-2.118906866657712555e+02
-9.564258410522435838e+01
6.866406384693285680e+00
8.485778104553216394e+01
1.365029968898076902e+02
1.688655822044261470e+02
1.953214986284448003e+02
2.311854724028222847e+02
2.887382299368453573e+02
3.730021602619918895e+02
4.794160952928572783e+02
5.940681733829741233e+02
6.964871452648767445e+02
7.643347049382958858e+02
7.788492616573577152e+02
7.296862819572316994e+02
6.179309869101521144e+02
4.859983496103018865e+02
2.522552838317213286e+02
-1.352119114095541264e+01
-2.661829799633135281e+02
-4.661268362303940762e+02
-5.882545357449547510e+02
-6.272873771760165482e+02
-5.981766244668887111e+02
-5.315556615567893459e+02
-4.653906188237835977e+02
-4.349110471381106322e+02
-4.633183275813793216e+02
-5.555773343899803649e+02
-6.968429629840420603e+02
-8.559388936252908024e+02
-9.930646464352088287e+02
-1.069858954948979544e+03
-1.059348613681625920e+03
-9.533118854172832926e+02
-7.651904802236172145e+02
-5.277533246065673893e+02
-2.859930520059725154e+02
-8.691189142034495774e+01
3.136277526953414352e+01
4.849965713098662690e+01
-3.325936812911282203e+01
-1.896526136799730295e+02
-3.801718444764773608e+02
-5.576647852039686768e+02
-6.794316890268848965e+02
-7.171104887704367457e+02
-6.629458901637980262e+02
-5.309383975186990483e+02
-3.526462585746710374e+02
-1.687465218939398426e+02
-1.851480597930677874e+01
7.010914959427246629e+01
8.736944041120713678e+01
4.375153471211969247e+01
-3.323101465256203113e+01
-1.066624756765176016e+02
-1.402911040010415888e+02
-1.084541716713573010e+02
-3.327102426553207870e+00
1.623523543066273760e+02
3.577871539995889520e+02
5.412376972608419692e+02
6.699854394847970980e+02
7.106721372746433190e+02
6.474588541685338896e+02
4.505438437524331903e+02
1.996759849715176358e+02
-1.105719761110595414e+02
-4.192770459664873215e+02
-6.696652364094863970e+02
-8.222060217203538741e+02
-8.631544448813797317e+02
-8.065474596420883699e+02
-6.892947023779933033e+02
-5.607025053383089244e+02
-4.691209331243131828e+02
-4.490837883805076558e+02
-5.121626705543656044e+02
-6.438203700618063294e+02
-8.070565253130815790e+02
-9.519524006887693304e+02
-1.028750762216893463e+03
-1.001209142255008601e+03
-8.568621398360388639e+02
-6.115526153826361906e+02
-3.069748614037118273e+02
-1.685134735219237401e+00
2.423387356785916040e+02
3.743677005879002309e+02
3.672376975724100134e+02
2.242441638231829302e+02
-2.116820863714941225e+01
-3.129557281340204895e+02
-5.855163693267955978e+02
-7.790935714831813357e+02
-8.537962964060064905e+02
-7.987938873248750724e+02
-6.344113886584102602e+02
-4.065977549544409726e+02
-1.751328540350821754e+02
1.496375287050975667e+00
8.078222142530569272e+01
4.678126810488900134e+01
-8.604005393454100670e+01
-2.766480976210569906e+02
-4.679938833574000796e+02
-6.016168192575840976e+02
-6.326365369046194473e+02
-5.413859443494839070e+02
-3.387941175408882373e+02
-6.419987285011892197e+01
2.238349523487784438e+02
4.614150117880846551e+02
5.944667935316801959e+02
5.914479388633046710e+02
3.838059507080610047e+02
1.383143858062817628e+02
-1.862851658980021625e+02
-5.170580552287287901e+02
-7.840528432105621732e+02
-9.367132195962236665e+02
-9.550341721138880757e+02
-8.528729891598056838e+02
-6.727965393597897901e+02
-4.739311866215404621e+02
-3.159745245044330204e+02
-2.434261733755305102e+02
-2.739921269301369193e+02
-3.940492704864706752e+02
-5.622893362001200330e+02
-7.206253554443612757e+02
-8.096319533868826284e+02
-7.846433287255741789e+02
-6.284316665290679111e+02
-3.571908278624068771e+02
-1.817087209617400489e+01
3.206370715386457846e+02
5.863760462595582794e+02
7.189341514811595744e+02
6.859521508581111675e+02
4.914418102350510367e+02
1.757353756660362194e+02
-1.934073468741503063e+02
-5.365145915685171758e+02
-7.811877868324058909e+02
-8.793742642402330603e+02
-8.188480065045698666e+02
-6.259982817271004478e+02
-3.591534227956210543e+02
-9.401720194338169279e+01
9.522275692014238757e+01
1.544472444893586385e+02
6.320677008088394899e+01
-1.600252879845824054e+02
-4.622721352975044056e+02
-7.690601426069562194e+02
-1.002788460365276819e+03
-1.101909708300118609e+03
-1.036184614066724407e+03
-8.142712356750174649e+02
-4.818304623942134413e+02
-1.106836347735149246e+02
2.182478082551055820e+02
4.340009735190024571e+02
4.919820797654871285e+02
3.194656199832459720e+02
9.295686745853004140e+01
-2.226793138430797683e+02
-5.464544714473003069e+02
-7.997592256748009731e+02
-9.251395930388039233e+02
-8.992977321208346666e+02
-7.373016513552262268e+02
-4.871988699647511112e+02
-2.165887425905697796e+02
5.353699632763690097e+00
1.258511888032016088e+02
1.220058050044713980e+02
6.453143394728609650e+00
-1.761887738246096546e+02
-3.611675497432999578e+02
-4.807704390150629479e+02
-4.825128716521071510e+02
-3.437403569978013707e+02
-7.888357297260188261e+01
2.626133417588416705e+02
6.073731579157559963e+02
8.755957307796824125e+02
1.000754099666637785e+03
9.465887122555903943e+02
7.170732871826259043e+02
3.566820939867483844e+02
-5.934713349193486920e+01
-4.425632320847111032e+02
-7.124682650194180269e+02
-8.161096057893194029e+02
-7.411965763100091635e+02
-5.193711977606759547e+02
-2.186705928419431473e+02
7.309064088884973387e+01
2.699948886756591833e+02
3.094194487490534584e+02
1.678440107960116165e+02
-1.328891725890984219e+02
-5.304592940051929872e+02
-9.369227604015771931e+02
-1.259889893354101559e+03
-1.424810256362183736e+03
-1.392900402674831184e+03
-1.170357422670207825e+03
-8.066843815274929739e+02
-3.826511693806388621e+02
9.053824617685494403e+00
2.856868022717125655e+02
3.935028903456036460e+02
