2.868736484724108209e+02
-2.923862346774504317e+01
-1.790517128400097135e+02
-4.963094031282609535e+02
-7.075747668570503492e+02
-8.905169043699577287e+02
-7.264761804648057932e+02
-5.282054293072944802e+02
-1.690107039823683408e+02
1.997181086298040498e+02
5.070277371403103643e+02
7.132018840221004439e+02
5.860810291590928500e+02
4.847716385657717524e+02
2.842996560210901862e+02
-4.532170933651130440e+01
-1.322464829404102602e+02
-2.276428952652634905e+02
-1.310204132453947068e+02
1.327701381474706466e+02
4.567900921124335696e+02
9.445887700542946277e+02
1.221620005032361860e+03
1.229139239387913904e+03
1.111740199463803492e+03
9.280355410441945878e+02
4.520810914620191738e+02
-2.719864801032884571e+01
-3.430456913993943431e+02
-6.152389677290960890e+02
-6.493720709650222034e+02
-6.177842172661133873e+02
-3.636148478368540964e+02
-1.282918316557158001e+01
2.628447309059753252e+02
5.950618399983113704e+02
5.867433574821631055e+02
4.760701584568516296e+02
-9.978175082788176553e-02
-4.203975371376393468e+02
-9.128186811774440912e+02
-1.408018008563685953e+03
-1.703363660813407023e+03
-1.568613606126320065e+03
-1.426262554385301428e+03
-1.004959914203717176e+03
-5.674646931877840643e+02
-1.120318759669815165e+02
5.562605365561032045e+01
3.030591203770537163e+02
3.403364276127667836e+02
6.835298421267198421e+01
-1.213374271338296921e+02
-3.846126519617342865e+02
-7.084454221238333957e+02
-6.870338863029188587e+02
-5.446767135616360065e+02
-1.869220424891494758e+02
2.986362840087573431e+02
5.621347385537543460e+02
7.798092835539420093e+02
1.044236395988855520e+03
1.153972513218710674e+03
1.074304031093771755e+03
6.844644995152374349e+02
3.065507118984845647e+02
1.191515707058985214e+02
3.909423382379959833e+01
1.238260103259628977e+02
3.146776932215508964e+02
6.250570077985742046e+02
8.552655154156157096e+02
1.162927947493465581e+03
1.158897230425680164e+03
1.142068417259733451e+03
9.087495147575134524e+02
6.201192641365639702e+02
1.003881462110852709e+02
-2.865655271229590539e+02
-5.073532670559513349e+02
-5.821910585929565514e+02
-5.130261486477852486e+02
-1.266511092635882676e+02
2.146076927420920413e+02
6.165840567259645013e+02
7.640747324386644550e+02
8.831344904171314738e+02
6.361210035515026675e+02
3.009915215245259787e+02
-2.178968106540910128e+02
-7.691430282566605001e+02
-1.242594383035357168e+03
-1.549989877792525704e+03
-1.557640119105650911e+03
-1.466579856211181095e+03
-1.060202840913134423e+03
-5.910243694649103645e+02
-1.580006479901516911e+02
2.227554187307220843e+02
2.836536547083403548e+02
3.255323263134372951e+02
1.903257225078158399e+02
-1.587017361894662315e+02
-3.426710504944547893e+02
-5.458525946402297677e+02
-4.487588691631955271e+02
-3.216605476615784482e+02
2.103873573421110166e+02
5.150103742076087201e+02
9.596646395865634531e+02
1.373642060850074131e+03
1.387721875934652189e+03
1.523668907188802223e+03
1.206549530315510083e+03
9.393474859544784294e+02
5.413675878594465303e+02
2.439835273765577028e+02
7.888690478777760973e+01
1.360150489492246493e+02
1.953638456328257860e+02
5.327006554326767400e+02
7.176399031933605102e+02
9.759536273463617135e+02
1.007286590795217535e+03
9.542041890203151979e+02
8.456463210972473235e+02
6.178129500687327891e+02
1.152032849591305137e+02
-2.291984572028907223e+02
-5.044986641090602006e+02
-4.803256557650021819e+02
-4.410020974463850507e+02
-2.891984183451882018e+01
4.092068531019887132e+02
6.968699724896096086e+02
1.032543034646687374e+03
1.112468697043224211e+03
1.039162026529364084e+03
5.783169079666228072e+02
1.521315875380464320e+02
-4.168325098229766468e+02
-9.159194737758159590e+02
-1.254111694206162610e+03
-1.148369239381277112e+03
-1.058992362760091737e+03
-8.240055850705236935e+02
-3.778984341839997683e+02
8.999439934361504356e+01
2.517657899345906571e+02
4.635028202980425363e+02
3.484043174412700523e+02
2.284282312816898752e+01
-9.115576387367748623e+01
-2.632975767527418043e+02
-3.444431685167828050e+02
-3.044185998300096685e+02
-1.390113130348671007e+02
2.670575341210504234e+02
6.952736094333384926e+02
1.233970103243980702e+03
1.549149225512519251e+03
1.629618517689576947e+03
1.667767536108870672e+03
1.358701597298325851e+03
9.346668822656279190e+02
6.414095068788776643e+02
2.395275251934902485e+02
-1.132870963534207505e+02
-1.413511468107363953e+02
-5.554642204315933895e+01
2.558344359812088840e+02
4.443860728246485223e+02
7.335647200905755199e+02
1.000634802885845943e+03
8.624901509963245871e+02
6.609365896024872882e+02
4.161361212211522798e+02
2.166478085390910024e+01
-2.921713338754009328e+02
-5.291964987499080735e+02
-3.405853691993097527e+02
-2.882432391935640794e+02
9.944367154681117427e-01
4.897466894932030073e+02
9.808296121324084424e+02
1.249342654192274722e+03
1.257944443311357190e+03
1.232915856500603695e+03
8.907029630109353775e+02
3.531272025920229680e+02
-1.420732889670772536e+01
-3.727422683845602478e+02
-7.331010368515920845e+02
-6.856022170785250864e+02
-6.107112266750490335e+02
-4.138764686404381905e+02
-1.097759145343536460e+02
2.859450368663261770e+02
4.447484741560341490e+02
3.562671481061551617e+02
3.811032214084897873e+02
2.000965253157106076e+02
-3.076251803829214282e+01
-1.955528246606546361e+02
-2.939741120047970071e+02
-1.622921233603975679e+02
-2.242153823959482395e+01
4.020886366117729835e+02
8.255485146322787386e+02
1.279923559437956101e+03
1.419810157216855487e+03
1.550049000329851651e+03
1.464054796792617253e+03
1.204877498265877648e+03
7.350948851108033750e+02
2.970398827707205101e+02
6.980797252554557986e+01
-2.260767620126105157e+02
-3.504152019992561122e+02
-3.330193719964579486e+02
-2.293989164996399950e+02
6.108084265242808897e+01
3.065789934771095773e+02
4.623904911551104533e+02
6.581452450938828633e+02
4.165315114998592776e+02
2.003616969261183272e+02
-6.636203228560140133e+01
-2.521464610396727437e+02
-4.121899303528962832e+02
-3.207905609831828997e+02
-3.001445562511705702e+02
7.736274591069874873e+01
4.990048353066884488e+02
9.300948525614948039e+02
1.250082924469392538e+03
1.189775234977432774e+03
1.309797579169297705e+03
1.053571928783585918e+03
6.611408353360219508e+02
2.770470999886700838e+02
3.154325419661955010e+00
-3.242245584853449714e+02
-2.031964916635584757e+02
-5.655899488445228940e+01
-4.079572268564072601e+01
2.995909500968717794e+02
5.549815734473630755e+02
6.216425610025099786e+02
4.700173228210397838e+02
3.728242818511470205e+02
3.023265114225169725e+01
-6.935735957450347655e+01
-3.375941862271632772e+02
-2.533555343524440104e+02
-1.435758136307372297e+02
4.854316329940409958e+00
3.606372477457057926e+02
7.669416740532531094e+02
1.081111241940052878e+03
1.253738715802765682e+03
1.345259871192699393e+03
1.165724533519720808e+03
8.781259917131582142e+02
3.999520949623801016e+02
-2.080405247773266098e+01
-4.375346648500876654e+02
-6.834624056344157452e+02
-7.272723282957896345e+02
-7.014020421901783493e+02
-3.851570082528273815e+02
-2.806757325139413410e+02
-3.967493363699254871e+01
3.574325345269556351e+02
2.889315662679037473e+02
2.082983336365050206e+02
9.751677542020399869e+01
1.491162011704014390e+01
-3.616360422725439321e+02
-4.624960290896582933e+02
-3.633039180172305578e+02
-3.163594018383097364e+02
4.865561312740238975e+01
3.762777743321579464e+02
7.875732462992126557e+02
9.261791788971227106e+02
1.254091322788325670e+03
1.062693542652996712e+03
1.049513220993564346e+03
7.348196173144345948e+02
5.644948228363855378e+02
3.435889849962186418e+02
2.502683910031323364e+02
2.962862114749256079e+02
2.879625046315956070e+02
3.717721175425147635e+02
6.612545941766744590e+02
7.291151634918304580e+02
6.715533612898478850e+02
6.168106890526024699e+02
3.076688042319156011e+02
3.418383899458194719e+01
-1.154609420055924431e+02
-3.985267428446065878e+02
-3.180955318535983452e+02
-2.460944231289450386e+02
-1.045563201250210170e+02
2.704659224003604550e+02
5.865687901640137625e+02
7.537941381868803319e+02
8.286534326113326188e+02
9.050117090515730069e+02
7.197093493697536815e+02
3.129607099062473026e+02
6.644464953308581556e+00
-4.082487711683650105e+02
-7.540830516691336243e+02
-1.019459174696071045e+03
-9.111488138004431221e+02
-1.020816275362360670e+03
-7.701101458361982850e+02
-5.413229947312951253e+02
-1.719665527689444957e+02
1.051502920675211925e+02
7.285189432185227076e+01
9.284258380264628840e+01
-8.028598127260630690e+01
-2.422624434643257416e+02
-3.231677113059891440e+02
-5.530253732305019412e+02
-4.442306585522147770e+02
-3.733532282679574905e+02
3.076224218441467428e+00
2.550746491082002763e+02
3.698598222983222854e+02
6.262642768023374629e+02
8.818862043292074304e+02
8.464786109660287821e+02
8.054550705916346942e+02
8.216757856737681323e+02
5.822959718058425551e+02
5.232819116223821538e+02
4.521380853578160099e+02
5.337994822750411004e+02
6.923163782085607636e+02
7.968286731913261747e+02
9.171276450970619862e+02
8.979477148453338486e+02
7.515624378862020194e+02
6.398106930039133431e+02
2.103474439000044356e+02
-5.277442702613499392e+01
-2.623587808614487358e+02
-4.644952607827641486e+02
-4.507480330211732849e+02
-3.360443334984858552e+02
-1.940789698955466633e+02
-7.947679562880324511e+01
1.718016817831164929e+02
3.245786732062599071e+02
4.181190134653845689e+02
3.463884271071775629e+02
1.717015621820498552e+02
-2.151931819921948659e+02
-4.685207878896869147e+02
-9.316929435784187490e+02
-1.116781110128956243e+03
-1.218517960695510737e+03
-1.313308656964056354e+03
-1.122188629717348931e+03
-8.755680855944872292e+02
-6.945435744963332354e+02
-5.058951577896818890e+02
-1.632600784995176468e+02
-7.909524006366081039e+01
-1.517064843417795146e+02
-9.784251885047518726e+01
-2.213647719124298590e+02
-4.129363567009096414e+02
-5.688992811574522648e+02
-5.493891859397920143e+02
-5.050181675435966895e+02
-2.698020349590785258e+02
-5.698652005004369414e+01
-7.866933858773052179e+01
3.118012881436609973e+02
3.056566962342040483e+02
4.497334747685386560e+02
5.569208573714523709e+02
5.083495393549579831e+02
5.734394818914153120e+02
5.975914967266528492e+02
6.320324053653445162e+02
8.278096045628893762e+02
7.544905762493748398e+02
9.024388699556174060e+02
8.792028790453979354e+02
8.495442601442210844e+02
6.915803079961356161e+02
4.924727406297398034e+02
-9.325231648238518289e+01
-2.564976617826063716e+02
-5.155104944907145637e+02
-4.993669813808737103e+02
-6.224420012372886504e+02
-5.006320336400382871e+02
-3.057140865177085516e+02
-2.008287634889423998e+02
-1.750983965647177740e+02
-7.795729453114886098e+01
-4.862428554386713841e+01
-8.070955065949750917e+01
-2.880513631505955345e+02
-5.881689245865600242e+02
-8.657367698003756686e+02
-9.707390138969276450e+02
-1.266167723208498046e+03
-1.290707345248004913e+03
-1.341087196004198404e+03
-1.042909454623129250e+03
-8.717992351434694456e+02
-6.614141031917766895e+02
-3.730561868118484199e+02
-1.227714231098710798e+02
-1.079380651827259214e+02
-1.081154522842589358e+02
-1.974183002610037647e+02
-1.607312022241004001e+02
-2.675214135557569080e+02
-4.572955949190384217e+02
-4.421950737614317291e+02
-4.995852817274836184e+02
-4.539413304176121642e+02
-2.703687511347905570e+02
-3.284967900997533548e+02
-2.318939113251083768e+02
-1.568795986219508336e+02
-9.480736155639847595e+01
-1.299481371501594751e+01
8.167880673853605344e+01
1.537274844630622113e+02
3.103343227550769825e+02
3.906042255753473000e+02
7.803535759385670190e+02
8.118722311705653283e+02
9.638687149905346132e+02
8.979981862775332502e+02
7.377138171937282323e+02
5.659002985024118288e+02
3.137547963102175572e+02
-1.706605658197698574e+02
-3.453173424340272391e+02
-6.110043971383938697e+02
-5.656126682276620841e+02
-5.596866800327184137e+02
-4.447225287523713746e+02
-4.981549540399486773e+02
-3.711964943623993349e+02
-3.833931466504045602e+02
-2.529856665483657139e+02
-3.159967600237388865e+02
-4.822103590837425600e+02
-7.428035264146993768e+02
-8.683723934964003774e+02
-1.014792391632998147e+03
-1.128838379749109436e+03
-1.217017780318694122e+03
-1.137198929989462613e+03
-1.017419439949006460e+03
-7.427844479211310045e+02
-6.386937110335499028e+02
-4.091767024674825279e+02
-2.786147978196704003e+02
-1.021071819702999335e+02
-8.327455750744491070e+01
3.410369297174769088e+01
2.621784819107620024e+01
-6.194308195032035513e+01
-1.655205088210083773e+02
-3.424525653657543671e+02
-4.554292954383771530e+02
-4.529067716221140927e+02
-4.630719801867624028e+02
-4.032491438659507708e+02
-5.664117538377905703e+02
-6.000282777794288904e+02
-5.589310098878777353e+02
-5.953615683791108495e+02
-4.792826947573665279e+02
-4.292381439987831300e+02
-2.427445173695221001e+02
-1.337704800292991969e+01
2.873707499046519729e+02
4.863770265861509188e+02
7.101641200728801095e+02
8.055933889127603607e+02
7.649266978748269139e+02
5.218915677462587155e+02
3.146759880778832326e+02
1.183731813739136669e+02
-3.564433096505881053e+02
-5.560264282159408822e+02
-4.889100339395536139e+02
-5.427343647687056318e+02
-5.135565373861559237e+02
-5.047427081279653294e+02
-3.464507982510945112e+02
-3.038394060753462895e+02
-4.001220401833565461e+02
-5.135552512801367584e+02
-6.475734598550993724e+02
-7.147881058119152158e+02
-8.113280292517465568e+02
-8.769942748881916259e+02
-9.591279791086733439e+02
-1.024975472323451868e+03
-8.535156980289095827e+02
-6.669576852405371028e+02
-6.238122904823533190e+02
-3.924293173157850561e+02
-2.069736897746025193e+02
-7.038720829838131010e+01
2.985337334784087204e+01
-1.546167411688799120e-01
1.063437200152179685e+02
1.470339905507885305e+02
2.330486237384758041e+01
-4.717590545453760598e+01
-4.830483065977017532e+01
-1.513718349442564204e+01
-2.134906832785376309e+02
-1.857905947515650951e+02
-3.463845337636229829e+02
-5.018446840383535914e+02
-7.041555664371248895e+02
-8.054714040875144292e+02
-8.592817206292702394e+02
-9.861272641818022748e+02
-9.071082162936684199e+02
-8.652862801041641205e+02
-7.172863206732060917e+02
-2.723430955538878493e+02
-1.838380931222317258e+02
1.003266275695305865e+02
3.405235741284178630e+02
4.033699929777282591e+02
4.179089663179184413e+02
1.726513325671618588e+02
3.615750112028783292e+01
-1.168675658808608375e+02
-5.182783281093960568e+02
-5.502378666471162205e+02
-6.359258784835823235e+02
-5.318971878809934424e+02
-3.720872608514249009e+02
-2.446664811085744304e+02
-2.623667720487998167e+02
-2.065965163855197773e+02
-3.511951713175180316e+02
-4.950019144750150417e+02
-5.583756736289744822e+02
-7.008110623370932899e+02
-8.174078297014284544e+02
-7.879027493122866872e+02
-7.793037274414556350e+02
-5.362603060896447005e+02
-4.739897144522782355e+02
-4.551962090842934572e+01
1.369487827617992792e+01
1.934025930799041362e+02
2.360092203576331542e+02
3.845073472139586102e+02
3.376004364249008063e+02
2.423554058772443796e+02
1.664024470886349150e+02
1.960399159427110192e+02
1.049449054509809685e+02
1.564348828991765572e+02
1.468105279137828916e+02
2.328280987844062793e+02
1.545401527498980556e+02
2.408911395941332501e+01
-7.017788021656984654e+01
-2.963133741433365458e+02
-6.096343382989567772e+02
-8.260597930950882528e+02
-1.078813920553984190e+03
-1.056405661844313045e+03
-1.148852583666344799e+03
-1.177032233183586413e+03
-9.240645546990494950e+02
-6.542801878593522815e+02
-2.969172404860601659e+02
-1.910073765640904639e+02
8.591747861431642264e+00
7.108962591224795347e+01
8.520664639312605004e+01
-3.818096571196711864e+00
-2.121344912621802052e+02
-4.270785631603035881e+02
-4.958029325476068152e+02
-4.804312370148585387e+02
-4.105512174944733488e+02
-3.621317390715068996e+02
-1.378990764054897227e+02
-1.900433522867470160e+01
1.925656731442018099e-01
-3.893095779278512225e+01
-9.837360580150775036e+01
-2.779803056836146880e+02
-5.395093608948941437e+02
-6.503901068954615994e+02
-5.994489324426973553e+02
-5.383573878678299707e+02
-5.004264159639469653e+02
-1.573983171510321881e+02
9.445069649830450942e+01
3.856801530298979515e+02
6.148861332355821787e+02
6.907484541610376709e+02
6.881048046405586547e+02
6.599523685091662628e+02
6.095779410221523449e+02
4.386078537688862866e+02
1.128186458123583975e+02
1.890887828242429123e+02
1.689228191782467547e+02
1.796486890852603437e+02
2.659206288331924952e+02
4.757782887821605868e+02
3.013812807905241584e+02
3.780126548368093609e+02
3.431129641425721388e+02
-1.874548734419508023e+01
-2.012613059553666517e+02
-6.131790876879962298e+02
-9.393234141789749856e+02
-1.097095955254482760e+03
-1.200264970066177511e+03
-1.213456380409724261e+03
-1.020268544644120993e+03
-9.558811773163246244e+02
-5.483270876272083569e+02
-2.879667070409927874e+02
-2.312180198053840741e+02
-2.120290509193834509e+02
-1.687785713589452712e+02
-4.024815498241727028e+02
-4.300567041846859979e+02
-5.148768890940884830e+02
-5.814387520855711955e+02
-4.106923960154455813e+02
-2.829520465222057055e+02
2.255129261570584376e+01
2.531682954714123071e+02
4.020206242345145711e+02
3.469062029068506376e+02
2.167228174079441771e+02
1.552537144976865591e+02
-1.104605693535301896e+02
-3.037490418086026125e+02
-5.108584101648731348e+02
-4.379673883912674341e+02
-3.144319971848182149e+02
3.438922458033652418e+01
2.858231659904492403e+02
6.691148407924052890e+02
1.031964127848570115e+03
1.173908769292909710e+03
1.191371189922989288e+03
1.115069286825637846e+03
9.905760282055401831e+02
6.406910431666245813e+02
3.485946819643103254e+02
1.695633257103931726e+02
1.008251214030733678e+01
4.623357465925376175e+01
9.658160282745686231e+01
2.413783124526700590e+02
4.944539678514813659e+02
7.117561439887449524e+02
6.004112714473810684e+02
5.918060181292876223e+02
4.586907428553706154e+02
5.415585692738193302e+01
-2.943011964730663976e+02
-6.370144561640661323e+02
-9.081544617224542435e+02
-1.107619554986900766e+03
-1.105102779473089413e+03
-1.067414018451106813e+03
-8.597511858392845170e+02
-6.231862178523407465e+02
-3.432626565187501342e+02
-3.112825529361898020e+02
-2.501881577080876866e+02
-3.365220873370925005e+02
-5.237171804034147726e+02
-5.168294840776986803e+02
-5.390016806737925208e+02
-3.872380537781535850e+02
-3.341538954953391567e+02
-3.520419522132458212e+01
2.627704488064748602e+02
5.056750851598592362e+02
7.815564326593745363e+02
6.430557111086606028e+02
5.096760757961441186e+02
4.186704202816158045e+02
2.801751766410106370e+00
-6.646813913055675016e+01
-3.220088933263737658e+02
-1.089450403181531328e+02
7.311975977348726730e+00
2.459661537921998615e+02
6.605865505509572131e+02
1.000565461782114767e+03
1.372228429992904239e+03
1.588736606580103626e+03
1.440608455338980548e+03
1.262105775219301222e+03
9.750604403560311084e+02
6.347165375915910772e+02
2.819113641881001513e+02
3.884607410953232431e+01
-1.252395288581477075e+02
-2.451981016619670868e+02
2.168246090508402091e+01
2.643717512826186748e+02
5.166946831970321909e+02
7.470627900160686750e+02
1.015878850898210771e+03
9.643305833701697338e+02
8.316609388199143496e+02
4.876820491728903448e+02
1.660224936730942318e+02
-1.830637198185968373e+02
-6.270261988230930683e+02
-7.745996951638364862e+02
-8.410672635141410183e+02
-6.610370636410661973e+02
-5.511198680183805436e+02
-4.979787552763953613e+02
-2.591535547353543052e+02
-1.708812168383427945e+02
-3.536973702322351301e+02
-3.998493128385155160e+02
-4.656570792300389030e+02
-5.842903691949306904e+02
-5.168187500381039854e+02
-4.947604324298749816e+02
-1.598735225711971850e+02
2.005518659195795124e+02
6.049561321029333385e+02
8.244752625923457572e+02
9.683277885697116290e+02
8.636542894391687923e+02
9.518647156976376209e+02
5.019568907892913785e+02
2.532456148525554340e+02
2.138914338164144624e+01
-2.756930699214775871e+01
-2.070053339762359315e+02
1.535281813410535392e+02
4.046386521734384587e+02
8.367946108140292836e+02
1.211339015594752709e+03
1.502489187335144152e+03
1.723576259825739044e+03
1.619675142542563890e+03
1.324953666682065887e+03
9.236936599351441828e+02
5.059684933380224265e+02
5.102568838462308065e+01
-3.492052166929590271e+02
-5.255587723129667665e+02
-5.700559533321645631e+02
-2.172465531922900368e+02
1.106452801510610868e+02
4.635870608049356179e+02
9.700185134970462286e+02
1.046452701636006395e+03
1.248770728658044163e+03
1.002474421275634199e+03
8.366666658752571948e+02
5.159680683295957806e+02
8.593622180623613360e+01
-2.206439257217817840e+02
-3.858893701424363485e+02
-4.560078808955374825e+02
-3.068590170170220972e+02
-2.926928999361162482e+02
-2.315903728935341519e+02
-2.974492965471572603e+01
7.606950857269248445e+01
-4.755043308565612392e+01
-1.696143433098264381e+02
-3.004798746296710874e+02
-4.503549433875969044e+02
-4.977042008748935586e+02
-1.589409542872438692e+02
1.074358270562957429e+01
4.416690495603634758e+02
8.048594355369078812e+02
1.009499165631529422e+03
1.205479600847586653e+03
1.221294976739122831e+03
9.700064050044957185e+02
7.246359222935732305e+02
3.556840732141650392e+02
7.532929047472683237e+01
-1.142745351108196843e+02
-6.377505515622507914e+01
2.698749456600646113e+01
4.212864236641216280e+02
7.584534805693813269e+02
1.201723686651100479e+03
1.524093386784123823e+03
1.541054621205410967e+03
1.462632831697157826e+03
1.156696293501418495e+03
6.626776720362356627e+02
1.664612543492168015e+02
-3.278963081804968738e+02
-6.551041434722452550e+02
-9.268226304314929394e+02
-8.350154574742601881e+02
-6.072706236661504136e+02
-1.837403909321790536e+02
2.486629667778311159e+02
7.572103757578813656e+02
1.104199196408091666e+03
1.229952873384756913e+03
1.196400297991820025e+03
9.556654664752799135e+02
7.324351670545024717e+02
4.844879324509834646e+02
1.542539586788781207e+02
-5.190479072904274460e+01
2.879602835727495247e+01
4.629636219447136369e+01
1.388699210205759584e+02
1.305785403176129194e+02
3.737602221009776713e+02
1.333093515947991534e+02
5.133465519199410920e+01
-1.322026207314656290e+02
-2.334695506377387915e+02
-4.684147625625483897e+02
-3.887443380570947511e+02
-2.337590997466879230e+02
2.349599811656327120e+02
4.208801117905039177e+02
7.763486714907335227e+02
1.106775388442147005e+03
1.252901981006985579e+03
1.176847883467821475e+03
9.639793088817355056e+02
6.622873900478280120e+02
2.282548107847730989e+02
-7.732786725560525554e+01
-2.722735705526113179e+02
-3.526100658896805271e+02
-1.597670501333442132e+02
1.856653596931851666e+02
5.543355418985477172e+02
8.937563332845347759e+02
1.140535583693033232e+03
1.347821770218863549e+03
1.087031547453876328e+03
7.810881888686524235e+02
4.125234715142872801e+02
-2.276773500753664905e+02
-7.679080920925440523e+02
-1.013479764554638791e+03
-1.230588098005360507e+03
-1.132273780853030075e+03
-9.314667729303695296e+02
-4.835336414623504311e+02
1.176526033526957349e+02
5.239913233983020291e+02
9.202563507551623161e+02
1.077449731687420126e+03
1.162959312204272010e+03
1.031692648716603117e+03
7.867993471685366558e+02
4.722735799915906227e+02
3.784936274217957930e+02
2.574187680394302333e+02
2.990508513443209608e+02
3.227288443226250934e+02
6.192589141292883141e+02
6.238730414925032619e+02
6.294264040520440631e+02
6.422654751059621958e+02
3.845659785129871580e+02
1.327805191305646986e+02
-1.486716736937213739e+02
-3.687506666166941613e+02
-2.934881238214461519e+02
-1.622903133795473423e+02
1.083745534007569518e+02
5.824880143551175706e+02
8.004645631955329463e+02
1.079737425929449955e+03
1.221716606853317899e+03
1.145257021196719734e+03
8.441307479889320575e+02
4.433111062909017619e+02
6.722664836133724009e+01
-2.769256012269379426e+02
-6.492079115695021301e+02
-5.873213509710360540e+02
-4.542654483108756267e+02
-2.353776376589188715e+02
1.694286444086557992e+02
5.465371376737409719e+02
7.979075827285403193e+02
8.172116823658595877e+02
7.850969589834551243e+02
4.457621626858418722e+02
5.628172151956061953e+01
-4.807611162102671756e+02
-8.781379571998496658e+02
-1.427074200957256835e+03
-1.501164343626459413e+03
-1.402157120836204513e+03
-1.095410543680700584e+03
-6.190546316212163447e+02
-1.654902761667616176e+02
3.310750152230981485e+02
6.885680597927330382e+02
9.206344750773049554e+02
9.611720725162233521e+02
7.682046251982884542e+02
6.592714902675901385e+02
5.019413106852093165e+02
3.601376656102640368e+02
4.011386685555177678e+02
4.551893521859471434e+02
6.594143722290548340e+02
7.568677074515059076e+02
9.768901891559737578e+02
9.171781370111910974e+02
8.322653302274028420e+02
6.418473849422067588e+02
2.948516556574267611e+02
-6.388702651256045195e-01
-1.886599461953044852e+02
-2.945476555365328295e+02
-1.774019577078826160e+02
1.101874290321028838e+02
2.798998413888224945e+02
7.507061745489833129e+02
8.047956419388380027e+02
9.885720568804238155e+02
9.920208801396961462e+02
6.269559453439159142e+02
2.589762545414108672e+02
-2.054482155455403358e+02
-5.468144460144045524e+02
-8.611994242415964891e+02
-8.972424913310824195e+02
-7.722507329860302434e+02
-5.539722069127076338e+02
-1.310075614556260462e+02
1.706307775447690744e+02
4.035521548419409328e+02
4.723423265848131223e+02
3.765399038719041869e+02
-3.945826919214719197e+01
-3.402009811506390520e+02
-7.641996920001203080e+02
-1.267864816741057894e+03
-1.525969140890737208e+03
-1.528062321381258243e+03
-1.450497768444068015e+03
-1.127105334960821438e+03
-6.694523876594673766e+02
-2.999540292777898003e+02
1.564454802894041734e+02
3.845868188883724770e+02
5.918153059622100045e+02
5.174366473321763351e+02
4.309680093368093594e+02
2.923661556813895004e+02
1.842211236804950829e+02
1.541597134080490434e+02
3.052155688130626459e+02
4.457875584584760418e+02
6.596563114846057942e+02
9.376675863660041159e+02
1.144628589077130528e+03
1.047779125767898677e+03
1.030576168609519073e+03
6.015545208149387690e+02
2.890122819968950125e+02
-3.991058363738580539e+01
-1.498056560155001762e+02
-2.959457357591678601e+02
-3.388847235842475811e+02
-2.168958922653804393e+02
4.035418474086402796e+01
4.848305233867067159e+02
6.058601221837853927e+02
6.830994987184091087e+02
6.176409293183273803e+02
3.399824849688793620e+02
1.526906266928506284e+01
-5.147256104696914463e+02
-8.454468638830436475e+02
-1.128377857314417042e+03
-1.136438666127873375e+03
-1.131065473675309249e+03
-8.116658771999757391e+02
-4.931323597762489612e+02
-2.084330036522322871e+02
3.970776890307924845e+01
1.785269806875206200e+02
5.712548226030330056e+01
-2.285937914428658644e+02
-5.893272260993742293e+02
-8.719905991172831818e+02
-1.176160665599308004e+03
-1.336825504926258873e+03
-1.404000083989764562e+03
-1.296247343305599543e+03
-1.005583433280254212e+03
-6.128476635124093264e+02
-2.547198631636140647e+02
2.137576550019113597e+02
1.826528657684304449e+02
1.226244931157096971e+02
1.851310306010985016e+02
3.729533189986139519e+01
-1.573354305178966683e+02
-2.379823852263840536e+02
-1.426705301871504901e+02
-6.626329217512687819e+01
3.036972970382645372e+02
6.181298938886030783e+02
7.756738994174932031e+02
1.050494771449357131e+03
9.930517738250481443e+02
1.045708372513112181e+03
7.426464751889661784e+02
3.073171242369284073e+02
-7.306862472667262409e+01
-2.583447918585414982e+02
-4.417357926730933286e+02
-5.863165258619239921e+02
-3.603653734555960000e+02
-2.091959632968052745e+02
2.033954537155161688e+02
3.689993173999486089e+02
5.294951613638864956e+02
4.070047596292600929e+02
1.587101750353232319e+02
-1.728024666732899846e+02
-7.288349005029609771e+02
-9.748419281263168159e+02
-1.358429144414805023e+03
-1.258708679661505357e+03
-1.218781913607975639e+03
-9.379674807382572226e+02
-6.915581941173397809e+02
-3.620172645546235231e+02
-2.116710311393150619e+02
-7.659270927308774901e+01
-6.911729388792937812e+01
-1.979136720509566203e+02
-6.804286184980269354e+02
-8.874336481380188388e+02
-1.044236300898363197e+03
-1.188780352327857827e+03
-1.147891084790344621e+03
-8.556669844172355397e+02
-6.508215264640323312e+02
-3.763855220642304289e+02
-7.257290149804622104e+01
-1.908163460089143371e+01
9.663171494042759946e+01
5.142958722076022582e+01
-6.763261673866477963e+01
-3.657965366803523466e+02
-6.939469375464145742e+02
-7.338493148374682278e+02
-7.162192409835379294e+02
-4.874619582360316485e+02
-1.298594665968876711e+02
4.041410197229752157e+02
6.548226305139714896e+02
1.080651661870387215e+03
1.010863589090024561e+03
9.454714469857854056e+02
5.160179379997230171e+02
1.920876631735699505e+02
-1.781117028915566323e+02
-5.363385059046048582e+02
-6.367523729570968953e+02
-9.615953644269275173e+02
-6.690130022071029998e+02
-4.567451826254542198e+02
-8.496581878862521364e+01
1.410608667278966664e+02
2.407907481842665618e+02
1.375498689269465444e+02
-6.498613233005082179e+01
-3.589827830715999539e+02
-7.506975975461739381e+02
-1.005695704578655295e+03
-1.253091703606687361e+03
-1.365097692318636064e+03
-1.147493209762900051e+03
-1.034069530327529037e+03
-6.708879095850173826e+02
-4.387545515973494048e+02
-1.659057118124162287e+02
-9.542675571130244805e+01
-2.060060552271805818e+02
-2.015876537383485356e+02
-4.578754253148545104e+02
-7.266817888893197050e+02
-7.398446761346539233e+02
-8.015241315935544435e+02
-7.860002460795192292e+02
-4.694765005284974677e+02
-2.759400283936141705e+02
1.150060525950272563e+02
2.542498774726177544e+02
3.096927363956646673e+02
1.670058135318207064e+02
8.545925737676313361e+00
-3.711134917941358253e+02
-8.233427235190234796e+02
-1.101871297759250638e+03
-1.229481671841053867e+03
-1.101973273507470822e+03
-7.525509430040566485e+02
-3.296469736278510254e+02
1.159436132299374691e+02
6.086669293950576503e+02
8.819523491021268455e+02
8.736483108277657266e+02
6.664637721682840947e+02
4.362396163618984701e+02
3.668484785053728103e+01
-4.399806724189336364e+02
-7.791460802151401595e+02
-8.725960836512490459e+02
-1.092581262656661011e+03
-9.056281444637070308e+02
-5.844925534967361500e+02
-3.125991631170377332e+02
4.453336424434567675e+01
1.266754226372421073e+02
1.666422679877724136e+02
-7.901839183745236994e+01
-3.824713748722899140e+02
-6.218543234198173195e+02
-1.020764006279376645e+03
-1.171337508128422087e+03
-1.190092658016724045e+03
-9.377147712087114542e+02
-7.199458460002495030e+02
-4.162017610349140568e+02
-2.361075738657674492e+02
-1.506924175606585337e+01
1.192696740955728671e+02
-3.435620495214533321e+01
-1.567328953960569606e+02
-3.769751180688599561e+02
-4.198240685360118505e+02
-5.933842307680569093e+02
-4.313531379510685611e+02
-2.694215281367204398e+02
5.390799500194813021e+00
2.917788541146067018e+02
5.138229203522856778e+02
6.161730099680321473e+02
5.342022117509783357e+02
3.869683668924046174e+02
-1.427175051602816609e+02
-3.998820236557421595e+02
-9.790000945870330042e+02
-1.402701245613335004e+03
-1.519787170006959514e+03
-1.424605869511968194e+03
-1.118228180064919115e+03
-7.018942158414640744e+02
-1.167639519367232737e+02
2.476612538623997750e+02
6.011223969990612659e+02
7.059936024462869000e+02
6.586134908720171097e+02
1.942446206697160278e+02
-8.326312895807333803e+01
-7.176688834086608040e+02
-9.614884295885899519e+02
-1.255078575813073257e+03
-1.239787363587123309e+03
-9.903932412349539618e+02
-7.453138934131984570e+02
-1.735986511556751282e+02
4.743790975223821249e+01
2.118143241393633787e+02
2.216691306944649114e+02
5.484369316051955678e+01
-2.339208720649942848e+02
-4.988641387469868391e+02
-7.148377811563315163e+02
-7.209945172468185319e+02
-7.381789987431075133e+02
-5.822246916026550707e+02
-2.816717943954347447e+02
-6.991804536648372448e+01
2.008692968930720610e+02
2.472394552988707233e+02
3.153960092537665219e+02
2.122588315252018276e+02
1.039551594665718710e+02
-1.156762458375718836e+02
-1.499962594750156200e+02
-2.455066552727018916e+02
-1.647540521084938518e+02
9.916898921431240410e+01
4.593197459946987351e+02
7.431781390301389365e+02
9.528466211880956962e+02
1.025779863432798265e+03
8.704002780477856049e+02
5.435852518597980634e+02
5.381458338087025339e+01
-5.905928305536190237e+02
-1.049426867043743641e+03
-1.415654660491064760e+03
-1.718376781160922519e+03
-1.598984748501976583e+03
-1.284150692686496768e+03
-8.138550932888047100e+02
-3.081270482014348318e+02
2.177609156304000351e+02
4.955098541220812081e+02
5.930666855921083425e+02
4.268727919690381327e+02
4.004431097087419289e+00
-3.922731176163990199e+02
-8.138116491501810970e+02
-1.189155384215662707e+03
-1.369664968088232627e+03
-1.207934122732338892e+03
-1.006608401829453669e+03
-6.380375726576799025e+02
-1.599180439124670841e+02
2.052534111374680208e+02
3.664060347277628011e+02
4.093278564936939006e+02
2.839490493615900846e+02
-8.325813130325812494e+00
-2.322940756631697070e+02
-4.499367335142493971e+02
-4.335284046002977902e+02
-3.205261068638272377e+02
-1.039443028969309637e+02
1.978268543058009641e+02
4.199224815120873018e+02
6.523132739940563170e+02
7.119089388029373140e+02
6.392104729533665477e+02
5.321192836425454971e+02
2.262091181408046907e+02
3.455671666735048575e+01
-3.195221826325515124e+01
-7.377493075055774341e+01
5.849862968322641166e+01
4.446292132908750432e+02
6.910045409772776566e+02
1.134707096930333591e+03
1.369157961627463919e+03
1.605125252569788245e+03
1.209220953075471016e+03
8.878746562589880114e+02
3.177062396854795452e+02
-3.619969205654083453e+02
-1.064153208122800606e+03
-1.413055704527610487e+03
-1.714193631024435945e+03
-1.684587519032042337e+03
-1.353513434519990369e+03
-7.745199012397998786e+02
-2.738061069187347130e+02
1.209815335646028700e+02
4.732663407195871059e+02
5.707624683166854993e+02
3.609959186444251600e+02
4.442118144020133030e+01
-5.157464635841513427e+02
-8.448687962545485561e+02
-1.289845346586396545e+03
-1.343111428967808706e+03
-1.151940371246768791e+03
-9.381605656258016097e+02
-4.433874070546187340e+02
7.052660165146610893e+01
4.907072722715988675e+02
7.297975199369869870e+02
6.310262925030300494e+02
4.495605278213795941e+02
2.494236982965236962e+02
6.354759856265067697e+01
-1.254008503792605040e+02
-1.337385404945848393e+02
-2.097078483932226334e+01
1.849861616720798452e+02
5.610998927206389908e+02
8.323590189483312543e+02
1.053694495969816217e+03
1.044697137786642770e+03
9.602232479822488358e+02
7.582910629356057370e+02
3.756340584115832826e+02
1.153575160230465144e+02
-1.145588526745850544e+01
-9.857200543042380048e+01
9.931697491344013429e+01
3.998608290701025680e+02
8.858981480671322970e+02
1.313405816791785583e+03
1.612837822930735456e+03
1.671040655063215354e+03
1.561623326469051790e+03
1.076857588169994187e+03
4.952290605962692780e+02
-1.538818416278180052e+02
-9.414825212395116978e+02
-1.405341461057962988e+03
-1.428616164325411546e+03
-1.566687971384056937e+03
-1.043571428459109939e+03
-7.696367601902019260e+02
-6.129025656137658018e+01
3.765848368320250756e+02
7.313388062150788755e+02
6.579196036723556062e+02
4.486850166931851618e+02
-5.768506362963410083e+01
-5.028348427512987087e+02
-1.032439573288407018e+03
-1.271086129833194263e+03
-1.300112229657067701e+03
-1.003426630344012892e+03
-7.064218345480313701e+02
-1.221232025815301654e+02
3.061633184561554799e+02
6.721413841289976290e+02
8.765454484189280038e+02
9.817145410679704582e+02
7.286328309415009699e+02
4.542457605894859398e+02
2.278043812871192131e+02
3.587978074875469758e+01
1.762189688861701597e+01
1.899615581756656297e+02
4.395999827520178087e+02
7.769778575093372410e+02
1.147864057096629722e+03
1.319094281087531726e+03
1.394792436750879460e+03
1.082194779388787993e+03
7.876517627641048875e+02
3.937565719825867063e+02
6.729269684029594600e+01
-1.787986254451086836e+02
-3.250983424045593893e+02
-1.400443460462495580e+02
3.523431050782235161e+02
7.938953802163720184e+02
1.192096493142402551e+03
1.580073430918035911e+03
1.744753224075103844e+03
1.769217813024346697e+03
1.339521021873384370e+03
6.805791541268110905e+02
1.983364069364607118e+01
-5.504982753490900222e+02
-1.113784446610889518e+03
-1.334495276625920042e+03
-1.264869813976893511e+03
-8.858166239725718469e+02
-4.323791521157916691e+02
1.356229689122363595e+02
7.260460865852395500e+02
8.723571843631556249e+02
8.426448618282630605e+02
5.863702265631281989e+02
2.238926776650829424e+02
-4.044322765759919776e+02
-9.252612861698936513e+02
-1.176436060537181220e+03
-1.250366654998223794e+03
-8.668159946220870324e+02
-3.593969657562055318e+02
2.421802744899439972e+02
7.567539093746212302e+02
1.140004082099585503e+03
1.253749504571737361e+03
1.302544276372883132e+03
8.382793402603789445e+02
5.763831990922242312e+02
1.697029875164747068e+02
-3.606466551253677011e+01
-4.336275116242175898e+01
2.924052400122789663e+01
4.726568997023237557e+02
8.798133858587849545e+02
1.158291725834008730e+03
1.381022072406946791e+03
1.501523133154593552e+03
1.299071617516000742e+03
8.801593665416087333e+02
4.110363753947242458e+02
-9.256028569067426304e+01
-3.750767741035982112e+02
-5.706374255201802725e+02
-4.653800488442783490e+02
-1.065934443221525214e+02
4.482860456402275986e+02
1.024235972417330913e+03
1.416784785007452228e+03
1.746528481020600566e+03
1.592906468587041900e+03
1.322164609029124676e+03
7.383681186685712419e+02
1.647507213461316553e+02
-4.859051215751936184e+02
-9.014534036485790693e+02
-1.120241316124977857e+03
-1.008522431676263068e+03
-5.852432224913577556e+02
-9.425294345790291572e+00
5.590954599549934301e+02
9.507369649254966362e+02
1.238327661061046683e+03
1.246161032609865288e+03
7.939653180961952330e+02
2.859822669545258123e+02
-1.404720176255050319e+02
-6.652497810455674880e+02
-1.027548047544788005e+03
-1.092016109955549609e+03
-5.053115352116013810e+02
-1.272614203842806262e+02
6.420647638975956397e+02
1.074932284030985329e+03
1.450476462651731481e+03
1.574976553574353375e+03
1.385710939394668458e+03
9.865108021164768388e+02
4.331254227414969478e+02
1.650205185933070311e+02
-1.972377343140940980e+02
-3.716464268629218850e+02
-1.450326794954096101e+02
1.705115819411061580e+02
6.636083322820072681e+02
1.188690766004702937e+03
1.344001213715400354e+03
1.313404245264127212e+03
1.176456214764850074e+03
8.057769210611376138e+02
2.558586835626376512e+02
-4.462689799945736695e+02
-7.094159465158903686e+02
-1.035429765404275713e+03
-1.013832548885237657e+03
-5.814410192481943795e+02
-3.365518123600500644e+01
5.670594322191063839e+02
1.080673033792042816e+03
1.414706120606788772e+03
1.438019292224847959e+03
1.209620291499910991e+03
7.958686327135814054e+02
1.950872267589562910e+02
-3.820977281511695764e+02
-7.738232331137182882e+02
-9.884803996511388959e+02
-7.742186392817388878e+02
-2.896941244811501974e+02
2.361163547043132951e+02
7.918201385503900838e+02
1.252823635889026036e+03
1.514725870461905970e+03
1.523390648109604399e+03
1.134300890063644374e+03
5.806058422853496950e+02
-7.557263741107784938e+01
-5.393402504305839784e+02
-8.820210232200977316e+02
-8.774829030816547402e+02
-4.207531981935656518e+02
1.494573834207134269e+02
7.101678534147771416e+02
1.297743231578120913e+03
1.595895878742805280e+03
1.651779329752037711e+03
1.409680996283730792e+03
9.025823210351733223e+02
2.913977558157563408e+02
-3.270298764468305421e+02
-5.677036460106891127e+02
-8.134243138243300564e+02
-6.026977464205674551e+02
-1.690693943215562456e+02
3.790652041919573776e+02
8.423678877980279367e+02
1.191005150377467999e+03
1.374861974032239914e+03
1.118708555997949361e+03
5.930737833894457935e+02
-2.878344362678539881e-01
-6.421850557882178236e+02
-1.156561541146521222e+03
-1.464299770311311704e+03
-1.455629856181581090e+03
-1.118703667807736565e+03
-5.623131976055129826e+02
2.222345113483145269e+02
7.944098205253560536e+02
1.151966522380724882e+03
1.242950050302378031e+03
1.095830759098588715e+03
7.424610153680000622e+02
1.517239510415134021e+02
-4.295283779445097707e+02
-7.196085363183883601e+02
-8.334296808117245519e+02
-6.761715180626227948e+02
-2.107227817773131164e+02
4.602206820972708101e+02
1.086393709731427407e+03
1.555310950791973482e+03
1.783576117769851408e+03
1.767987112461468996e+03
1.267542616576871069e+03
7.620009484858063615e+02
4.751512970437728001e+01
-4.003343434155055434e+02
-7.556847714415167729e+02
-7.002479136479954605e+02
-3.448629662031328849e+02
1.956117545547886039e+02
9.138053027571918392e+02
1.487946506493414290e+03
1.702700008431628703e+03
1.654888931861319861e+03
1.310938570231399353e+03
7.381855516513718385e+02
1.818961109954834399e+01
-7.408733868511960736e+02
-1.235895418161049292e+03
-1.286925575721013274e+03
-1.195494201526565575e+03
-6.780985320705818822e+02
-1.450481828041684480e+02
5.515164465005668717e+02
8.995089415601894416e+02
1.157679112470443442e+03
8.910401490837907659e+02
5.061056203285945685e+02
-1.587271913434940984e+02
-7.884119052135222319e+02
-1.398126460816054760e+03
-1.651596679330062216e+03
-1.834843651816930333e+03
-1.566904711716970269e+03
-1.072895471998737776e+03
-3.379015836901554053e+02
3.289020073013942920e+02
7.709078898838774876e+02
1.099654651306021378e+03
8.834379610703957724e+02
4.650555994281347694e+02
8.160462192406001236e+01
-4.847443785573046284e+02
-7.690442286238895804e+02
-8.367745428746648031e+02
-6.775392582211625268e+02
-2.362840687768382395e+02
5.266664884971382889e+02
1.154981257087296854e+03
1.580396723675237581e+03
1.866952891995159234e+03
1.644272035654088995e+03
1.332046947125700171e+03
7.738716586999067886e+02
9.254913841238433747e+00
-5.163325946644854412e+02
-7.339007127361120411e+02
-8.123789231186149209e+02
-4.225750619577238467e+02
2.027438508224563236e+02
7.622766148042682062e+02
1.288927628352798592e+03
1.612294374926384535e+03
1.585810194426138423e+03
1.114134511077409798e+03
3.758704064916878451e+02
-4.103095221024581747e+02
-1.169231118926962154e+03
-1.597797687063010017e+03
-1.828444260475557712e+03
-1.670513011079108082e+03
-1.215223580899503986e+03
-5.528294957297247265e+02
1.317116033549446854e+02
7.446819604639374575e+02
9.218808345276029286e+02
7.772234288858569471e+02
4.968349815317095590e+02
-1.226473468166490335e+02
-9.592743925520597941e+02
-1.473411003889195626e+03
-1.952103847148334125e+03
-2.020750532432582304e+03
-1.754168295960507066e+03
-1.232231395065251945e+03
-5.822930692808317872e+02
7.680954261848140163e+01
6.438430767443634295e+02
7.760635055284432156e+02
7.143161286388385633e+02
3.467355376008434860e+02
-6.737264299582720639e+01
-4.774622345258918017e+02
-9.005589008072651040e+02
-9.265422046628149246e+02
-7.561311734142750538e+02
-3.473384523682188956e+02
3.404590276705248471e+02
1.066274279052221573e+03
1.486352412365717100e+03
1.755809463758610491e+03
1.683641564266455589e+03
1.279062263006831699e+03
7.028105742293887488e+02
1.594272426604378090e+01
-5.197287804532307973e+02
-7.855628649870860727e+02
-7.850767641086093818e+02
-5.911382019934438858e+02
-6.493654325851147746e+01
6.664465981202721423e+02
1.239971708938630854e+03
1.500875359153080126e+03
1.360852010464456953e+03
9.737164242495714461e+02
1.506311837074593996e+02
-6.376030235499679293e+02
-1.529688016311345791e+03
-2.026563399062939197e+03
-2.250924647811643808e+03
-2.126443192572746739e+03
-1.551119067980862155e+03
-8.463469057757828296e+02
1.986332941384205952e+01
6.156354995679948843e+02
9.563398473407374922e+02
8.261669870307786141e+02
4.928350399843770901e+02
-1.518381294449561949e+02
-7.777285140106935160e+02
-1.436396402706073786e+03
-1.948848605930112626e+03
-2.080532956161338461e+03
-1.875343745739371570e+03
-1.406071030130439794e+03
-7.544689171272691510e+02
-4.642219320370396929e+01
4.941184349903369366e+02
7.942853030834044148e+02
5.881292184350520529e+02
3.572012460532004070e+02
-6.748591798484282833e+01
-7.297744614180178360e+02
-1.041118112585237895e+03
-1.225834036029254548e+03
-9.453773287021266469e+02
-4.381118274375158990e+02
1.047442306424408400e+02
8.459273524629729764e+02
1.372574833115488218e+03
1.571061637741751838e+03
1.446375184593224049e+03
1.041874580294610041e+03
4.281378381319401569e+02
-2.294541239944038580e+02
-7.198026627370214783e+02
-1.068553799665050065e+03
-9.955582597498546420e+02
-7.771224859283329351e+02
-1.541625620993111170e+02
5.213931997577443553e+02
9.441312070199837763e+02
1.413819984531897944e+03
1.225147289437883046e+03
7.936560470052464780e+02
-9.085285059033185462e+01
-9.016340036760201428e+02
-1.677885413298448384e+03
-2.246419572472480468e+03
-2.396616548051018981e+03
-2.341858529262553020e+03
-1.743772500492502104e+03
-8.754366233079996391e+02
-8.818123830683290976e+01
6.908871774528157630e+02
1.002768185766989745e+03
1.038116621726062704e+03
7.495506540662348698e+02
1.207938829758126076e+02
-6.402354231897146519e+02
-1.305753520386508626e+03
-1.811785867843931783e+03
-1.976411749865594174e+03
-1.781522285206280685e+03
-1.256061020715164659e+03
-5.888593642106992547e+02
-3.326278174849296931e+01
5.480127848743429695e+02
7.256728552080235204e+02
7.304108274693961675e+02
3.434447408112922062e+02
-1.929938114733659233e+02
-8.079653571137365589e+02
-1.154422916600623012e+03
-1.264776943430686742e+03
-1.179899215186390620e+03
-7.244985713863360388e+02
-9.141911146211326411e+01
6.007173585602962476e+02
1.065396151162172828e+03
1.188736854485876847e+03
1.058845639309014132e+03
7.378218516760658758e+02
1.499968051011682348e+02
-3.861960199231119191e+02
-9.585229234632913631e+02
-1.281276376021321767e+03
-1.120717736702313005e+03
-1.051197483470174120e+03
-4.682368192689515354e+02
2.063360233664766668e+02
8.165000632309785260e+02
1.160002422550093570e+03
1.135799970094088849e+03
6.516502126665819787e+02
6.931322633281503443e+00
-9.412387115972190941e+02
-1.745167697196715380e+03
-2.233019955236165060e+03
-2.440592394984505972e+03
-2.157765532075836745e+03
-1.669309777362539307e+03
-7.711295514762948642e+02
2.900724128073147057e+01
6.880683899673583710e+02
1.171074205479206285e+03
1.208835226778068545e+03
7.978852954241872339e+02
3.814405527035946761e+02
-3.352414623763141321e+02
-9.637907151302861166e+02
-1.410895778306347438e+03
-1.634026954786727629e+03
-1.458709658670848285e+03
-1.058501722446532767e+03
-3.410770105365414224e+02
3.065694099874637004e+02
7.436130315996344962e+02
9.370679883053966250e+02
8.108251577714795530e+02
4.685837369791543097e+02
-3.068852311377263504e+02
-8.238045106384288374e+02
-1.245408845564852754e+03
-1.437464141345966027e+03
-1.315210479648807450e+03
-1.002215378392305752e+03
-4.322517493801877890e+02
1.985489120141030241e+02
7.027518793153177512e+02
9.369223527615454259e+02
8.371091344834957226e+02
4.884385557018603095e+02
-1.237809717584719920e+02
-7.804282975803572526e+02
-1.179535915307958476e+03
-1.421962919679922152e+03
-1.411365359818239540e+03
-1.286898782610285480e+03
-7.108747889228870918e+02
2.491234571312613966e+01
5.869448900616504261e+02
9.347609232432797626e+02
9.405615559051351511e+02
6.516685027037265172e+02
-2.715845543671477458e+00
-6.671998491092757604e+02
-1.423976748470291341e+03
-1.899906853644585226e+03
-1.989950317374178894e+03
-1.884759045862063431e+03
-1.325964814109222516e+03
-4.813747827648233510e+02
3.338033267901832346e+02
1.052679464888028406e+03
1.425841518274332202e+03
1.548290637136127771e+03
1.251008465408079473e+03
5.798805906143393258e+02
5.694619159989568402e+01
-6.776443235804799770e+02
-1.185283838341036244e+03
-1.260590715675292131e+03
-1.085338241934812686e+03
-6.315860473141832472e+02
-1.079742499786635364e+02
4.103503113975331189e+02
8.884838543166703175e+02
1.125920056921521791e+03
9.140792641480501288e+02
5.083481835841803900e+02
-2.329978580000936361e+01
-7.447593950715029223e+02
-1.373145558586657671e+03
-1.386923551910831748e+03
-1.426646823736447686e+03
-1.157966743924857383e+03
-6.193339800344326704e+02
-1.375721113650376140e+02
3.329275889353611433e+02
6.149178188571460169e+02
4.864714776288470830e+02
1.390918450666968624e+02
-4.818972200515922282e+02
-1.007119278742633242e+03
-1.485960305144971699e+03
-1.773955536452161596e+03
-1.668714267565901991e+03
-1.473281667399684011e+03
-7.860798753224958091e+02
-1.177292255087930499e+02
4.664061707928184433e+02
8.220365058109360916e+02
9.739258706030142321e+02
6.790757423227126992e+02
2.992892981625138304e+02
-4.518644015017229663e+02
-9.825380581224588923e+02
-1.335932871316656247e+03
-1.532875814622708958e+03
-1.329578235289649456e+03
-7.483283533456285568e+02
-6.002053219295629560e+01
5.144242867121868130e+02
1.239678060616732864e+03
1.547295165980517368e+03
1.694639220471681028e+03
1.372458189458827519e+03
9.361801197342560954e+02
2.809927217875062411e+02
-3.997171738423690499e+02
-7.441332455532652830e+02
-9.012403971420407061e+02
-7.804439148073010983e+02
-3.091014678114649428e+02
1.654915725489367162e+02
7.447615344989802679e+02
1.167825790438995682e+03
1.331033061844770373e+03
1.186287240790669557e+03
7.758358257668278384e+02
8.020490971167973271e+00
-5.159921573712649661e+02
-1.191848659646044325e+03
-1.366069525869041172e+03
-1.465786165154062246e+03
-1.095910074910722869e+03
-7.184788568444330394e+02
-2.306687028424427979e+02
2.713352098909861638e+02
4.779980610386631383e+02
2.938462195619254658e+02
1.261419052117476554e+02
-4.959437680342976478e+02
-1.072900320931069018e+03
-1.592192342328400400e+03
-1.769468880852790790e+03
-1.745542040444360509e+03
-1.296793001601138258e+03
-8.205889601723368969e+02
-1.727733279943927300e+02
3.038594693143003269e+02
7.615788174320856569e+02
9.266479269481909569e+02
8.332532312574393245e+02
5.457548479732852229e+02
8.707121513027117032e+01
-4.863645714511380902e+02
-7.065248519926002473e+02
-8.323685622864296647e+02
-7.564265601209233409e+02
-2.869088256002989397e+02
3.430098788981958933e+02
9.173716078658716242e+02
1.395389896432678597e+03
1.730517310935967316e+03
1.648103767777453868e+03
1.457429173315394792e+03
8.975928814993508240e+02
3.731053714483136901e+02
-2.626245802380012151e+02
-4.947356824683145646e+02
-7.091860747141651018e+02
-6.008062501139520464e+02
-4.202361407468336552e+01
2.879597004151233932e+02
9.923790948164651127e+02
1.378105232184017723e+03
1.466341076308906850e+03
1.378418152793971331e+03
9.184626707569632345e+02
3.299763491558907162e+02
-3.212383813813622169e+02
-8.660289357249448585e+02
-1.183681538090728282e+03
-1.267381119981485654e+03
-1.026497599806736844e+03
-5.883776375662837381e+02
-2.751877835956752847e+02
2.432577773475006495e+02
3.329092997651436576e+02
3.323210880744045426e+02
-3.856549393503694034e+01
-4.553250950612522843e+02
-9.698901004646801312e+02
-1.371091690193987233e+03
-1.694264154790907241e+03
-1.625518877568713833e+03
-1.186685461515860879e+03
-6.175645278268509628e+02
-1.812270456960958143e+02
4.614525631436596882e+02
8.320687841465443171e+02
1.088107979645486012e+03
9.221274585907270875e+02
8.094101725467869528e+02
3.621234134423016258e+02
-1.338936552465420959e+01
-1.778666455366122818e+02
-2.975010167894795359e+02
-1.905572427254484751e+02
1.810121349593577236e+02
6.139352139979001777e+02
1.012132014503469918e+03
1.481663819715514592e+03
1.589730466939806774e+03
1.671269257029975279e+03
1.372886173646195630e+03
9.438400079398244316e+02
3.012464627183343282e+02
-2.097217598203830562e+02
-4.883405094895672391e+02
-5.213213621889368596e+02
-4.238819027913459649e+02
9.589235478384360079e+00
5.040719858755852556e+02
9.354322960400807005e+02
1.382740223691234178e+03
1.519498214955976437e+03
1.330772802164532322e+03
9.117829556828698969e+02
4.258085096333101660e+02
-1.651058362368984263e+02
-5.830621913837416059e+02
-9.970162201750844133e+02
-1.037299936639796897e+03
-7.939494007154617066e+02
-6.434761061157078075e+02
-3.579728330385070478e+01
2.202190108833419515e+02
4.974200150773778546e+02
5.253040793263668320e+02
1.654042981840464108e+02
-2.351349081407287827e+02
-7.462357727496306552e+02
-1.237148855397841999e+03
-1.335376522871250472e+03
-1.405050650295363084e+03
-8.918437719986671937e+02
-6.108019120987237329e+02
-4.717415536303500545e+01
3.633887474238882191e+02
6.628821516157936458e+02
1.012804579075299557e+03
1.018748569095100152e+03
9.383016135960584734e+02
6.533711856202514809e+02
3.524893727656295823e+02
2.062387829418108254e+02
1.353522240833272576e+02
2.531895195399250724e+02
4.743812828002634205e+02
8.552052825783277967e+02
1.077336743272205467e+03
1.351887956301891563e+03
1.411924969023523090e+03
1.355396527885550768e+03
1.050364401381708376e+03
6.609562169924182626e+02
2.795068875587364232e+02
-9.614989004324435484e+01
-4.065793189778175361e+02
-5.360159982230416063e+02
-3.215768456885236901e+02
6.212719028990278503e+01
4.041821136190162633e+02
9.217777627944989263e+02
1.214050799911959075e+03
1.260498771838148741e+03
1.256272612792478867e+03
9.141236428577581137e+02
5.626822938691916534e+02
1.916857054472302480e+00
-2.955855464380202307e+02
-6.199712704575050566e+02
-6.217875594746980141e+02
-4.970051563769620202e+02
-2.352388336853074122e+02
1.561735361055727083e+02
4.613721949452122431e+02
5.993978852391915098e+02
6.786561213323800530e+02
4.456352697892420451e+02
1.817515952528486309e+02
-3.322141267657154344e+02
-7.170271247003445296e+02
-9.621243395812578001e+02
-1.053260723775817951e+03
-5.357216517315962392e+02
-3.968650828733059939e+02
5.500367898514926424e+01
4.046264618544259974e+02
6.625339679659824697e+02
1.038668074861292325e+03
1.010163281683182049e+03
8.707173238328990692e+02
8.374242761088437419e+02
5.670104205567540703e+02
4.226979388909581985e+02
2.786245753316468381e+02
4.931189773793798850e+02
5.571783426498628842e+02
6.723045936167749232e+02
8.904383204517838521e+02
1.050063259245306654e+03
9.244389669912250156e+02
7.965744096124445832e+02
6.726970766492830762e+02
3.006008788004654662e+02
6.882931223197439863e+01
-2.454275152043133801e+02
-4.842565872466258838e+02
-5.037079007551520249e+02
-3.057117487530392737e+02
3.408977350667794326e+01
3.221069607051807111e+02
6.931084634917810945e+02
9.162261378977699451e+02
1.110523198373468858e+03
1.110918985084328824e+03
7.630652266677541320e+02
4.484621465942086616e+02
9.220836598029580955e+01
-2.162777647505494372e+02
-2.759925979687335484e+02
-3.254151140283333348e+02
-2.871859583486296970e+02
6.661183620441563846e+01
4.291243273837761194e+02
6.023183637168965561e+02
9.015196335948725164e+02
8.554471353713303188e+02
7.250459102152482274e+02
4.376956287987131304e+02
1.281075799965291253e+02
-2.805496111690226826e+02
-4.995833463146419149e+02
-6.182913308981558203e+02
-1.233675033242728460e+02
-3.506038654370914998e+01
1.111812269046250492e+02
3.205210944816857364e+02
5.353194399396722929e+02
6.682819013689971825e+02
8.198224058465784765e+02
8.751292084212062719e+02
7.730503053637569337e+02
6.680894985226241261e+02
4.172746685273380081e+02
4.353066228508979520e+02
3.058671372256603149e+02
3.458880282283981842e+02
3.761865560979990732e+02
4.388093507239928499e+02
3.896270069599139561e+02
4.633231265029206725e+02
4.537388634576583399e+02
2.453356252610380466e+02
-4.502449039638852213e+01
-1.970578333898742187e+02
-4.065773390221740442e+02
-4.993547315607397650e+02
-4.985189896089745503e+02
-3.222008703032925609e+02
-1.578639886054082240e+02
6.375761288178944142e+01
5.208196517233448049e+02
5.961980592745345575e+02
8.343797614187380987e+02
6.849841500549396187e+02
5.882754495854435390e+02
3.348900026489619677e+02
2.595808833611862951e+02
6.657449680603360065e+00
-9.635512946282952385e+01
7.602920325543209401e+00
2.023147027181325441e+01
2.089722675216368657e+02
5.016128405310468565e+02
7.808087647259845880e+02
9.980780978590992163e+02
9.759280377143654732e+02
9.542588245001833229e+02
7.245217627928200272e+02
4.008160051072250099e+02
2.673327952910593694e+02
-3.298265885473416859e+01
-1.462705688134991817e+02
6.471498667100676982e+01
1.033210656169837875e+02
3.304458240113300462e+02
2.107364985425819555e+02
3.590405420339596390e+02
4.074405622692406723e+02
5.749772215282166599e+02
4.767386476678152576e+02
4.526573322719319208e+02
3.674394529306880486e+02
3.031815673821482164e+02
1.712654836658231545e+02
5.024108676884807778e+01
-1.940147602924615455e+01
1.157294549278797859e+02
-1.023689219038104739e+02
-7.764725705917392418e+01
-1.433900344372860332e+02
-2.534353742249004426e+02
-2.815806252521115312e+02
-3.232051125120120787e+02
-4.422702955212306506e+02
-4.502896106338125151e+02
-5.520542655603487674e+02
-5.400813759864984149e+02
-4.391407016801249483e+02
-2.707605198904382746e+02
-4.018583804427697004e+01
2.985415367725078539e+01
1.779865549091634307e+02
3.369645318575614397e+02
3.250542388768578803e+02
1.805327336287729736e+02
2.049850766573673866e+02
1.403954883934080726e+02
1.078788622246852924e+02
1.241817098325261384e+02
3.190312957727954313e+01
2.461627542288400150e+02
2.954225914723592723e+02
6.299078528498764626e+02
8.948297854971601737e+02
9.672999625272111643e+02
1.049739308568826118e+03
1.019236386949793200e+03
9.503272316992988635e+02
7.604773264108553121e+02
5.134593663375877668e+02
4.446405117252185164e+02
2.762526219187635093e+02
3.881211077363711865e+02
1.888760460291869094e+02
1.683250689197763279e+02
1.624780781959428850e+02
1.721979810646209330e+02
1.307943225279196895e+02
1.787916051691777000e+02
8.316218815919187080e+01
1.321237468946414708e+02
1.305766430150649455e+02
2.624836716525881286e+01
-3.282730153602898326e+00
-2.190939589918670265e+02
-3.069057717174162576e+02
-4.776464543887644254e+02
-5.546413021985825935e+02
-5.630110834135417690e+02
-5.813232870524219607e+02
-6.284812217642786436e+02
-6.186442591736965824e+02
-5.786786922316415485e+02
-5.189767233469210623e+02
-4.626476510322256104e+02
-3.791713596810163835e+02
-3.591863960619558611e+02
-3.860054829420295732e+02
-3.458762450566595703e+02
-2.227776050065361915e+02
-1.828547534124088259e+02
-1.671615621454031952e+02
-1.161092863453461064e+02
-1.208466455662659200e+02
-5.331039899642549074e+01
3.818782538444804686e+01
-4.815428282974764329e+01
-1.516112851809602091e+01
1.594091345977193441e+02
1.546964831906147708e+02
2.070775564644789313e+02
3.807826427988507021e+02
5.240341395009817234e+02
6.512531374382721197e+02
7.228485044852163810e+02
8.145344539179511685e+02
9.916348842691788832e+02
8.930332412279436767e+02
8.547699922802036099e+02
8.131499803857271900e+02
6.838132152509354000e+02
5.041643527814763956e+02
5.347518129355729570e+02
2.583925333007978224e+02
1.053970548984894151e+02
-7.399521130638650845e+01
-2.883016181302337486e+02
-2.557699705533262886e+02
-3.646717873349526258e+02
-3.227222132343586622e+02
-2.071459991589816809e+02
-2.287641468111477820e+02
-2.214541230192453156e+02
-2.934925948163499925e+02
-4.343272687436761998e+02
-5.919085348533506021e+02
-8.005791855591453441e+02
-8.360225649232169189e+02
-9.057107467982995104e+02
-9.514361401829037277e+02
-9.390225689262090327e+02
-8.685657018463671193e+02
-6.428232425981930191e+02
-4.311290552546544177e+02
-3.962007501416083528e+02
-2.660891493332266577e+02
-1.994891839923965620e+02
-3.216007202639502793e+02
-3.215416941015080283e+02
-3.062972255461523901e+02
-4.706036486245681090e+02
-5.770621548167525816e+02
-4.542550392013007468e+02
-4.912055693344947258e+02
-3.240810233347256712e+02
-3.079581660560991168e+02
-1.626401354080321369e+02
5.602529426395972934e+01
6.457088242591767369e+01
1.305251671673584042e+02
2.052556984277345862e+02
2.141396678081154619e+02
2.271021971725517972e+02
3.449727978516741587e+02
4.049159636470048440e+02
4.615681942765235135e+02
6.798851790937517308e+02
6.964566790940281180e+02
7.935726828310135943e+02
8.913120337189282054e+02
8.279423062852698649e+02
7.270376098208050735e+02
4.437013297090879860e+02
3.105729788871539654e+02
-5.948577225386473799e+01
-2.759111672590937019e+02
-4.660303903626646047e+02
-6.783887134595588577e+02
-5.733604039974344460e+02
-7.244659556205393756e+02
-5.185494439741798942e+02
-4.678337125209841361e+02
-4.937538438070954498e+02
-4.740515999290183800e+02
-5.671670940442039637e+02
-6.605879537438219131e+02
-9.449919796834398085e+02
-1.023710275230876277e+03
-1.103519653328389722e+03
-1.109968931026954806e+03
-9.917481303019927736e+02
-8.828303104260162399e+02
-6.511768458925125742e+02
-2.925519409715424786e+02
-1.024901132989754728e+02
4.216103187270250885e+01
-3.955338283364895346e-01
5.127763799503846087e+00
-3.211532439346451611e+02
-4.077784632584601354e+02
-6.773693653571010600e+02
-8.284738778179248584e+02
-7.603565557533516994e+02
-8.061554560159747780e+02
-5.825612164221503235e+02
-3.909820166831407278e+02
-2.094951472411642044e+02
-6.048106919462227182e+01
4.205492555441026070e-01
1.639512912424536353e+02
1.530184146934242406e+01
-6.684669043194635663e+01
-1.377371886219423516e+02
-2.076361432038432326e+02
-2.268176622441858399e+02
-3.287809045951613740e+01
1.534019587036527525e+02
3.566466693747864269e+02
4.935096333160747690e+02
5.812366529034923133e+02
8.158500380719486884e+02
6.156729528342175399e+02
4.155889504743317389e+02
1.856259665725859520e+02
-1.415377877853950395e+02
-4.073339894413128377e+02
-6.219258026594668536e+02
-8.391105836205448441e+02
-9.954841094748345540e+02
-7.810147597753647233e+02
-7.577275754243488564e+02
-6.425993522929486517e+02
-4.582427358036748615e+02
-5.331729938359120524e+02
-6.221570232247055401e+02
-6.580529620832248838e+02
-9.052185986639569819e+02
-1.045893006725072837e+03
-1.174929729990791657e+03
-1.041250919322551681e+03
-8.814459515629644102e+02
-6.748780775630933704e+02
-3.475621169220697197e+02
2.350362373571543984e+01
2.694762824529290128e+02
3.865958479761272315e+02
3.418290749467733463e+02
2.429895206635613931e+02
-7.704883568122218662e+01
-2.537528059914806420e+02
-7.471860533669379265e+02
-7.343391592011067814e+02
-9.299873477264991379e+02
-9.013970836675713372e+02
-7.450391597133499317e+02
-4.620805546368646901e+02
-1.939176975875486448e+02
6.962787967614463014e+01
1.975189930377899827e+01
9.665546141700994554e+01
-1.187533542701157501e+02
-3.152222367392425895e+02
-5.549834274427364562e+02
-6.087709363204368174e+02
-7.468131971878806326e+02
-6.549189847094040715e+02
-4.702918862007588814e+02
-2.430462880811743531e+01
1.764448232563221950e+02
5.288025456505624788e+02
6.370005051791340520e+02
6.633932744195046780e+02
3.012330475458737737e+02
2.999174268122998228e+02
-2.323747272367239987e+02
-5.226075176983323445e+02
-8.733346424522197822e+02
-9.973762816760020087e+02
-9.191762324001595061e+02
-9.174436025524613569e+02
-8.313087358499227548e+02
-4.987321617904026994e+02
-3.239379033418539962e+02
-3.120563959086082946e+02
-2.470763153535984316e+02
-4.822542242406334481e+02
-6.264580090575159375e+02
-7.493544213649827270e+02
-9.011466428568566016e+02
-9.656907705068128962e+02
-6.317104453004976676e+02
-4.196329528894463010e+02
4.038121617349753478e+01
3.550868234475287295e+02
6.371197134547157930e+02
8.066635855981534178e+02
6.070482845829053531e+02
4.968913261823313405e+02
1.671445782842705796e+02
-2.630022147855066805e+02
-5.742635680484969498e+02
-8.565367771083141406e+02
-9.260883250234750221e+02
-9.555208641248786989e+02
-6.118084273559450139e+02
-3.700858952595036158e+02
-8.591490119151235660e+01
1.512683911623123265e+02
1.848805006250551344e+02
6.974424840176537543e+01
-1.763326415814478878e+02
-4.948353048642304657e+02
-7.088201277022309341e+02
-1.114739094660215642e+03
-1.057793599511422826e+03
-1.172235262028582838e+03
-8.265536017210873752e+02
-5.360811358026085145e+02
-3.504881668803268724e+01
2.818016991611157209e+02
5.307491558006756804e+02
4.066496606367932145e+02
2.523362680067623671e+02
9.799784490975355311e+01
-3.298845403669777738e+02
-6.162641789625572528e+02
-7.740572640223625740e+02
-8.983786613040251723e+02
-9.504514090291357888e+02
-8.600595695552012785e+02
-5.934034346317782820e+02
-1.760642684232088584e+02
5.684759334755114679e+01
1.005663905964965466e+02
8.702658159714704311e+01
8.629131945564661521e+01
-2.403472417345371355e+02
-4.044330560533763901e+02
-4.658977001431261442e+02
-4.671444051045207289e+02
-3.509274011120743353e+02
-1.391424879210767358e+02
2.521192801880465311e+02
6.616553682570612409e+02
8.922175680532789102e+02
1.003398013707964310e+03
9.075785120807435078e+02
8.174441640940760863e+02
3.271983107328437654e+02
-1.131857639072404709e+02
-4.651927898369199852e+02
-7.906977081842709367e+02
-9.289415764455143290e+02
-7.136019746864266153e+02
-5.867631995278529757e+02
-3.511902345670068826e+02
3.821745384881386087e+01
2.557970240540449538e+02
3.109057228800205053e+02
2.350521813509588469e+02
-7.749581813813777842e+01
-5.765859504607710733e+02
-9.896240271011802179e+02
-1.369344133894991273e+03
-1.486910911247410240e+03
-1.430662173043228222e+03
-1.294769898890869172e+03
-9.231293857612815827e+02
-4.224949314126419608e+02
1.479399900126547962e+01
3.346472580329069046e+02
3.791859652371105653e+02
