3.650825012546125799e+04
3.136940278088267223e+04
2.263930403257400758e+04
3.143717841740327276e+04
2.387296069410357813e+04
2.545736961693232297e+04
2.820517166081904725e+04
2.821804622990719508e+04
4.496889894014153106e+04
3.395207508966473688e+04
2.757904486985283802e+04
3.221132801816905339e+04
3.547658404337677348e+04
3.195909269561330075e+04
2.670363888347009924e+04
3.034435194080866131e+04
2.666386432399017940e+04
3.741232001919156028e+04
3.015395837773207313e+04
3.601575702821530285e+04
2.845054190476974691e+04
3.157356574930617353e+04
3.561138766832173860e+04
3.030233996027843750e+04
3.317701702204680623e+04
3.021166077626785045e+04
3.296204242212956888e+04
3.046022082538183531e+04
3.000634553023378612e+04
2.814415728861291427e+04
2.670366003660430579e+04
2.946817910981746900e+04
2.929088701903251058e+04
3.155230704672471256e+04
3.070913833369164422e+04
3.232752413335303572e+04
2.690886359534248913e+04
2.801774756209928455e+04
3.154886321512219001e+04
2.846035379038254541e+04
4.205401106266649003e+04
2.846632731671552028e+04
2.841314120933049344e+04
3.383797933255236421e+04
3.836681860731561028e+04
3.168891102347181004e+04
2.974984196752018397e+04
3.099921951726726184e+04
2.620892782978697142e+04
2.916566953392082723e+04
2.993961531755237229e+04
3.029893151116256558e+04
2.974533866537911672e+04
2.652113914862401361e+04
3.024615861735123690e+04
2.948955758872088336e+04
2.843419165021960725e+04
2.905037931437066072e+04
2.768187932691427341e+04
2.858222912895831905e+04
3.177292589572677389e+04
2.966789498742540309e+04
3.476700373218608001e+04
2.930260449958042591e+04
3.974099279059707624e+04
3.024738158978692081e+04
2.960010092066970901e+04
2.517864613515930978e+04
2.933453253061036594e+04
2.992830467808304456e+04
2.641431919326657589e+04
3.234448607842551064e+04
3.388126139822319237e+04
3.073750975208756427e+04
3.790901072611752898e+04
3.242933375307214010e+04
3.356640387534187175e+04
3.059394548763621424e+04
2.833055381332252728e+04
2.941544313864384458e+04
2.309577005515789278e+04
3.003699184361675725e+04
3.161466299838687337e+04
2.724083319963170652e+04
3.571335115273228439e+04
2.609100771818307840e+04
3.096123110618702049e+04
2.738264634282089537e+04
2.908793721922218901e+04
3.131014159243443282e+04
3.238402278432663297e+04
3.759728789867097657e+04
2.968220876208364280e+04
3.136974678015362588e+04
2.918456436063282308e+04
3.151895119205908486e+04
3.930784770773270429e+04
2.780448075479334511e+04
3.364669058009261062e+04
3.109825004456665192e+04
2.796293288818374276e+04
2.954803626506125147e+04
4.183640003076100402e+04
2.781778035961641945e+04
3.469801024104584212e+04
3.081088130188059586e+04
4.497650966925294779e+04
2.933221656350940248e+04
2.949743925359838977e+04
3.185834559991199058e+04
2.593442857796091994e+04
2.953436677736151614e+04
3.141294764023815878e+04
2.936405137719847698e+04
3.351077994596815552e+04
3.636196693990911444e+04
2.652142625394203424e+04
3.276213802630735881e+04
2.885606366102924221e+04
2.595337791870657020e+04
3.331834472871664184e+04
3.230433797844514629e+04
2.889106105659343666e+04
3.108737184057127160e+04
3.013773187682850039e+04
2.943679803157587958e+04
2.974875716991279478e+04
3.783122911499968177e+04
3.025965787359319438e+04
3.819538224573329353e+04
3.200234248871712043e+04
3.250743802880387011e+04
3.249780932082539584e+04
2.959956111482392225e+04
2.973273338363636140e+04
3.346101098857072793e+04
3.139547565081703942e+04
2.866516770966925105e+04
3.007078711999957159e+04
3.086773022659558774e+04
2.904663634988250124e+04
3.009284996265814698e+04
2.736737005459196007e+04
3.102548319399659158e+04
3.011321270209515933e+04
3.223043057701491489e+04
2.990364799039352874e+04
3.064641995473897987e+04
3.034717665674725140e+04
4.667453803111868183e+04
2.974803306143172813e+04
3.148173451765263962e+04
3.285226022822322557e+04
3.637082645605853759e+04
2.501715650698623358e+04
3.049481332710004790e+04
3.387198023560833099e+04
3.523498009157323395e+04
3.551196052509343281e+04
3.019737162545570027e+04
3.682943810300542827e+04
3.350800267447708757e+04
3.548058793935019639e+04
3.294407365133543499e+04
3.062685836238364936e+04
3.364522902464697836e+04
3.000622753904940691e+04
3.228252865928515894e+04
2.781498835692565990e+04
2.726045013319115969e+04
2.921120566366060666e+04
3.575981249374533218e+04
3.079355530544096109e+04
2.792031867670289648e+04
2.992390821454549587e+04
3.703939477524795802e+04
2.836400750622739361e+04
3.417496009466724354e+04
3.163586442052951315e+04
3.342833975763654598e+04
2.942784574395055824e+04
3.208598715043603079e+04
3.214897106095615527e+04
2.511075398812065396e+04
2.829711173041589063e+04
2.898301994264580208e+04
2.873360693573132085e+04
3.819461958259436506e+04
2.801531406875534958e+04
2.960658098148316640e+04
3.025541890583939312e+04
4.003998413251969760e+04
2.809888794955725461e+04
2.991410386923494661e+04
2.799047623773465239e+04
3.465162725302452600e+04
2.609608214635627519e+04
3.161511787901589196e+04
3.042334909931817674e+04
2.962293127470764011e+04
3.007281956745434218e+04
3.212732541043536185e+04
3.011566802011638356e+04
2.633075029910821104e+04
3.052521421241917051e+04
3.051468680610976662e+04
3.586877248967008927e+04
2.979116712734957400e+04
2.905192201319950982e+04
2.991926863375394169e+04
2.890217471357238173e+04
3.277464494029302296e+04
3.516340274699188740e+04
3.155926451722782804e+04
2.793980124818013792e+04
2.840875770600753822e+04
3.774824094620681717e+04
2.946974596126513279e+04
2.620928410733627243e+04
2.471478614180933073e+04
3.362549859711270256e+04
2.876063923678329593e+04
3.041380877048413458e+04
3.384893559854402702e+04
3.387751091129086126e+04
3.630507549651699082e+04
3.513944787453273602e+04
3.131086970661549640e+04
3.741880435726819996e+04
2.912563790281182446e+04
2.851403797026873872e+04
3.614165723757445085e+04
3.205473543739618253e+04
3.819899503575530252e+04
2.645159738455057231e+04
3.308128531779446348e+04
3.152346081409041653e+04
3.629205234867508989e+04
2.988539652351651603e+04
2.919888898808547674e+04
3.896114272507803980e+04
2.978822817926793505e+04
2.988081316062495534e+04
3.923196047122395976e+04
3.237179510940826731e+04
3.277810173901166127e+04
3.118031681987373304e+04
3.125335825890742854e+04
3.082661446901417730e+04
3.113324572084282408e+04
2.983751699634205579e+04
2.846249195526920084e+04
2.856009527523993529e+04
3.574038310141373950e+04
2.975734234780005863e+04
2.833041916109113299e+04
2.901462856537538755e+04
3.226586953501876633e+04
2.935565418292631512e+04
3.771023813742885250e+04
3.228115287053218344e+04
3.873565910393152444e+04
2.810036646084733002e+04
2.579805572578480860e+04
2.974308576542843730e+04
2.793585701045779933e+04
3.068166187572250055e+04
2.930398128993453429e+04
3.424089924370532390e+04
3.012653576038244501e+04
3.224406864833170766e+04
2.804970503548462875e+04
3.043549659662170598e+04
3.131098281706473426e+04
3.738519290170061868e+04
3.450821022413981700e+04
2.769691712897402977e+04
2.872217627941232786e+04
2.879074836324871285e+04
2.976860663075299817e+04
3.109215495233592083e+04
2.990114567896061271e+04
2.738228812100414871e+04
3.229244081327378808e+04
3.267713565647297946e+04
3.549051328970494797e+04
3.080504446695477600e+04
3.204247803292365643e+04
3.174055002088892070e+04
2.764236309874341896e+04
3.522025629212800413e+04
2.755386021440383411e+04
3.050788930049164628e+04
3.474564643256668933e+04
2.931912377785467834e+04
3.131161444639597175e+04
3.191464522317644514e+04
3.086195192741150458e+04
3.731338950142683461e+04
3.047386551058186888e+04
2.916206672746439654e+04
2.905908718956124721e+04
2.949089746692232802e+04
2.757477972954021243e+04
2.718449575184227069e+04
3.031410011541840868e+04
3.492099672882408777e+04
2.989504476060008892e+04
2.950060338069920181e+04
3.403609842462579400e+04
3.217467985032236174e+04
2.960076238763741276e+04
3.349310500314461387e+04
3.109932020916109468e+04
2.785583059423654049e+04
2.779853217518239035e+04
2.797995558780022475e+04
3.062237440823548604e+04
2.695987972919021195e+04
2.364971859302291341e+04
2.907316773417340664e+04
3.023311673911292019e+04
2.770139592952380917e+04
2.842256000026169204e+04
2.957092187948810897e+04
3.137568612730507812e+04
2.881560745438633603e+04
2.580909315699439685e+04
2.958186575375033499e+04
3.265331655915918236e+04
3.493496057859807479e+04
2.638431394242687020e+04
2.570718619831380784e+04
2.788392865727622848e+04
3.336701607536237134e+04
2.985660865309199289e+04
3.057605680803031282e+04
3.094079080489735134e+04
2.877663853524879596e+04
3.169950594261235165e+04
2.870945679272105554e+04
3.235800601295368324e+04
3.175111552762904103e+04
2.588636274650617634e+04
3.139462721037775191e+04
3.331624638622005295e+04
2.893190465950649741e+04
3.590474645951226557e+04
3.901359035825987667e+04
2.809005540030257180e+04
2.854524371782385788e+04
3.446179024336837028e+04
2.939257979487228658e+04
2.861426549473789055e+04
2.843410558930903790e+04
3.149234170959927360e+04
3.078498861499487612e+04
2.908892248079695491e+04
2.932655062685677694e+04
3.247755539286561543e+04
3.178550243039168345e+04
4.253188779700934538e+04
2.709295299306323795e+04
2.952810096113870532e+04
2.741021366077538914e+04
2.546962728166750094e+04
3.199044226374127174e+04
3.194204209231571076e+04
2.926737654621556430e+04
3.024819552064132222e+04
2.477422600487803720e+04
3.005855817097659019e+04
2.949230452417265042e+04
4.187570843642463296e+04
3.030864775968503454e+04
3.741592839061048289e+04
2.949096226552026201e+04
2.811298113426419877e+04
2.855061443316873556e+04
2.621806811666909562e+04
3.102821185247932590e+04
2.637664965441989989e+04
3.290107472764939303e+04
3.613916832540251926e+04
3.102542514003856922e+04
3.163738064052442132e+04
2.608974911430804423e+04
2.922567142485688964e+04
2.523324986666063705e+04
3.218246766096594729e+04
2.869619044098349332e+04
2.919710343408479093e+04
3.106541116042913200e+04
3.298915796735241747e+04
2.926555536224247044e+04
3.039107049310810908e+04
3.211487033588382837e+04
3.220001994324564657e+04
3.300447624123902642e+04
2.919424743374791797e+04
3.072582760504424732e+04
2.879263091042984524e+04
2.768518695068723173e+04
3.111490749823762599e+04
2.837160997285976191e+04
3.999167670425321558e+04
2.891859629472292363e+04
3.323261232636335626e+04
2.953123926002252119e+04
2.895128837555283826e+04
3.405725056201750704e+04
3.381542091627900663e+04
2.905865774581626465e+04
3.051792873789718578e+04
2.784763035299100375e+04
2.751317688202556019e+04
2.842595777355617247e+04
3.220408787924523131e+04
3.598774623144778161e+04
2.814977765172962972e+04
3.368241991949579096e+04
3.077604754634441997e+04
2.885931473320042278e+04
2.955975006649300121e+04
3.142700792663141692e+04
3.498031610505530261e+04
2.611257336471211238e+04
3.371620894097259588e+04
2.651017454361190175e+04
2.730101040354357247e+04
3.482448684633451194e+04
3.146089596298555261e+04
2.690912311563048206e+04
3.594989800298814953e+04
2.779316761635934745e+04
3.106002401712502979e+04
3.243430023131331836e+04
2.642680166499565166e+04
3.076495706528331721e+04
2.961708077502853848e+04
3.063815247521784841e+04
3.377761479253292782e+04
2.969303245787770720e+04
3.033939476785489387e+04
3.254597220501206175e+04
3.132264327188432071e+04
2.704787319235661926e+04
3.330623820200264163e+04
3.031998639995096892e+04
2.950094787351274499e+04
2.807003894401117213e+04
3.076265274868307097e+04
3.324330914485413814e+04
3.613496821151156473e+04
2.886214332442835075e+04
3.112440272959430149e+04
3.469292697464780940e+04
3.745387987866121694e+04
2.912960007781422246e+04
3.588714334014524502e+04
2.821419486751217482e+04
2.919872820634843811e+04
3.097172224979741077e+04
3.482556929117233085e+04
3.221418809631704426e+04
3.577140601963697554e+04
3.888334421625737014e+04
2.963704827582431608e+04
2.946700029234603062e+04
2.700289451355319761e+04
3.670907902608480799e+04
2.673153715321162963e+04
3.442960249791287060e+04
2.813020325956226225e+04
2.857881682404651292e+04
3.206789730854012669e+04
4.201883570203165436e+04
3.347011246509398916e+04
2.791464593782829979e+04
2.621507965156008504e+04
2.664880231538773296e+04
2.797481494770944846e+04
2.909591704146319535e+04
2.808096262161804043e+04
3.032568973607189400e+04
3.008147602045147505e+04
3.003055773237635731e+04
2.553120331764419461e+04
2.753729657831351506e+04
2.778905923872929634e+04
2.867042233133658738e+04
3.486123790250868478e+04
3.067273775276705055e+04
2.915914529327989294e+04
2.862234944406621435e+04
2.900072804981268928e+04
3.489273652288381709e+04
2.696861312963893943e+04
3.242149265067682791e+04
2.785468897266031854e+04
3.576925732698418869e+04
3.292981593843513838e+04
2.689454858893444180e+04
2.700704292364572393e+04
2.573495027702055449e+04
2.974657014674008315e+04
3.373274704418832698e+04
3.267181243972710581e+04
2.799563777471136564e+04
2.870937688564363270e+04
2.622786929313152723e+04
2.984770886473376231e+04
2.595067265239296103e+04
2.762241320325387278e+04
3.212247531210679153e+04
3.509962244180544803e+04
3.144489642025133799e+04
3.020710427077048371e+04
3.829546887031615188e+04
2.567202527359587475e+04
2.762064157485157921e+04
3.232802493728020272e+04
3.032005681775649282e+04
2.837670418424550371e+04
3.027172848167342818e+04
3.422363216179668962e+04
2.688990936928730662e+04
3.204142748665302861e+04
3.446537510450415721e+04
3.173500160783344472e+04
2.225671177758758495e+04
2.964495655580063612e+04
2.779494496727309524e+04
2.954082500094251009e+04
3.023064068214096915e+04
3.265803238490657168e+04
3.597076988032131339e+04
2.406180817783651582e+04
2.896920190907663346e+04
3.675935390983136313e+04
2.696231061719160425e+04
3.859369314863454929e+04
3.387618070934485877e+04
2.956507186124102373e+04
2.747913883688140777e+04
2.755259176418176139e+04
2.806775614542207404e+04
2.878226815521109165e+04
3.087318630034067974e+04
2.691374385324157265e+04
3.387173986292971676e+04
2.905360563713064039e+04
2.802238655465542251e+04
2.835915418083977420e+04
3.336127191556085745e+04
2.860778243194294555e+04
3.153829627408444139e+04
3.060770873502707764e+04
2.992389988378585622e+04
2.497281519892871438e+04
3.183416073330334621e+04
2.781721520530600174e+04
2.398339384539367165e+04
2.725617453701180784e+04
3.133209664620338663e+04
2.967932456796531915e+04
4.122289036756099813e+04
3.299524371828769654e+04
3.206547809028880511e+04
3.607844813239596988e+04
3.460483067226963612e+04
2.868881018405653231e+04
3.070305467646098623e+04
2.767226890444100718e+04
2.621730279686929498e+04
2.925077119581411171e+04
2.800992470281738861e+04
3.269948796716491415e+04
3.050408933026404338e+04
2.921867504359184022e+04
2.920159471060944270e+04
2.495600776704815507e+04
2.732039179862513629e+04
2.464678545585647589e+04
2.258134126665565418e+04
2.718345188917671476e+04
2.706460010497357143e+04
3.249122116403803739e+04
3.597969521975360112e+04
2.787353833533461875e+04
3.026871768231417445e+04
3.101261908782664977e+04
2.837822563573373191e+04
3.097455680785752338e+04
2.883483111685949552e+04
3.327390684205767320e+04
2.935052483443409074e+04
2.672594680031939060e+04
2.490116226308228943e+04
3.185903339604971916e+04
3.389142568021886109e+04
2.888826729762574541e+04
2.850404486476114835e+04
3.157762771370303744e+04
3.233067884722441522e+04
3.172934110759137911e+04
3.930369274841841980e+04
3.013831961512214548e+04
3.152978627638059697e+04
2.774969329422640658e+04
2.987284178806075943e+04
2.928781725052451293e+04
3.114069472536658941e+04
2.662243143442905421e+04
2.982328027184641905e+04
3.257859380367188351e+04
3.675563925104073860e+04
2.735831995181203820e+04
2.738169165209442508e+04
3.438733285924081429e+04
2.983586013979676136e+04
3.410752324415311159e+04
2.860051615016814685e+04
2.753837637781780722e+04
2.980142700894008158e+04
3.047200234210850613e+04
3.213053550061393253e+04
3.537495555223982956e+04
2.967882584212299116e+04
3.057127993604485528e+04
3.211568833349380657e+04
3.101031894246310912e+04
2.898754790640697684e+04
2.375845817098042971e+04
2.719731813933060039e+04
4.113794555317363120e+04
2.812051092871914079e+04
3.273132034785558426e+04
3.092162372243426216e+04
3.135886185736687548e+04
2.928649409122996803e+04
3.044491925694712336e+04
2.397405502392574999e+04
3.465851313472525362e+04
2.752572020058782800e+04
3.159427521271865407e+04
3.003447642534412444e+04
2.502195224624482944e+04
2.939286810267618057e+04
3.351403511585901288e+04
3.049577562090900756e+04
2.775521754684093685e+04
3.066696109960648027e+04
2.865714951169615233e+04
2.798398493162427985e+04
3.302796135696993588e+04
2.648926830449602130e+04
2.790150161665131600e+04
2.733427238969448081e+04
3.388192588201609760e+04
3.157161438708957940e+04
2.623546375200252442e+04
3.366649827732686390e+04
3.157240595083054723e+04
2.792492896051967182e+04
3.699815983047774353e+04
3.346917189712370600e+04
2.966173205055523795e+04
3.034387191214136328e+04
2.778928866635140366e+04
3.337035856949775189e+04
3.717470773693260708e+04
2.903675035671146907e+04
2.877973661538881061e+04
3.196835656852870670e+04
3.361056775700416620e+04
2.776366684415409327e+04
2.962640139244890452e+04
3.257455497844859201e+04
3.311523827558058838e+04
3.805364616560604918e+04
2.985319299627381406e+04
2.812004309550065591e+04
3.201137628633200075e+04
2.609220732806307569e+04
2.909349271211184168e+04
5.116012931641721661e+04
2.829011711125740476e+04
3.901684524412741303e+04
3.330421209593026288e+04
3.082566936157076998e+04
2.790557818016026431e+04
2.788046542884449082e+04
2.869150191355647621e+04
3.163968045488131611e+04
3.623421280877463869e+04
2.956464890901991748e+04
2.616473964655804230e+04
2.968136172626407642e+04
2.868046870574433342e+04
2.965699212185149372e+04
3.217669449970822825e+04
2.623925237244498931e+04
2.630665263831184348e+04
3.094501198843343082e+04
2.886577040732937530e+04
3.611199461623631942e+04
3.168281659784989097e+04
2.977042797170087579e+04
2.709208911632905074e+04
2.810619352927723594e+04
3.293960521815229004e+04
3.574286009907819971e+04
2.683090741774093112e+04
2.856402486960373426e+04
3.431302284409254935e+04
2.821885638229361939e+04
3.352145272185424983e+04
3.372375928038131678e+04
3.284084685343403544e+04
3.147064996159001385e+04
2.947465314194589155e+04
2.773245687978350543e+04
3.317856812779308530e+04
3.260973007291766044e+04
2.465510068881509142e+04
2.919216339680750752e+04
3.408242632155320462e+04
3.439617719905966806e+04
2.641795878331442873e+04
2.737081466111713235e+04
2.971615928853084188e+04
3.519081248922915256e+04
3.122567601159287369e+04
3.598286676094232826e+04
2.975981995238253512e+04
2.945570292150344903e+04
3.124319422345145722e+04
2.906116314271544979e+04
2.902122500445122569e+04
3.353075102434813016e+04
2.851790965928402147e+04
3.027700971886861953e+04
3.039415663849558769e+04
2.686232835268898634e+04
3.155380919732236362e+04
3.126947193052247167e+04
2.626623273732363668e+04
2.723791570382976715e+04
2.771402098173247941e+04
3.150780719170694647e+04
3.195632295115858506e+04
3.007209892514563035e+04
3.331482074821479910e+04
2.915476900141471197e+04
2.920617658675535495e+04
4.051451835412313812e+04
3.310706715139120934e+04
2.870975361761486784e+04
2.970758953796750211e+04
3.477731736101537535e+04
2.911783283107784519e+04
2.676164420428952872e+04
2.886538973839804385e+04
3.044051683016641982e+04
3.142563364187388652e+04
3.205972989198311916e+04
3.437993283955861989e+04
3.062704135272601343e+04
3.300108889392320998e+04
3.167514685849856687e+04
2.917333852105079859e+04
3.081693847796841146e+04
3.235324274890080414e+04
3.447681212728604442e+04
4.128732945730409847e+04
3.826163281232043664e+04
2.700860281024669530e+04
3.404408852725965698e+04
2.861580171471460199e+04
2.579013092743593006e+04
3.070861055709647917e+04
3.017328813560099297e+04
3.384127795071651781e+04
2.744647789370267856e+04
3.412693435996994958e+04
3.584386156838230090e+04
2.883809620161235216e+04
3.337879734457659652e+04
2.943995662344825178e+04
3.066578357671832782e+04
2.499453413954342250e+04
3.576945059052955185e+04
3.318456456531149888e+04
3.276589192337881832e+04
2.727135368754620868e+04
2.380783477965814018e+04
3.248337830702554493e+04
3.041731230182025320e+04
3.135964290193884881e+04
3.165232574474436115e+04
2.959214487761250712e+04
3.198891562125232667e+04
3.064048452834237833e+04
3.142957135936015766e+04
3.491356636799940316e+04
3.392842795426540397e+04
3.636355753736681800e+04
2.705045025936553793e+04
2.583636450988951765e+04
2.642492709720581479e+04
2.824413130093196378e+04
3.105579866794801637e+04
3.119227856106421314e+04
2.898510089089917892e+04
3.369862889340711990e+04
2.917422517119196345e+04
3.413549135788778221e+04
2.891960396652375857e+04
2.908591204022606325e+04
3.781602149055397604e+04
2.886115502033424127e+04
2.943652213876548922e+04
3.412840792763655918e+04
2.853260145172224293e+04
3.042247677396461222e+04
2.984809190433002368e+04
2.957087128064421995e+04
3.153913676105678314e+04
2.880435949492952568e+04
3.108316943183375770e+04
3.038007489318965963e+04
3.774488571372631850e+04
3.244684637475832278e+04
3.053358386466200318e+04
4.283678625744856254e+04
2.885341752527234348e+04
2.987454288642872416e+04
2.492286167849066624e+04
2.624699524282027051e+04
3.091149965345693272e+04
2.995287596510347066e+04
2.751986187879549107e+04
3.693686351270216983e+04
2.730870589666245723e+04
2.999636338513925875e+04
2.331883643245702842e+04
3.280661906431146053e+04
2.999531036716073868e+04
2.808981209739717815e+04
3.075674717729253825e+04
3.034026814298190584e+04
2.873229267536842235e+04
3.013555651009072972e+04
3.195751673763550571e+04
3.808061253681279777e+04
3.290650687269442278e+04
3.209922088093336424e+04
2.969064356081364895e+04
3.944709956345718820e+04
2.828801087304318207e+04
2.618446164915611735e+04
3.859723825179123378e+04
3.083246225519790096e+04
2.795052768978459426e+04
2.877938250475875248e+04
3.271089221028019892e+04
3.342967240219514497e+04
3.128729867743478826e+04
3.177644872326044788e+04
4.114447559040785563e+04
2.987039554132127523e+04
3.131285322223206822e+04
3.037040071150623407e+04
2.635666346388545935e+04
2.552974048997136197e+04
2.653684037560077559e+04
3.028423386159035726e+04
3.856005477993532259e+04
3.111153034748587743e+04
2.952374465670534846e+04
3.344556624397199630e+04
3.540192178320248058e+04
2.728696929723522771e+04
3.751644086734767916e+04
3.719045208391259803e+04
2.772446740194827362e+04
2.835841954537441779e+04
2.744527581557790472e+04
3.251228763561024243e+04
3.361091455982522893e+04
3.103081337061544400e+04
2.962706538788248145e+04
3.272018151355958616e+04
2.828613111524361375e+04
3.226572968935676181e+04
2.884491534462372147e+04
2.965510675763919062e+04
3.771822769185850484e+04
2.803424338718778745e+04
2.999956600253506258e+04
2.639693397213768549e+04
2.847797416204967885e+04
3.451065764125629357e+04
3.429017892417305120e+04
2.987559572804650816e+04
3.003730008263064519e+04
2.793697524887925101e+04
2.537373257312356873e+04
3.375542982271133951e+04
2.770695092178046980e+04
3.088849970511510037e+04
2.831876162373404077e+04
3.064233453620742148e+04
3.206635641646790464e+04
3.151252023997026117e+04
2.835990401877293334e+04
3.079856849132301068e+04
3.036518084963969886e+04
3.124389420848433292e+04
3.085163167312964288e+04
2.796950250460366806e+04
2.962380128291440633e+04
2.532798212937879362e+04
3.250152493505018720e+04
3.034371232306030652e+04
2.576415586114960024e+04
2.727310095362156426e+04
3.349087213897181937e+04
3.933916389433574659e+04
3.179853179620725496e+04
2.993703957005452685e+04
3.770258790775333182e+04
2.801188616360550805e+04
3.016556902503142555e+04
2.906567205675134392e+04
2.991226509812415316e+04
3.476810063613994134e+04
3.114934707700185390e+04
3.252660892841323584e+04
2.933892164403066636e+04
3.108815097430183596e+04
2.647725780095912341e+04
2.954280107248237618e+04
2.952181268169101895e+04
3.483245242401573341e+04
3.599849749402283487e+04
2.763499590324704695e+04
3.009638994821668894e+04
3.295061353589008650e+04
2.932274310823719497e+04
2.817461728347880489e+04
2.947572414020369615e+04
3.188939607458219325e+04
3.163689933758411644e+04
3.631933840504023829e+04
2.975820831124051983e+04
3.203885606625371656e+04
3.289343291362930177e+04
3.572319858118000411e+04
3.001974133481168974e+04
2.561226191194822241e+04
2.893493057079176288e+04
2.687584751326467085e+04
3.172886667070411931e+04
2.976339347012321014e+04
3.040875368542159413e+04
2.625455503727152609e+04
3.133558067962855421e+04
2.759759482319454037e+04
2.938865705770817658e+04
3.392657549471169477e+04
3.173740059747070700e+04
2.975323899780756619e+04
2.516021394685216728e+04
2.840920782308830894e+04
3.232170557797923539e+04
2.616539289697887580e+04
2.598642882424511481e+04
2.699657825625940677e+04
3.125031664903319324e+04
2.751946943005501453e+04
3.011415121939301389e+04
2.727428393255859191e+04
3.193527218790281404e+04
2.915706284688478627e+04
2.755968563664584144e+04
3.151315659937615419e+04
2.837939795708049132e+04
3.138562801399740420e+04
3.010708925853554683e+04
3.185245434606093477e+04
3.371936102660647884e+04
3.120723697911417912e+04
2.800919072881865941e+04
3.251021604457609283e+04
2.771358711293339366e+04
2.802768298652802696e+04
3.133187340932922598e+04
3.199921707317214168e+04
3.699307059528677928e+04
3.641835314827279217e+04
2.947218480223185543e+04
3.195115137913814397e+04
3.749320670099172276e+04
4.035084633087241673e+04
3.614376705656402919e+04
2.981130894130895831e+04
2.808613897385260861e+04
3.401787083616259770e+04
3.787307342005913233e+04
2.921452394274910330e+04
2.444874303770303231e+04
3.141059191348899913e+04
3.289023005640212796e+04
3.377322151106892852e+04
2.718536568891743809e+04
2.569142611949781349e+04
3.295513741386752372e+04
2.869691790164183112e+04
2.611725755341863623e+04
2.673268394507456105e+04
2.940685533379704430e+04
3.436856906931897538e+04
4.147114866841973708e+04
2.747567629647695139e+04
2.512520181467489601e+04
4.156901131737193646e+04
2.917746539995505373e+04
2.862788206612149224e+04
3.060917513310074355e+04
2.855015381381807310e+04
2.652030710810502933e+04
3.061641473055121241e+04
3.000688490269435351e+04
2.479735113017950789e+04
2.713813686551293358e+04
3.097851918281952021e+04
3.321406926987998304e+04
2.912671996389625565e+04
3.203365243400349209e+04
3.355762175488029607e+04
3.072635510488212458e+04
3.284980974952084944e+04
3.119898772685808581e+04
2.684678609951644103e+04
2.850011872886863421e+04
2.959120705672581607e+04
2.689450945829236298e+04
2.769071275451636029e+04
3.606360946703514492e+04
3.168949256092054202e+04
3.695029018967621960e+04
3.991419156090284378e+04
3.645093926977040246e+04
3.563480985375811724e+04
2.521303761660261080e+04
3.088466520915482397e+04
3.109221471602318343e+04
2.586002517653108225e+04
3.004073676701392833e+04
2.683348834184315274e+04
2.665381605229377601e+04
2.595585562395596935e+04
3.147151344304505983e+04
3.057380802365575801e+04
2.980106543479055108e+04
2.865092712266453236e+04
3.109943236599612646e+04
3.430363263163787633e+04
3.332964516254478076e+04
2.931572162156979539e+04
2.628327496138308197e+04
2.942138192725613044e+04
2.913872001729654221e+04
2.321658747973654317e+04
3.057409078686069915e+04
3.709764531340998656e+04
3.118118270825528089e+04
3.143496231511589940e+04
2.962026869739142785e+04
3.324673430453958281e+04
3.843587812445699819e+04
2.859311823934886706e+04
3.527714026550054405e+04
2.682930426955522489e+04
2.720764409587127011e+04
2.690516731558265019e+04
2.922534070312475524e+04
2.542012134827470072e+04
3.673410378540193051e+04
3.086411219326467472e+04
3.144744535156158599e+04
2.812273172951516608e+04
3.159598165683920161e+04
2.957259477920049176e+04
3.758870877875501174e+04
3.525184775506082224e+04
2.858378154680395164e+04
3.033013155806571740e+04
2.917269349649086507e+04
2.514089032065454739e+04
2.800418151187899639e+04
3.203217054957883011e+04
2.881364723395111287e+04
3.003008881320478395e+04
2.989627308562975668e+04
3.055631401714808817e+04
3.451415141821154248e+04
2.765990231837286410e+04
2.852170114612136240e+04
2.940334745227833992e+04
2.830456227987510283e+04
2.911674636369730069e+04
3.256186243484644001e+04
2.909438563775625516e+04
2.897773738109688566e+04
2.786894600845448440e+04
2.832014921897080785e+04
2.821776890259170250e+04
2.746768142577203253e+04
2.794738907285458481e+04
2.743611450481614520e+04
2.963318911912019757e+04
3.473116183393813844e+04
2.859393476320859554e+04
2.459269915031242999e+04
3.132643398245890785e+04
3.235140211655279927e+04
3.211452519439379830e+04
3.114244578018991888e+04
3.460151038574869744e+04
2.997299250145872793e+04
3.005516456707054385e+04
3.232387997644325151e+04
3.626478989909825032e+04
2.673875550058919180e+04
3.031180265981870252e+04
2.649694172773560058e+04
2.676482178251399819e+04
3.376988032418607327e+04
3.440457960449397069e+04
2.508711710528187177e+04
4.085924059687122644e+04
4.392080624998526764e+04
2.737397775285733587e+04
3.036015516073461913e+04
2.644854158463667045e+04
2.748933319353312982e+04
2.979526079467827731e+04
3.034454312308629596e+04
3.061068260603336239e+04
3.101134189884467560e+04
2.757099954678899303e+04
3.673165710414329806e+04
3.083087782494089333e+04
3.225557817363385038e+04
3.769260711939348403e+04
2.860860825354317421e+04
3.182378104972883739e+04
3.145826491459914905e+04
2.746069624811115864e+04
3.339265981635530625e+04
2.909648978565121070e+04
3.106545215627182188e+04
2.906822193723432792e+04
2.525233450591558721e+04
2.641729884432347899e+04
2.617661679758853279e+04
3.063156353568198392e+04
2.853215535476529112e+04
3.230506822979399294e+04
3.197867056663749099e+04
3.905894644757275819e+04
2.490562574288891847e+04
2.523380631695432749e+04
3.742427903029829031e+04
2.951235989454891023e+04
3.169171902449645859e+04
2.954619326342623390e+04
2.698237617818623403e+04
3.471717320844397909e+04
3.055533521075995304e+04
2.701987521740518787e+04
2.514747337131504173e+04
3.146804868712511961e+04
2.593419016505083709e+04
2.593946313723658750e+04
3.251850707581099778e+04
3.003318042919026266e+04
2.604551987989844929e+04
2.693168050600541028e+04
3.434864285622870375e+04
3.224238560840997161e+04
3.778980513961082761e+04
2.728040312156554864e+04
2.914122200795354001e+04
2.918483212857350736e+04
2.671123081061418634e+04
2.779398920357412135e+04
2.850517893710733551e+04
2.647818393706363713e+04
3.531998745518115174e+04
3.124494521024763890e+04
2.983683542265038704e+04
2.893813183979938549e+04
3.325470984151675657e+04
2.929834275563372648e+04
2.903938237037016370e+04
3.113083029703570719e+04
2.943197888410376254e+04
3.526268331345607294e+04
2.558292103687945928e+04
2.858119780951918801e+04
2.844498908134653175e+04
2.732181430195992289e+04
2.876272710818086125e+04
3.808580738319764350e+04
3.133804627861313202e+04
2.855727985776363130e+04
3.110931773454556969e+04
2.791450075473977631e+04
2.856411972922118730e+04
2.792616473508569106e+04
3.210684186699586280e+04
3.534201339548763644e+04
3.011661213730090094e+04
2.849804230732410360e+04
3.546310089998029434e+04
2.810472758225426151e+04
3.129487036373679803e+04
3.091439729112353598e+04
3.180795260375190264e+04
2.955670892771420404e+04
2.526677099146832552e+04
2.372617320086588006e+04
3.320265069959939137e+04
2.595474769817006745e+04
3.193806033807011408e+04
2.466335041434305822e+04
3.570695192659546592e+04
2.767686701403725237e+04
2.890547346556675620e+04
3.894014482265735569e+04
3.231333744873982869e+04
2.915277485352121585e+04
3.084836027139531870e+04
2.516998948234532145e+04
2.713246169985221422e+04
3.082874321201536804e+04
2.758208034414038411e+04
2.927811807225676966e+04
2.949898914887122010e+04
2.498453356879912462e+04
2.786678258219732015e+04
3.611875289856707241e+04
2.847717157231198144e+04
2.896889127394857132e+04
3.151241804639381371e+04
3.054409089991617293e+04
3.252037890561223685e+04
3.570159255684716481e+04
2.987255485282052905e+04
2.974252550798464654e+04
3.322265303180999763e+04
2.911234137515265684e+04
3.268490237163681013e+04
3.223567048546920341e+04
3.152455383191840156e+04
4.483336588665889576e+04
3.185036594995321866e+04
2.825577905705300509e+04
3.109424977209123244e+04
2.835123199363018648e+04
2.563646879628760144e+04
2.578101606211839317e+04
3.244789506047001123e+04
2.821009157101033270e+04
2.796729437217512896e+04
3.218881471254841381e+04
3.328275371264589921e+04
2.914283549187607059e+04
3.109001974612859340e+04
3.006468782013201417e+04
3.510098360719838092e+04
2.745043793007797285e+04
2.594731838091365353e+04
2.744035363079839954e+04
4.090567049929995846e+04
3.092905944556711256e+04
3.051850974764254352e+04
2.848885723852069350e+04
2.717761036150218570e+04
3.050997374630336708e+04
3.239408211908345402e+04
3.708351505647999875e+04
2.498870492348705375e+04
2.511503775493937792e+04
2.769649737690501206e+04
2.495264920389339750e+04
3.133603205607526615e+04
2.586719453590331250e+04
2.893955040731062400e+04
2.838304172962655139e+04
3.407514584792860842e+04
3.118746883303895811e+04
3.666539560988207086e+04
2.890327790958024707e+04
3.314130483964573068e+04
3.833961901221685548e+04
2.758551185035862727e+04
2.668960920780629749e+04
2.668025917737050622e+04
2.654880803257751541e+04
2.550289264740164072e+04
3.083282490520990541e+04
3.955326844919650466e+04
3.447103277125828754e+04
2.884932553617972007e+04
2.821339217611175263e+04
3.005709963777226949e+04
3.321890933819309430e+04
3.043663419424374297e+04
2.708067146777727976e+04
2.825272448896382048e+04
3.005357762182887745e+04
3.796279332097630686e+04
3.166537614758946438e+04
3.223420725303613290e+04
3.253879366429079528e+04
3.396938023390202579e+04
3.633289942497210723e+04
3.932209498928109679e+04
2.712513631247279773e+04
3.139874179515536889e+04
3.278948853548800253e+04
3.184940629119088408e+04
2.727740587589489587e+04
3.146357473055781884e+04
2.938169830864096730e+04
3.194635504825717362e+04
2.682853386049261098e+04
3.017528440568775477e+04
3.149618062780524633e+04
2.983747972103679058e+04
2.933985700146830277e+04
2.438741058386712029e+04
3.191730974924296606e+04
2.575053598954481640e+04
3.046358831156343149e+04
2.730915312016750249e+04
2.988507449155708673e+04
2.752085253910718893e+04
3.496346517643711559e+04
2.908757865805382244e+04
2.928008427509518515e+04
3.005271517380723526e+04
2.910373581055872273e+04
2.965788499713440251e+04
3.967291293575993041e+04
3.196706615672121916e+04
3.150684597107494119e+04
3.318994176015399717e+04
3.030179765909631533e+04
3.173553198411772973e+04
2.808580430616398007e+04
3.286056422256716178e+04
2.757019570870586904e+04
3.693677935160574270e+04
3.327176516866216116e+04
3.365226681221646140e+04
2.991877363288976267e+04
3.893519258595131396e+04
3.097258088593263165e+04
2.687451848198956213e+04
3.918608450002035534e+04
2.710614486512760413e+04
3.313564751224374777e+04
3.337649381499600713e+04
2.760744547848897128e+04
3.371508216370837908e+04
3.530318485804933880e+04
2.944707523371674324e+04
2.649632325861588834e+04
3.095566353943324066e+04
3.289113631232927582e+04
3.078303869691181899e+04
2.768350815061994945e+04
3.128552608667618188e+04
3.979786185759903310e+04
2.858447928983427846e+04
3.177978883783763376e+04
3.452366629235697474e+04
2.953482624467192727e+04
3.898948913198746595e+04
2.654762268878672330e+04
2.368601927087129297e+04
2.947127100129525206e+04
2.564700791675892833e+04
2.800353758836199995e+04
3.057149295789549433e+04
2.685489117845826695e+04
3.121223243303844356e+04
3.234138327733080223e+04
3.116410097380952357e+04
3.070001779625917334e+04
3.178941529072407138e+04
3.259117855733818578e+04
3.769322171903620620e+04
3.367215971106224606e+04
2.661296294222925644e+04
3.414162797560349281e+04
2.937176439364242833e+04
2.763749888201793146e+04
2.940327622721205626e+04
3.930087387961432250e+04
2.890088818120584619e+04
3.357001624311145861e+04
3.451462441659744945e+04
3.275426478347839657e+04
3.530545802705339156e+04
3.375543096377065376e+04
2.900134361358621027e+04
3.040817076493579589e+04
2.789305756444960934e+04
2.757588543799495892e+04
2.617496769449182830e+04
3.173325205558779999e+04
3.368695148091790907e+04
3.485310218748891202e+04
3.235517168768433112e+04
3.519397814653386740e+04
4.025793516798671772e+04
3.748325861327243183e+04
5.373768865460753295e+04
3.028281174195622589e+04
3.123504242719002286e+04
2.739469817090181095e+04
3.571729648992862349e+04
2.840400253760194391e+04
3.438256272992885351e+04
2.889530016978805725e+04
2.798370731404799153e+04
3.212054358531329490e+04
2.783348087386891712e+04
2.522807812567281871e+04
4.332323825435752224e+04
3.036429209762862229e+04
3.438267972749444743e+04
3.032773650994311902e+04
2.669664195946900145e+04
2.457231449667610650e+04
3.453034513291098119e+04
2.675563672743284769e+04
3.321119973812152602e+04
2.909841249825923660e+04
3.512512609590595821e+04
3.595432059705153370e+04
2.603989598869608017e+04
2.971750791489361654e+04
2.746500975332557573e+04
3.189443297633573093e+04
3.079466397880524528e+04
3.237046649270140551e+04
2.654459543636301532e+04
2.867126794232281827e+04
2.831675213634918691e+04
3.555771289915124362e+04
3.209990435335215807e+04
3.135559776959399460e+04
2.839932102739345282e+04
3.317724477645238221e+04
3.409978312857887795e+04
2.643395654405565438e+04
2.713468779653569436e+04
3.043230788912531716e+04
3.029264061687896537e+04
3.143435010930592034e+04
3.051694816825280577e+04
2.798067624223004168e+04
2.867799067054588886e+04
3.079937827731032303e+04
3.189731558659578513e+04
3.172912119870585593e+04
3.086902094087107253e+04
3.117739696177053702e+04
2.766650804643341326e+04
2.963332113811104500e+04
2.671210431575784605e+04
3.726403738058626914e+04
3.781674899385520985e+04
3.057722508828026912e+04
2.632827343038358595e+04
2.729230922160751288e+04
3.166407481108025968e+04
2.864636574868674506e+04
3.402348770639122813e+04
3.175636618264980279e+04
2.888391942118629595e+04
2.864018377366837012e+04
2.979304302827831998e+04
3.244192524506881091e+04
3.027755547728731108e+04
3.645727978106044611e+04
4.175295561873500264e+04
3.470716380565706640e+04
2.978833809115605618e+04
3.128480163911475756e+04
2.666935895615517802e+04
3.300969395693343540e+04
3.024480319262969351e+04
2.525582449986774009e+04
2.753258130321518911e+04
3.771297094694426050e+04
2.937071541731720572e+04
3.270860986918229537e+04
3.820384893672508770e+04
3.477151658113146550e+04
2.863854278729088765e+04
2.763683528167376426e+04
3.596586837402703532e+04
2.797880401103222539e+04
3.196540999089130491e+04
2.801292042068866067e+04
2.935021383468665954e+04
2.905962646224337368e+04
2.548345060565642780e+04
2.761292106859987689e+04
3.103652318085216029e+04
3.785599215764003020e+04
3.275430619528095485e+04
3.156942100961348842e+04
2.917518670736890635e+04
2.751816643772375755e+04
2.383644071994038677e+04
4.483761921996759338e+04
3.607343875223478244e+04
2.694554799325399654e+04
2.799064046034461717e+04
2.999563766532424052e+04
2.802826125550356301e+04
3.354552862118953635e+04
3.573415354549821495e+04
2.961669035438404171e+04
3.225354262986058529e+04
2.863225306182418353e+04
3.786437626821550657e+04
2.850276075745797425e+04
2.561635325615510010e+04
2.840328042299862136e+04
2.897330170791466662e+04
3.044035202266242413e+04
3.631879489482898498e+04
2.583622294272710133e+04
2.973566075782724147e+04
2.981180448899566545e+04
3.029387193013779324e+04
3.347460231519654189e+04
2.785415509120574279e+04
3.757812029767367494e+04
2.734312657096783732e+04
3.030279804667722419e+04
2.477938311245940713e+04
3.422308485134991497e+04
2.841908109179187522e+04
3.623610034219266527e+04
3.094802975962141863e+04
3.468382686945935711e+04
2.804304991255789355e+04
2.905848373604121298e+04
3.028834135198898730e+04
2.548815973338950062e+04
3.171131500035414501e+04
3.305360402027892997e+04
2.938674194871012151e+04
3.015993833884339983e+04
3.530030538825505937e+04
2.463807460056469790e+04
3.063387603921291520e+04
3.230131388348016480e+04
3.470678428465041361e+04
3.505438886331282993e+04
3.063625092710982790e+04
2.987380732279715812e+04
2.382314476907848803e+04
3.610550400537122187e+04
3.270828063742565064e+04
2.935365538232077597e+04
2.398366489669128714e+04
3.171965212712975335e+04
3.226107882484560832e+04
3.333721998255021026e+04
3.123827671710487630e+04
2.850767610924775727e+04
2.751072397947619538e+04
3.061625110618619510e+04
3.038827510014337895e+04
3.208160233874257028e+04
2.824873326760985219e+04
2.968706844391509730e+04
2.496766641698880994e+04
3.543588680388710054e+04
3.268758294316402316e+04
3.344578035537335381e+04
3.076374274001361482e+04
3.343076057213974127e+04
3.546114984666612872e+04
2.994572503232776216e+04
2.986084815481887199e+04
3.019836010450169124e+04
2.573504674264421192e+04
2.557947232429775613e+04
2.466636692528589629e+04
2.698526959539641757e+04
3.039746694948459481e+04
2.664824669813695436e+04
3.336369553820623696e+04
3.402273917045260168e+04
2.890343240685732599e+04
3.525624344741983077e+04
2.577130831870148904e+04
2.786802396471360771e+04
3.173158878451515557e+04
3.418538198609765095e+04
2.720620072574815276e+04
3.122817418925930906e+04
2.654953168892987742e+04
3.179885022843738261e+04
2.812436490391635380e+04
3.408064390400548291e+04
3.759936575147219992e+04
3.358218812407671066e+04
3.501219798462848848e+04
3.000367344165790200e+04
3.185229354931391572e+04
3.383704120058463741e+04
3.460303798532211658e+04
2.959658101730021735e+04
2.829135494267123067e+04
2.805571972886965887e+04
3.270959455860966045e+04
3.480189214458486094e+04
3.654123832744187530e+04
4.197005646673864976e+04
2.896670435500494932e+04
3.655000524860937003e+04
3.368329118279065005e+04
2.942922337731301377e+04
2.959311090099482681e+04
2.731815576449209038e+04
3.553987468098521640e+04
2.891596293033943584e+04
3.153373351414443459e+04
2.641337658470069800e+04
3.228936955292675702e+04
2.527913540229285718e+04
2.870783338997713145e+04
3.427944696682738868e+04
2.740253390164192751e+04
2.658537308173327983e+04
2.751210199105958600e+04
2.590410743244304831e+04
3.471482222632880439e+04
2.846681779318976987e+04
2.668500401194247752e+04
3.011824609700734436e+04
2.738573732240415848e+04
2.839881060027952117e+04
2.899039485412549766e+04
3.388808162508301757e+04
3.421250967553944065e+04
3.204981586899190006e+04
2.925848266923767733e+04
2.735610098619514974e+04
2.943315759352827445e+04
3.000762006770484732e+04
3.215861055827530436e+04
3.538930943595941062e+04
2.714189568656528718e+04
3.195633443884263761e+04
3.104329844649749793e+04
2.984547870882583084e+04
3.051139288244616546e+04
2.762948951708927052e+04
2.982800936269663725e+04
2.444730039818609293e+04
2.684308207714316086e+04
2.751739428327709538e+04
3.292094614390050992e+04
2.622994100974003595e+04
2.845457479142192096e+04
3.484926392535941704e+04
3.501735019396548887e+04
3.063606568463432632e+04
2.766983401509980831e+04
2.875599250597950595e+04
2.690647385401578140e+04
2.837586586247961895e+04
2.886792325904089012e+04
3.007213373311827308e+04
2.597379201530482533e+04
3.279783975242588349e+04
4.013921763007099071e+04
3.162332128920744071e+04
2.966995523103852975e+04
3.696443753179063060e+04
3.022358367603903389e+04
3.059099285362319279e+04
3.100849251710799217e+04
2.729647701814350876e+04
2.656522283554888054e+04
2.879954777384169938e+04
2.985347958641053992e+04
2.727176088130278731e+04
3.186107767027744194e+04
3.079005750959635407e+04
2.967591382564226296e+04
3.677611348904243641e+04
3.198969025035597952e+04
3.398429303632456140e+04
2.997186940527171464e+04
3.038112235068146401e+04
2.794076788319422485e+04
2.987342494602377701e+04
2.698267388888622008e+04
3.039143375635360644e+04
3.473794810626062099e+04
3.020242236365605277e+04
3.077072564374130525e+04
3.091145714095620133e+04
3.329313356461525109e+04
3.269715512015505738e+04
3.250606017036995399e+04
3.206490281682454952e+04
2.895122371013888915e+04
3.036122524927891573e+04
2.505795513195718377e+04
2.547991841300461965e+04
2.789949740354073583e+04
3.032018067337323737e+04
3.327966083436812187e+04
2.814943908142661166e+04
3.481487703973442694e+04
3.322979204589577421e+04
3.231245975206978255e+04
2.829092392362922692e+04
2.872549425233475267e+04
3.054109373130673339e+04
2.912523595521806419e+04
2.824958642776999841e+04
2.984854729548810428e+04
3.806760896252906241e+04
3.127020489446845022e+04
2.989889395798133410e+04
3.375939719542848616e+04
3.440871081214692822e+04
3.145461100521267508e+04
2.432801892179311471e+04
2.355058809892312638e+04
2.640479181728993717e+04
2.521817222503525409e+04
3.295518346670097526e+04
2.592005907518419917e+04
2.773912321910827814e+04
3.124954866093183227e+04
2.865516921813414228e+04
3.805530440727232053e+04
3.317698939561015868e+04
3.036066227793108919e+04
3.293392103132228658e+04
3.148531832650865545e+04
3.417235097708416288e+04
2.800998879857060820e+04
2.989134278385491052e+04
3.433300970668125228e+04
2.811943809309686185e+04
2.797892467933234002e+04
2.772491437105826117e+04
2.694765717817170662e+04
2.909679986707407079e+04
3.290294687557066209e+04
3.775983502911918185e+04
3.032622137686801943e+04
3.315289524547056499e+04
2.996041160335265522e+04
2.845676022491315234e+04
3.023854624413292913e+04
2.803554627280774730e+04
3.698393275638963678e+04
2.770409479486112104e+04
3.072253127328354094e+04
2.482137032447336969e+04
3.078099217571180270e+04
3.024087866629043492e+04
2.930625566637125303e+04
2.844729156873004467e+04
2.713868514794444127e+04
3.399466100517350424e+04
2.983754644407416708e+04
2.837775998129318396e+04
2.647087052441865671e+04
2.828593536716316885e+04
3.569976119155408378e+04
2.534386058489094648e+04
2.942701721409733364e+04
2.968884988715325017e+04
3.542135064377402887e+04
3.232894830562079005e+04
3.199637291220300540e+04
2.261352792284907264e+04
2.735861822382619721e+04
2.922555573044795892e+04
2.713758382545935820e+04
3.277140069737045997e+04
3.322167068300956453e+04
2.676073369435522909e+04
2.762750981399675584e+04
3.015858838994456892e+04
2.572342711718630744e+04
3.686283466007304378e+04
3.321281277249794948e+04
2.926370580772202447e+04
2.567491891225698055e+04
3.007710257120220194e+04
3.015706860282028356e+04
3.014753784766290482e+04
3.366445857654416614e+04
3.402541847540587332e+04
3.094388517345526998e+04
3.266158865080595933e+04
2.813479450093969353e+04
3.143577114746461302e+04
2.937986725868071517e+04
2.779951243866912773e+04
3.341750619922444457e+04
3.609193836917314911e+04
2.859975056212092386e+04
2.936330327005115032e+04
2.839103724209655411e+04
2.928600155379348143e+04
3.443285822086462576e+04
2.940853662221905688e+04
2.552959772770568088e+04
2.650794392542462811e+04
2.905749002798553556e+04
2.858287833409674931e+04
2.798253285487859102e+04
3.070100622432305681e+04
3.174939432948272588e+04
2.750931338388560835e+04
2.601433121329688947e+04
2.928508476767214233e+04
2.434876474753491129e+04
2.841881667457871299e+04
3.187820882150254329e+04
2.917012740007708271e+04
3.895463346539626946e+04
3.453355114859699825e+04
3.178411843495623543e+04
2.917181074644452019e+04
2.556937069073205203e+04
2.637407628395172287e+04
2.792509866884785151e+04
3.145381336580313655e+04
3.195862875186056044e+04
2.947661303771657185e+04
3.111645041559293895e+04
3.315874028644070495e+04
3.184002576967607820e+04
2.940340042933876248e+04
3.170674973706343735e+04
3.014413701874967228e+04
2.522653002666213433e+04
3.212393727823828158e+04
3.551012172051286325e+04
2.647553370981578701e+04
3.524897393326807651e+04
3.074559556458410589e+04
3.484022152143246058e+04
3.980122054543176637e+04
3.086664340324064324e+04
2.947124689330923502e+04
3.021032671359584492e+04
3.250346968397750243e+04
2.925816187704721960e+04
3.104286828759616037e+04
3.271782038341699081e+04
3.269044034349122012e+04
3.057536261902700062e+04
2.781199938814544294e+04
3.091602395502994113e+04
2.886305285590550557e+04
3.160048969401215800e+04
2.946318547284278247e+04
3.281613152346324932e+04
3.918686931158204970e+04
3.253218776305476786e+04
2.689428265778286004e+04
2.613578517242048838e+04
2.644071806765740621e+04
2.538594056488264687e+04
3.395449996562924207e+04
2.583441430782142197e+04
3.067647154745736407e+04
3.633277958512657642e+04
3.590527017562316905e+04
3.130756044261907300e+04
2.657216071192082381e+04
3.432112623224456183e+04
2.775183127257049637e+04
2.741925716248280878e+04
2.641890117935768649e+04
2.821769817709952986e+04
3.061618642727559927e+04
2.861707818643917926e+04
3.126116546749226836e+04
3.153310060706781587e+04
3.493814789591296721e+04
3.381565545578517776e+04
2.996880040508233651e+04
3.066012345001311405e+04
3.206201377687849163e+04
3.100773867945134407e+04
2.847367099348570628e+04
2.820714289596278468e+04
2.673600419734427123e+04
3.375309395858591597e+04
3.284444311126628600e+04
2.864431952210908639e+04
3.035133930252526989e+04
3.643376017028842762e+04
3.226844494219027547e+04
3.159291465493153373e+04
3.126891301566677430e+04
2.574165490260807928e+04
3.200247157842394881e+04
2.833583725557290018e+04
2.692194708756935142e+04
3.032946759414440385e+04
2.737313145208046262e+04
2.360753513116734393e+04
2.890431261214293409e+04
2.597861333221545283e+04
2.985690233177926348e+04
2.768558487550332211e+04
3.226336661962847211e+04
2.960378913307835683e+04
3.181286480824818864e+04
3.107997914174399557e+04
3.459104217951301689e+04
2.640912416527062305e+04
3.091870434745999228e+04
3.047476355162618711e+04
2.748689116560016191e+04
3.560580931280646473e+04
2.824798501754258541e+04
2.724882650468370775e+04
3.637343360930558993e+04
2.850140593424588951e+04
3.386203810740837798e+04
3.061967803601401829e+04
2.757125942242912060e+04
3.139749991049577875e+04
2.697310862863887087e+04
2.872204093830579586e+04
3.119768080428868052e+04
3.860410085314061143e+04
2.867122441821685425e+04
2.903799318734157714e+04
3.029578348821487089e+04
2.888310579642112134e+04
3.039731570302205364e+04
3.179978327406264361e+04
3.428153973939544812e+04
3.430009062007808097e+04
2.857097273256369590e+04
2.846096629589878648e+04
3.171135766832505033e+04
3.066568686034251004e+04
3.079659066004958368e+04
4.177326363774279889e+04
2.968583121818405925e+04
2.913287170511129079e+04
3.006493852750791848e+04
2.670085322874565827e+04
3.579457712847524090e+04
2.751044055365305394e+04
3.834312857952620107e+04
3.100979196283969213e+04
3.044219452714166982e+04
2.980777547729222351e+04
2.736544329127810124e+04
2.835685993381047228e+04
3.030846161020879299e+04
2.759040464509767116e+04
2.885920853347202137e+04
3.933072539169069205e+04
2.850097133639917593e+04
3.443057008557717927e+04
2.798226710392807217e+04
2.785779167156929543e+04
3.370094674772299913e+04
2.887728338017114584e+04
3.514444720373478776e+04
4.246700582436801778e+04
2.941574604337822893e+04
3.031329237098747035e+04
3.417323369911056943e+04
2.729341264098865577e+04
3.477874072454828274e+04
3.067837249621040246e+04
2.559977945538344284e+04
2.972323570287362236e+04
3.251665045720476701e+04
2.828713767900911262e+04
3.475697370227878127e+04
3.475635662175442121e+04
3.084658089824421404e+04
3.433511025225983758e+04
3.183530665347359900e+04
3.123575795863890016e+04
2.921534266305615165e+04
2.996838889158926395e+04
3.208475571983737245e+04
2.999833773348349132e+04
2.687295427891576401e+04
3.291772398927967879e+04
2.810074967317698611e+04
2.857318580511963228e+04
3.373258370264876430e+04
3.533101776897875243e+04
3.645648911064664571e+04
2.869655434839241207e+04
3.511861065417869395e+04
2.706451749109296725e+04
2.636627651458904438e+04
3.132438198147729418e+04
3.133343726048405006e+04
2.978825848235229569e+04
2.903975935189762458e+04
2.592653399016771436e+04
2.736286526701253024e+04
3.232965863037660165e+04
3.102589811822702541e+04
3.288911428761413845e+04
3.073433014683530928e+04
4.683599569492891897e+04
3.003360921437765865e+04
2.729898435070292544e+04
2.771175451237579910e+04
2.760621748587068942e+04
2.692274515789474754e+04
3.232326987795513560e+04
2.770849559528063037e+04
3.989968380600666569e+04
3.649839866510328284e+04
3.452329379512384912e+04
3.607338972446867410e+04
3.533177344222153624e+04
2.781048531789479966e+04
3.075813044455134877e+04
2.910278325430495534e+04
2.646144319380026718e+04
3.270791906253563138e+04
3.808036335232902638e+04
2.966756605329782178e+04
2.845332930522146853e+04
3.227268775617993015e+04
3.253599006126864697e+04
3.010692204630525521e+04
3.183960619061699617e+04
3.026505357139945409e+04
2.487571240438682071e+04
2.928954288235063723e+04
2.944582281506720756e+04
2.769211384731906219e+04
3.114132208484688454e+04
3.684956397976550215e+04
3.385943223538140592e+04
2.764000421321430986e+04
2.731419141708598909e+04
2.966732234832119138e+04
3.484304748647993983e+04
3.005798533323973970e+04
2.933891025373418597e+04
2.761898258253426684e+04
3.353305685901537072e+04
3.309734198757406557e+04
3.059604982956082677e+04
2.537613488116772351e+04
2.659141340856127135e+04
3.311291962508507277e+04
2.786555539423155278e+04
3.167561377309482123e+04
3.053376579967638099e+04
3.227904667856959713e+04
3.018077084125621695e+04
2.812042780010189017e+04
3.132068227345975538e+04
2.884696011156923487e+04
2.403109544774545793e+04
2.615815654680852094e+04
2.945192226626703268e+04
2.730563307715347401e+04
3.090688645802509564e+04
2.719949313079794956e+04
3.946894079743136535e+04
3.556613494163800351e+04
3.857382422957389645e+04
3.635698060964555043e+04
2.723962383709745336e+04
2.698678956291981740e+04
3.606801571233161667e+04
3.814775428600237501e+04
3.992959225984042132e+04
3.002389204983104355e+04
2.498078266552112473e+04
3.454231427090158104e+04
3.171874494310901355e+04
2.767399149439435860e+04
3.394499606460236828e+04
2.952917921080742599e+04
3.084297705297321590e+04
3.014957894625148037e+04
2.771763111413390288e+04
2.641135814411829779e+04
2.955630184989902409e+04
2.854861321506808963e+04
3.227524207255214060e+04
3.753201549969900225e+04
3.274482508930777112e+04
3.145817768589540719e+04
2.856431898210078361e+04
2.995255177634696156e+04
3.119149330646420640e+04
2.800688965897532034e+04
3.828422676634199161e+04
2.505479917822653442e+04
2.509931013060864643e+04
2.963180019763672317e+04
2.820129305144434329e+04
2.985516981459122326e+04
2.827854833710872117e+04
2.802170707546432095e+04
2.846618106830281977e+04
3.161982385127357702e+04
2.895531196457166152e+04
2.795113372469843307e+04
3.216254164397675049e+04
2.774391012227815008e+04
3.167013239426133077e+04
3.273559864319044937e+04
2.928321511810400625e+04
2.776148955782823759e+04
3.011920336109002892e+04
2.721978068322715626e+04
3.595912759578415717e+04
3.695932109311768727e+04
3.217137660841986144e+04
3.056527045552217169e+04
3.617999139451680821e+04
3.345945881322845526e+04
3.121241129542364797e+04
3.062641492005834152e+04
2.896387384300064878e+04
3.124949568032178649e+04
3.090832024649575760e+04
2.960698564969310610e+04
2.728004762977924111e+04
2.808071404367253490e+04
2.807479685230959512e+04
4.379238827741648856e+04
3.424040454236471851e+04
3.005695619855823315e+04
3.162744101342810609e+04
3.409848319837373856e+04
2.908355596231669188e+04
3.126996893570879183e+04
3.193176329245893066e+04
2.732549328052072815e+04
2.848997901340079625e+04
3.340453852425281366e+04
3.037223210716296671e+04
3.463704724218538468e+04
3.009880704593798146e+04
2.750046541101746334e+04
2.890233304782021878e+04
3.064960070996151262e+04
2.630997972706504879e+04
4.158881641356162436e+04
2.799919868729800874e+04
3.072534974387394323e+04
3.219803669631285084e+04
3.043517673800857665e+04
3.175053242239712563e+04
3.062342051969235399e+04
4.451326044609746168e+04
3.369369893048502126e+04
2.793414568445722762e+04
3.265875574427595711e+04
3.342106080610304343e+04
3.428119169729082932e+04
2.777084905697585418e+04
2.775544785902040530e+04
3.195119669625654933e+04
3.341187318307506939e+04
3.520503288970883295e+04
3.198775183882486090e+04
2.691359918003209532e+04
2.889552488818438360e+04
3.260952544012248836e+04
3.306139718212386651e+04
2.676016739311076890e+04
3.252290077003957413e+04
3.269383057736587216e+04
3.240657897626949853e+04
2.673750295754160106e+04
2.704183211291766565e+04
2.716812103671893783e+04
3.343798024588026601e+04
3.383908178806514479e+04
3.168318269444063844e+04
2.822945158579839699e+04
3.718011180622458050e+04
4.221137035204281710e+04
2.810876542830268590e+04
2.918803155778723522e+04
2.849108119104687285e+04
3.107489782065121472e+04
3.351699631316323212e+04
2.702237930616803715e+04
3.763559124558537587e+04
3.712923455519119307e+04
2.655340610974861193e+04
3.180255222041522939e+04
2.883823558991953905e+04
3.155442273263474272e+04
2.698798606812628350e+04
2.977777318601592197e+04
3.098994510714754506e+04
3.911779012112742930e+04
3.387333056451196171e+04
3.321949812850395392e+04
3.422304597025991825e+04
2.807198808559788085e+04
3.320630562003137311e+04
3.177083670579308455e+04
2.869981039475122088e+04
2.855534001643937881e+04
3.254204040361517764e+04
3.069777938747341250e+04
3.113255322170753061e+04
3.081292157723590572e+04
2.746115483219542148e+04
2.701193054356600624e+04
2.847359899373355802e+04
3.106541593741351971e+04
2.610232183617999544e+04
3.243084396409722831e+04
3.588272169988144014e+04
2.919422990635397946e+04
3.075884221054027876e+04
2.757169650782189638e+04
2.922143943058355217e+04
3.492587194282121345e+04
3.109240135572823783e+04
3.209898426453728462e+04
2.431251546865753335e+04
2.588506562503406167e+04
3.249201424304935790e+04
2.753643231220798407e+04
2.725215433996903448e+04
4.131118433590473433e+04
2.898285233979749319e+04
3.128287695373051611e+04
2.718655284276867314e+04
3.099292733474380293e+04
2.717281867478834101e+04
3.091631085645681014e+04
2.345019120553096218e+04
2.726100143246451989e+04
2.837583132910039421e+04
2.533555103557616530e+04
3.248850684172505862e+04
3.473847001996702602e+04
2.606143049112316294e+04
2.948407488544736043e+04
2.867020534877175669e+04
2.882338787596588008e+04
3.562982151777212130e+04
2.620352909730691681e+04
2.952956977919282508e+04
2.978028376563778147e+04
2.965898089064177839e+04
3.227014439068038337e+04
3.432786192794091767e+04
2.736021793605434868e+04
2.790387000613556665e+04
3.865753586580963747e+04
3.296586956918771466e+04
3.073807524776181162e+04
3.950571958397253911e+04
3.002719752062613406e+04
3.323494457989794319e+04
2.770558182231359751e+04
3.096079782835477090e+04
2.825735519782743359e+04
2.613591212746313613e+04
2.798964546983009859e+04
3.253453338458865983e+04
3.138737358185621633e+04
2.873306961163256710e+04
2.689252115291744849e+04
3.178302595618902342e+04
3.772768781892405241e+04
3.047964964708005573e+04
3.175986479513715312e+04
2.701221060781462802e+04
2.812127669289948972e+04
3.511309567378888460e+04
4.172900884273339034e+04
3.488395987523479562e+04
3.913372071497853904e+04
3.073240898045207359e+04
3.596277789798565209e+04
2.748377858585147987e+04
2.988679031077206309e+04
2.905598534971544359e+04
3.225475118426139306e+04
2.443589310961491356e+04
3.253884949062899977e+04
2.939887005623523146e+04
2.910196722402808155e+04
3.069955043174274397e+04
4.040932230053014064e+04
3.082471793538683050e+04
3.099139190319560657e+04
2.729426435628828403e+04
3.391225790347695875e+04
3.523516365036583011e+04
3.020422961115921498e+04
3.024250473139095993e+04
3.085546365116829838e+04
3.178000664124676769e+04
2.885883635279154987e+04
3.297523983659334772e+04
2.640890243232082139e+04
2.944620022889768734e+04
2.919122373134781810e+04
3.060280369763399358e+04
3.181364327849358961e+04
2.612111773864581119e+04
2.656813813903654227e+04
2.774620044578149100e+04
2.858739114699351921e+04
3.139764579335432063e+04
2.972487780002572981e+04
2.668155608184551602e+04
3.108833110917226804e+04
2.871378626191307558e+04
3.065782866200926946e+04
3.852610562627159379e+04
4.707637190615791042e+04
2.542279973671926200e+04
3.207030455977255042e+04
2.585987070406019484e+04
3.213474699769223662e+04
2.443225183544251195e+04
2.432796332381016327e+04
2.833182577338824194e+04
3.325170026383820368e+04
2.883842220972193536e+04
2.699731159847437448e+04
3.460685776293202798e+04
3.428535220417703385e+04
2.818207692962884903e+04
3.206250595039714608e+04
3.056015075582576901e+04
3.071437533060051283e+04
3.520328069435940415e+04
2.805294654123739747e+04
3.383195403331871785e+04
2.997232132514745535e+04
3.994111751718549931e+04
3.197506587910578310e+04
4.372789630619419768e+04
3.654099544357692503e+04
2.602984242555389574e+04
2.866657640830038872e+04
3.283649823693599319e+04
3.049840132116881432e+04
3.416710705101769418e+04
2.794456588046749675e+04
2.739121619064766128e+04
2.790461127299513464e+04
3.720715586478777550e+04
2.919769894399154509e+04
2.991529830179801502e+04
3.086662891485917498e+04
3.498040280839041225e+04
4.090996822793320462e+04
2.598505773536988272e+04
2.841340144844734823e+04
3.127300453321567693e+04
2.971484560325527855e+04
3.550470368770964706e+04
2.833399375957037046e+04
2.685645076713603703e+04
2.703374725876943194e+04
3.788570448885313090e+04
2.918663633427392779e+04
2.716620868708615308e+04
2.853461342011006855e+04
2.999247058434020073e+04
3.381321345825128810e+04
3.382773929266513733e+04
2.711814041875151815e+04
3.219450338855025620e+04
2.650348968108489134e+04
2.756383507029024258e+04
3.145601036500414921e+04
3.479444609820625192e+04
3.978820324696691387e+04
3.127184440400520543e+04
3.901064985341481224e+04
2.862325407970599190e+04
3.267879850898760196e+04
2.616062419693600168e+04
3.087718248771328217e+04
2.513215263396746013e+04
2.904995295669533516e+04
2.730501700146737494e+04
3.012972587049313006e+04
2.749137408776529992e+04
2.890866708302827828e+04
3.039253696044204844e+04
2.802100210310032708e+04
3.301391062644471094e+04
2.563401118332319311e+04
2.364192346636809089e+04
2.636888128343747303e+04
2.683562615930780157e+04
3.257805522807647139e+04
2.548543123103902690e+04
2.572371991496633927e+04
2.728310805016559607e+04
2.520354204767536430e+04
2.739995674739562673e+04
3.331240226207267551e+04
3.338514129815590422e+04
3.139499817200237158e+04
3.256154436645769238e+04
2.364884219528527319e+04
4.709608164676782326e+04
3.453487046202255442e+04
2.493641969791144584e+04
2.719415562479586879e+04
2.654755298501114157e+04
3.173287436325530871e+04
3.260266852333856878e+04
3.200955886443461713e+04
3.283461527586643206e+04
3.061530768973249360e+04
3.184899341241501315e+04
2.696754210524873997e+04
4.023514970490688575e+04
3.522374697003304755e+04
2.912363041262424304e+04
3.356206908300593204e+04
3.092122145774417731e+04
3.185426250496543435e+04
3.732528519493844942e+04
3.045789571903265823e+04
3.259087047887804147e+04
2.733378636106268095e+04
3.086381523420817757e+04
3.093894432996872274e+04
2.836442326711033456e+04
3.068255109926689693e+04
2.773951647670663806e+04
2.851464765551375604e+04
3.308302922219627362e+04
2.860675421214480957e+04
2.975958236255689553e+04
3.447436063165507221e+04
3.218978409070176349e+04
2.732631485517367400e+04
3.072874568823309164e+04
2.977780260523904508e+04
2.596242128799180864e+04
3.210706361656168156e+04
3.008965099465628009e+04
2.913901034038086073e+04
2.707523264295115951e+04
2.897360034389507564e+04
2.496676038682029684e+04
3.130551424714194218e+04
2.481396737797760579e+04
2.953442857436584745e+04
3.298018148359355837e+04
