4.900288139434464882e-03
9.800576278868929764e-03
1.470086441830339465e-02
1.960115255773785953e-02
2.450144069717232614e-02
2.940172883660678929e-02
3.430201697604125244e-02
3.920230511547571906e-02
4.410259325491018567e-02
4.900288139434465229e-02
5.390316953377911197e-02
5.880345767321357858e-02
6.370374581264803826e-02
6.860403395208250488e-02
7.350432209151697149e-02
7.840461023095143811e-02
8.330489837038590473e-02
8.820518650982037134e-02
9.310547464925483796e-02
9.800576278868930458e-02
1.029060509281237573e-01
1.078063390675582239e-01
1.127066272069926905e-01
1.176069153464271572e-01
1.225072034858616238e-01
1.274074916252960765e-01
1.323077797647305431e-01
1.372080679041650098e-01
1.421083560435994764e-01
0.000000000000000000e+00
0.000000000000000000e+00
-9.264379461542303797e-26
0.000000000000000000e+00
-4.968702069479469422e-16
0.000000000000000000e+00
-4.897509202100852774e-09
-6.411146023608379818e-06
0.000000000000000000e+00
0.000000000000000000e+00
-3.503667654747936240e+02
-1.365764032249650427e+03
0.000000000000000000e+00
-9.503032098570821108e+04
-3.640112400868730620e+05
-1.425061257994635776e+07
-2.583300461722936598e+05
0.000000000000000000e+00
-4.309010847555216969e+03
-4.640715778356174042e+02
-5.554873608674930630e+00
-2.701465700385780044e-01
-3.205689880327165942e-07
-1.928172788219890252e-10
-2.335489709518350997e-11
-3.149987317884096201e-16
-5.683036038126001520e-22
-6.746420990701918951e-26
-7.402555903435881790e-28
