0.000000000000000000e+00
0.000000000000000000e+00
9.981586743446132168e+05
0.000000000000000000e+00
4.845075396312874509e+05
0.000000000000000000e+00
3.755398992565723602e+05
3.307768082774903160e+05
0.000000000000000000e+00
0.000000000000000000e+00
2.235169140237050888e+05
1.539254212824662100e+05
0.000000000000000000e+00
7.678456560969883867e+04
4.678387683718204789e+04
2.434536312365485355e+04
1.544863031846823651e+04
0.000000000000000000e+00
1.041977302019867420e+04
1.107418514796929412e+04
8.680213437607879314e+03
3.894477997984793546e+03
9.167980932866656076e+03
5.561547090218929952e+03
2.358569211589607221e+03
3.361843466449957759e+03
5.152846108294445003e+03
2.785620337955587729e+03
1.810789900560601609e+03
0.000000000000000000e+00
0.000000000000000000e+00
6.378190682797891786e+05
0.000000000000000000e+00
3.534354045591432950e+05
0.000000000000000000e+00
2.359766017881687731e+05
1.567546283354416664e+05
0.000000000000000000e+00
0.000000000000000000e+00
1.289884932325470727e+05
7.719818036966495856e+04
0.000000000000000000e+00
3.855212719368336548e+04
3.491754796395832091e+04
1.119796321825661471e+04
1.017808470745496379e+04
0.000000000000000000e+00
5.282268982698532454e+03
5.960951663850357363e+03
5.147177227299968763e+03
1.769394775148416784e+03
4.334372603324913143e+03
3.462230418653597553e+03
1.236516892970275421e+03
1.924375720561699836e+03
2.297229179260816181e+03
1.398519359623024229e+03
1.111408550553398754e+03
