0.000000000000000000e+00
0.000000000000000000e+00
1.997641684893131104e+11
0.000000000000000000e+00
1.325670153600556850e+09
0.000000000000000000e+00
1.145707069619669724e+10
4.163010312797452450e+09
0.000000000000000000e+00
0.000000000000000000e+00
3.620405911972137451e+09
9.032050555308443308e+08
0.000000000000000000e+00
1.852333309390435815e+08
2.710452176654065609e+09
1.702337930607563853e+08
5.796085586844506115e+07
0.000000000000000000e+00
4.769653876417711377e+08
1.193675898004300594e+08
3.200127689207900688e+07
6.757721293696625158e+06
3.637046934544833302e+08
2.154479152353622764e+07
3.600700866991649382e+06
6.128373682497150265e+06
2.002637874445695281e+08
7.560044006058303639e+06
3.314487401548995171e+06
0.000000000000000000e+00
0.000000000000000000e+00
1.514559786560315490e+08
0.000000000000000000e+00
7.421751422243785113e+06
0.000000000000000000e+00
2.317424987779153138e+07
8.402780980533936992e+06
0.000000000000000000e+00
0.000000000000000000e+00
5.435041037575611845e+06
2.796688548290786333e+06
0.000000000000000000e+00
9.282310787473737728e+05
3.370820123050475493e+06
4.689645008434543852e+05
2.555504783236298244e+05
0.000000000000000000e+00
6.145051393634498818e+05
3.465965479295676341e+05
1.459993640675914357e+05
4.816249546588854719e+04
4.730624782446010504e+05
1.057773553999330907e+05
2.734044461326930832e+04
4.086710465374329215e+04
2.584134439742410905e+05
3.454336602732416213e+04
2.520567865324977174e+04
