0.000000000000000000e+00
0.000000000000000000e+00
6.053670812396069765e+08
0.000000000000000000e+00
1.197391464819317311e+08
0.000000000000000000e+00
-1.050206666144963205e+08
-5.867811298542169482e+07
0.000000000000000000e+00
0.000000000000000000e+00
1.486820123354489803e+08
5.000397261098014563e+07
0.000000000000000000e+00
2.447500473872127384e+07
-6.300385936344403028e+08
-3.997349237742529064e+07
-4.826475371146580577e+07
0.000000000000000000e+00
-2.905478887292508036e+06
4.320291526394461840e+07
2.067950845718072355e+07
-4.749989746055828873e+05
-3.713364430357805640e+07
-6.798607762494129129e+06
-4.565809190303293057e+06
-3.351845204716559500e+06
-7.098590029730847105e+06
7.465920136269255308e+05
7.377259033205638407e+05
0.000000000000000000e+00
0.000000000000000000e+00
2.605710911760760471e+07
0.000000000000000000e+00
7.825283357015418820e+06
0.000000000000000000e+00
8.680463023574197665e+06
5.286269763784307055e+06
0.000000000000000000e+00
0.000000000000000000e+00
3.442137859590483364e+06
4.315119370754947886e+06
0.000000000000000000e+00
5.767539619468011893e+06
6.965026474676094949e+07
9.977290286447791383e+06
4.670516201984495856e+06
0.000000000000000000e+00
1.313141518329012441e+06
1.051969216336569749e+06
1.395564685902635334e+06
5.962628893051961204e+05
9.559753735453984700e+05
5.828715909332970623e+05
7.724354250366420019e+05
2.403062327653166139e+05
4.170628618017605622e+05
2.835313601917845081e+05
3.247757662219381309e+05
