0.000000000000000000e+00
0.000000000000000000e+00
5.487740148008818626e+08
0.000000000000000000e+00
1.071715142244751751e+08
0.000000000000000000e+00
-9.740403040750183165e+07
-5.501461939862751961e+07
0.000000000000000000e+00
0.000000000000000000e+00
1.465987520922403038e+08
5.223240320883529633e+07
0.000000000000000000e+00
2.530082922826740146e+07
-5.143138062151847780e+07
1.474327690051280707e+07
-1.942427431986897439e+07
0.000000000000000000e+00
-8.250045647485733964e+06
4.326703530905744433e+07
1.907772250289561227e+07
-5.275015629610979231e+05
-3.526848633734510094e+07
-6.732723955973532982e+06
-4.647974388647588901e+06
-3.131803222732803784e+06
-6.990969953703015111e+06
6.952506720634457888e+05
6.830716373072550632e+05
0.000000000000000000e+00
0.000000000000000000e+00
2.565854041881667078e+07
0.000000000000000000e+00
9.252232314898466691e+06
0.000000000000000000e+00
9.122410934576487169e+06
4.236081580609913915e+06
0.000000000000000000e+00
0.000000000000000000e+00
4.156906519363756757e+06
4.122354708892428316e+06
0.000000000000000000e+00
3.583142526886830106e+06
3.360184259700530209e+06
1.780207381388814189e+06
9.515115663696172414e+05
0.000000000000000000e+00
8.054132669999047648e+05
1.060294123726214282e+06
1.279753430088055320e+06
6.224483940030465601e+05
9.549093721611880464e+05
5.992297632090460975e+05
7.320177257091369247e+05
2.146136721481095010e+05
4.685932739634226891e+05
2.717194052533545764e+05
3.643875149219559389e+05
