0.000000000000000000e+00
0.000000000000000000e+00
-2.564172905905348889e+05
0.000000000000000000e+00
-8.054841509871241669e+02
0.000000000000000000e+00
-7.104346719840644309e-02
1.057338045083195321e-03
0.000000000000000000e+00
0.000000000000000000e+00
3.905649574676266861e-10
1.626287480658309277e-12
0.000000000000000000e+00
1.309433417439151939e-12
-2.307504783829013265e-11
2.288790577857323884e-13
5.098411194699909789e-14
0.000000000000000000e+00
-9.230044987971064990e-13
2.992205854015764729e-13
3.544379843014263638e-14
-1.150355465902616431e-14
-3.344310086072002691e-12
-1.093338811973776068e-13
1.537713345718998061e-13
8.149064435030452635e-14
6.208219403161897117e-12
-4.375631543994418203e-14
1.489875342125055155e-14
0.000000000000000000e+00
0.000000000000000000e+00
2.768415857476279416e+04
0.000000000000000000e+00
3.686427482937831996e+02
0.000000000000000000e+00
8.571482353532244858e-02
8.516103164630321439e-04
0.000000000000000000e+00
0.000000000000000000e+00
2.911765556146783262e-09
1.139891619994887261e-12
0.000000000000000000e+00
7.400948390018613061e-13
2.275221324859328839e-12
2.389844436697744343e-13
9.697553104775054308e-14
0.000000000000000000e+00
3.596347963811128884e-13
1.976940112517982212e-13
9.057881266018306606e-14
6.600489487774491674e-14
3.209062981109492755e-13
6.808081171903332124e-14
9.602342496765545269e-14
1.146386240933112132e-13
6.431173848318096802e-13
6.791105267355768624e-14
6.827986750203318068e-14
