0.000000000000000000e+00
0.000000000000000000e+00
1.997641684893131256e+10
0.000000000000000000e+00
1.325670153600556701e+08
0.000000000000000000e+00
1.145707069619669914e+09
4.163010312797452807e+08
0.000000000000000000e+00
0.000000000000000000e+00
3.620405911972137690e+08
9.032050555308443308e+07
0.000000000000000000e+00
1.852333309390435740e+07
2.710452176654065847e+08
1.702337930607563630e+07
5.796085586844506674e+06
0.000000000000000000e+00
4.769653876417711377e+07
1.193675898004300520e+07
3.200127689207900781e+06
6.757721293696626090e+05
3.637046934544833004e+07
2.154479152353622951e+06
3.600700866991649382e+05
6.128373682497150730e+05
2.002637874445695058e+07
7.560044006058303639e+05
3.314487401548994821e+05
0.000000000000000000e+00
0.000000000000000000e+00
1.514559786560315490e+08
0.000000000000000000e+00
7.421751422243785113e+06
0.000000000000000000e+00
2.317424987779153138e+07
8.402780980533936992e+06
0.000000000000000000e+00
0.000000000000000000e+00
5.435041037575611845e+06
2.796688548290786333e+06
0.000000000000000000e+00
9.282310787473737728e+05
3.370820123050475493e+06
4.689645008434543852e+05
2.555504783236298244e+05
0.000000000000000000e+00
6.145051393634498818e+05
3.465965479295676341e+05
1.459993640675914357e+05
4.816249546588854719e+04
4.730624782446010504e+05
1.057773553999330907e+05
2.734044461326930832e+04
4.086710465374329215e+04
2.584134439742410905e+05
3.454336602732416213e+04
2.520567865324977174e+04
