0.000000000000000000e+00
0.000000000000000000e+00
5.675017063332676888e+08
0.000000000000000000e+00
5.257865192470145226e+08
0.000000000000000000e+00
5.140597906192578673e+08
3.590545051803122759e+08
0.000000000000000000e+00
0.000000000000000000e+00
2.702083341888473630e+08
8.546153779391801357e+08
0.000000000000000000e+00
1.185143315740109444e+09
1.706865746820033193e+08
9.218777648825886250e+08
5.005456462290555835e+08
0.000000000000000000e+00
4.731804906080629230e+08
6.793673170477712154e+08
1.416457046485675097e+09
7.551123242932314873e+08
7.541164325191605091e+08
4.182922635756370425e+08
1.833437949269265175e+09
1.587263828556331694e+08
2.715819236819634438e+08
5.995072090671989918e+08
4.863726019938772917e+08
0.000000000000000000e+00
0.000000000000000000e+00
8.348698345530095510e+06
0.000000000000000000e+00
7.938377611028781161e+06
0.000000000000000000e+00
8.085503699837598018e+06
4.787133481777953915e+06
0.000000000000000000e+00
0.000000000000000000e+00
4.119229941832556855e+06
7.244342768742976710e+06
0.000000000000000000e+00
8.258151596008230001e+06
4.614557013411374763e+06
6.102428651551662013e+06
5.428890549564460292e+06
0.000000000000000000e+00
4.501994686943351291e+06
6.598433019113884307e+06
9.289313876674607396e+06
5.626124619215492159e+06
5.496006717877426185e+06
5.123390013829370961e+06
1.075292269532575272e+07
3.101931590492001735e+06
2.826263284815460909e+06
4.253617476662989706e+06
5.421923744739674963e+06
