0.000000000000000000e+00
0.000000000000000000e+00
2.161799260778237283e+08
0.000000000000000000e+00
2.217970441115108430e+08
0.000000000000000000e+00
1.343143024610316992e+09
8.231617391569063663e+08
0.000000000000000000e+00
0.000000000000000000e+00
2.927819298383018970e+08
6.930723737522845268e+08
0.000000000000000000e+00
1.512493037331142426e+09
3.903186067495978832e+09
3.775134151015439034e+09
1.859367305973369122e+09
0.000000000000000000e+00
5.308292559840418100e+08
4.434855836234257221e+08
4.408803665320205688e+08
4.966059002468865514e+08
7.091583553770903349e+08
3.319820261610873342e+08
2.803322472389457226e+08
5.506732289441998005e+08
3.873446663608413935e+08
7.835476020827195644e+08
6.734464640560709238e+08
0.000000000000000000e+00
0.000000000000000000e+00
5.265496671185354702e+06
0.000000000000000000e+00
5.290349122468429618e+06
0.000000000000000000e+00
1.268959042152787000e+07
7.147548858839695342e+06
0.000000000000000000e+00
0.000000000000000000e+00
4.718518326310546137e+06
3.179031368458706886e+07
0.000000000000000000e+00
5.286540920665119886e+08
2.735807678292990685e+09
1.554359815921969891e+09
9.248463727032219172e+08
0.000000000000000000e+00
5.154167202224788815e+07
3.017556738481956720e+07
6.024480473609022796e+06
4.380666998979020864e+06
5.403056431877589785e+06
4.606579364593857899e+06
4.204443770160315558e+06
5.673317999798304401e+06
3.518797313621450216e+06
4.975607542668146081e+06
6.441764480648272671e+06
