0.000000000000000000e+00
0.000000000000000000e+00
1.994584324266073990e+10
0.000000000000000000e+00
1.335951811899166703e+08
0.000000000000000000e+00
1.146319163654057741e+09
4.159134637335264087e+08
0.000000000000000000e+00
0.000000000000000000e+00
3.614303501910473704e+08
9.006633571417537332e+07
0.000000000000000000e+00
1.861406867245620489e+07
2.700714303890728951e+08
1.715533330443887413e+07
5.839301849338948727e+06
0.000000000000000000e+00
4.757743152534618229e+07
1.199563645889935456e+07
3.243138045370039530e+06
6.680462554744872032e+05
3.632730996758393198e+07
2.169799854075890500e+06
3.632207216814296553e+05
6.059956713742937427e+05
1.999845338785411045e+07
7.632926137109867996e+05
3.274668121057976387e+05
0.000000000000000000e+00
0.000000000000000000e+00
1.447831256815942824e+08
0.000000000000000000e+00
7.909300291255541146e+06
0.000000000000000000e+00
2.445410709268389270e+07
1.006820613008966297e+07
0.000000000000000000e+00
0.000000000000000000e+00
5.727717941112536006e+06
2.157000191163806245e+06
0.000000000000000000e+00
8.747175690096720355e+05
3.890340092579165474e+06
3.661643930434737704e+05
2.719367786226221360e+05
0.000000000000000000e+00
6.665945130621267017e+05
2.992866666182870395e+05
1.474535256493750203e+05
3.880195477485698211e+04
5.055003578096225974e+05
1.086633589018763014e+05
2.322233623799275301e+04
3.648966441419040348e+04
2.705296236264338368e+05
4.014848194812131987e+04
2.204798397971452505e+04
