0.000000000000000000e+00
0.000000000000000000e+00
2.162052770445952117e+08
0.000000000000000000e+00
2.220812230378482342e+08
0.000000000000000000e+00
1.342760031637746096e+09
8.233320751478867531e+08
0.000000000000000000e+00
0.000000000000000000e+00
2.907492911276172996e+08
7.123731957367812395e+08
0.000000000000000000e+00
1.238132482222521544e+09
1.472007742154511833e+10
3.579333905569907665e+09
3.144728738214829445e+09
0.000000000000000000e+00
5.290988724740246534e+08
4.422860078959906101e+08
4.401352817080655694e+08
4.965481158443213105e+08
7.090710090493376255e+08
3.317611987644701004e+08
2.802351552591833472e+08
5.505614304943448305e+08
3.872314269292306900e+08
7.835564782465562820e+08
6.737178084967099428e+08
0.000000000000000000e+00
0.000000000000000000e+00
5.101424884470967576e+06
0.000000000000000000e+00
5.361868088519331068e+06
0.000000000000000000e+00
1.267841166452536359e+07
7.184939745736096986e+06
0.000000000000000000e+00
0.000000000000000000e+00
4.234671569589193910e+06
6.541927331066741608e+06
0.000000000000000000e+00
8.569103288785370067e+06
4.310154521223291755e+07
1.245860452472790144e+07
1.407324635424265452e+07
0.000000000000000000e+00
4.664807811641609296e+06
5.136873587206214666e+06
5.302875831016427837e+06
4.485830753496129066e+06
5.496131840381505899e+06
4.595852937010928057e+06
4.177317122520362493e+06
5.816764066674663685e+06
3.391378637763031758e+06
4.932299217648942024e+06
6.390292344049469568e+06
