0.000000000000000000e+00
0.000000000000000000e+00
1.669515730532822572e+07
0.000000000000000000e+00
-2.734316153112572804e+07
0.000000000000000000e+00
5.377251807092048973e+07
1.771768706846240535e+07
0.000000000000000000e+00
0.000000000000000000e+00
3.867935849692822993e+07
1.103200989692189395e+08
0.000000000000000000e+00
-1.979624841200686395e+08
-8.600759855832043886e+08
-9.641228107207995653e+08
-1.313168627289270163e+08
0.000000000000000000e+00
1.696616224846657366e+07
-3.283754478158783913e+07
5.101167735528387129e+06
3.816873428044378525e+05
-2.518306841078488622e+06
-1.570724474986037007e+06
6.454073024431202793e+04
2.540087996815235783e+03
-6.554269974134981167e+05
5.166255718097987701e+05
3.628470435582222999e+05
0.000000000000000000e+00
0.000000000000000000e+00
8.860936608867713809e+07
0.000000000000000000e+00
3.096619823448131233e+07
0.000000000000000000e+00
5.989396002603472024e+07
4.240967375108483434e+07
0.000000000000000000e+00
0.000000000000000000e+00
3.144662430331289768e+07
1.382324869648990594e+07
0.000000000000000000e+00
1.862151889979840070e+07
7.160946949782754481e+07
2.517501040115851536e+07
1.469672661831686832e+07
0.000000000000000000e+00
3.392446365712432191e+06
3.326221208869975060e+06
3.688630615843493026e+06
3.954581394944484928e+05
2.659878302735512611e+06
3.491220158042981755e+06
1.881327707071651239e+05
5.116705003383057774e+05
1.654312062516044127e+06
1.295271207709358772e+06
3.546934228144407971e+05
