4.900288139434464882e-03
9.800576278868929764e-03
1.470086441830339465e-02
1.960115255773785953e-02
2.450144069717232614e-02
2.940172883660678929e-02
3.430201697604125244e-02
3.920230511547571906e-02
4.410259325491018567e-02
4.900288139434465229e-02
5.390316953377911197e-02
5.880345767321357858e-02
6.370374581264803826e-02
6.860403395208250488e-02
7.350432209151697149e-02
7.840461023095143811e-02
8.330489837038590473e-02
8.820518650982037134e-02
9.310547464925483796e-02
9.800576278868930458e-02
1.029060509281237573e-01
1.078063390675582239e-01
1.127066272069926905e-01
1.176069153464271572e-01
1.225072034858616238e-01
1.274074916252960765e-01
1.323077797647305431e-01
1.372080679041650098e-01
1.421083560435994764e-01
0.000000000000000000e+00
0.000000000000000000e+00
1.224893289590463828e+05
0.000000000000000000e+00
1.226035537437111925e+05
0.000000000000000000e+00
1.252900116712499730e+05
1.245473219987425255e+05
0.000000000000000000e+00
0.000000000000000000e+00
1.751438804219963204e+05
4.895786364526264369e+06
0.000000000000000000e+00
4.145982333824331164e+08
9.085807597654794693e+09
3.809666868631231785e+09
2.108647127758666754e+09
0.000000000000000000e+00
1.151351428492178395e+07
3.123226851413416676e+06
1.344699038087039953e+05
1.219837063961630483e+05
1.231882140070222231e+05
1.234583984011989087e+05
1.220528434012882790e+05
1.233001788845889532e+05
1.233069229730737570e+05
1.236076423091042670e+05
1.238128217450786324e+05
0.000000000000000000e+00
0.000000000000000000e+00
8.367078353717089340e+04
0.000000000000000000e+00
8.433108569952900871e+04
0.000000000000000000e+00
8.693950824042226304e+04
6.310240993344819435e+04
0.000000000000000000e+00
0.000000000000000000e+00
8.405727298509993125e+04
5.507354386015876662e+05
0.000000000000000000e+00
5.161198726381386630e+06
3.396436023350957781e+07
1.250157466359319352e+07
1.122779058298593014e+07
0.000000000000000000e+00
6.909830560448189499e+05
4.416319801604449749e+05
6.999259679236874217e+04
5.017522979254558595e+04
4.979212324016717321e+04
6.125849211675553670e+04
6.094140222361512861e+04
6.056488568231968384e+04
4.513379252806156728e+04
4.266576479734388704e+04
6.168826196958661603e+04
