0.000000000000000000e+00
0.000000000000000000e+00
5.573830095306556225e+08
0.000000000000000000e+00
1.009084238524232805e+08
0.000000000000000000e+00
-1.019873556604698896e+08
-5.790516157840810716e+07
0.000000000000000000e+00
0.000000000000000000e+00
1.495915996250182986e+08
4.324051694347951561e+07
0.000000000000000000e+00
2.739223180837230757e+07
-6.008340855619387627e+08
-4.190897268153636158e+07
-4.634482950228993595e+07
0.000000000000000000e+00
-2.801523781816052739e+06
4.007400744085915387e+07
2.093130553698639199e+07
-1.181304424138147442e+05
-3.548155150643008202e+07
-6.770426260390493087e+06
-3.250217351872571744e+06
-3.100985118053954095e+06
-7.132075635796295479e+06
1.044276193922759267e+06
1.124091910802076105e+06
0.000000000000000000e+00
0.000000000000000000e+00
1.173578346175671518e+08
0.000000000000000000e+00
8.857782306750857830e+07
0.000000000000000000e+00
7.503723127674299479e+07
4.444475356263215095e+07
0.000000000000000000e+00
0.000000000000000000e+00
3.240716256284229457e+07
3.906037898910702020e+07
0.000000000000000000e+00
3.405126956593833864e+07
7.431119828171934187e+07
2.948665876344697922e+07
2.096244948561138660e+07
0.000000000000000000e+00
6.025182424184345640e+06
1.100177720980079658e+07
1.768371007592506707e+07
6.275317805045804009e+06
7.989783703864179552e+06
5.404808669179629534e+06
7.348415342045329511e+06
2.271378561897833832e+06
2.818480022668565158e+06
2.855998038131032139e+06
3.432990170575398020e+06
