-1.610467080165854981e+01
-1.533842000749543644e+01
-9.196499107993417965e+00
-7.295325818359621906e+00
-1.073362648421630894e+01
-2.839129940433190313e+01
-1.770458583636120409e+00
-2.151075506622290590e+01
-1.947043232638276322e+01
-1.983804186493169652e+01
-1.481235055198706618e+01
-2.854709546056672309e+01
-2.371936273056553546e+01
-2.126012255461456846e+01
-2.975665024382184498e+01
-2.702915050540033093e+01
-2.548364590051603074e+01
-6.131473424370497582e+00
-1.890624616716200990e+01
-3.630495246712492019e+00
-2.285843407978925512e+01
-2.301091817033825748e+01
-1.579017313202597705e+01
-1.118692587662710736e+01
-1.607379862209945998e+01
-9.699219418016014060e-02
1.081165588032007463e+01
-1.187401968996443458e+01
9.628451421542706612e+00
9.918608543181001380e+00
-3.219578671740848108e+00
1.616169409233398824e+01
1.733397929025961304e+01
8.364301145645470115e+00
2.867741974472401267e+01
1.216430857496877138e+01
6.780249613696490485e+00
7.473633740041151441e+00
1.793332901404255608e+01
3.724012641716905136e+01
2.602268781853720725e+01
3.441214462596467882e+01
2.548306760058291331e+01
1.107940572730586837e+01
2.211915432920360303e+01
4.251250590967660514e+01
1.650351557627687527e+01
3.332334107640973997e+01
3.736197434871751710e+01
1.333200140966172142e+01
-2.687950308482570705e+01
-7.874764602081761211e+00
-1.074554528345804982e+01
-7.027920896253313288e+00
-1.560433068173605164e+01
-4.498477891885080737e+00
-1.576790484240278545e+01
-1.177047181622093319e+00
-1.042803237737217614e-01
-1.047761799191732734e+01
-1.037906009529195472e+01
-6.651584993861945350e+00
3.599808006922017967e+00
-3.118206609068072765e+01
-1.741381990837723492e+01
-2.476496157572696433e+01
-1.474581435551171893e+01
-1.061940918461255023e+01
-8.904650125258086746e+00
-6.837257996006542271e+00
-3.389392260214537345e+01
-1.109230457398059855e+01
-8.173202795508089480e+00
-1.257788742373013235e+01
-1.743076264632593819e+01
-1.987270497322413121e+00
-4.400251946359773569e+00
-8.978922597236689285e+00
-5.873737147571588935e+00
-3.004978779498209462e+00
4.727349007343370602e+00
1.508803565429452931e+00
-4.986386363878423822e+00
3.311779027396632102e+00
1.431549743382641537e+01
2.293890518999192096e+01
1.091175906293998565e+01
1.911551709738009919e+01
8.945558182587895146e+00
2.855925893227389878e+01
1.534753833071913220e+01
1.046955183805903999e+01
1.453884281089563046e+01
2.281265057019966491e+01
3.275445593743062744e+01
2.199746408526196717e+01
2.792483887867213355e+01
2.649767744390873503e+01
2.472320087480430573e+01
4.960769236318085973e+01
-9.302357158290924133e+00
-1.356361227650081247e+01
-1.312480719000093643e+01
-9.585490453601288152e+00
-1.670463147831918604e+01
-7.214917556441385216e+00
-1.272946802916777642e+01
-3.986158449434547890e+00
-9.572782996692396296e+00
-1.651635588207455640e+01
-1.797540240167693781e+01
-1.662401308938299849e+01
-7.603443434475948948e+00
-1.771704550768919972e+01
-1.348565300259154753e+01
-1.608601067709624033e+01
-2.040170370828168700e+01
-1.663597823470642822e+01
-1.606864535421203044e+01
-2.087217399243822058e+01
-1.140148528625037727e+01
-2.891656672584460352e+01
-9.269001556055627589e+00
-7.218399155545739632e+00
-7.507949689433964124e+00
-1.072131751262597987e+01
1.228147842468139572e+01
3.677004173430944434e-01
-3.029057307433383528e+00
-1.424246441818635134e+01
1.097874375883267817e+01
-2.465688369966656524e-01
-8.560624808449325940e+00
4.859109087021465712e+00
5.467423292170536797e-01
2.316750595274373126e+01
4.922760900148098528e+00
1.526583237741142085e+01
8.290375983678352156e+00
9.543208115726621088e+00
2.662228513730612889e+01
5.566245003240126721e+00
1.384066905196306152e+01
2.731121964922165546e+01
2.773665369660911750e+01
2.856884543301798374e+01
3.283162141846985094e+01
3.951358799026446889e+01
3.670757394955463582e+01
1.652948212144834628e+01
-1.325947803967023475e+01
-4.785221514552276290e+00
-2.067423888520460196e+01
-8.607338705041314597e+00
-2.060583023258415380e+01
-3.160282187010615473e+00
-2.043044072807012412e+01
-7.119138146668547051e+00
7.365510809600749553e+00
-1.940080723629394299e+01
-1.920265979541378698e+01
2.856101088972948787e-01
-9.958130221129060544e+00
-4.873067218187280503e+00
-2.532367562922360804e+01
-3.221593791013745545e+00
-6.879923793780093888e-01
-5.316008522152721127e+00
-2.415449063336772895e+01
-4.084255380510903422e+00
-4.552988535157453498e+00
-7.085815904949704702e+00
-1.818328794790782155e+01
-3.128198418417696303e+00
-1.085452571805111432e+01
-4.941191664629052127e+00
-1.493047479734468652e+01
-9.685847116655793343e+00
1.440439035673620793e+01
-1.677818137493630957e+00
2.885440300354467524e+00
4.873600974889235715e+00
-8.461366495935642718e+00
1.158859245106499003e+01
2.136040863702277193e+00
1.357849533282433185e+01
-2.549167832631752617e+00
1.750387158778817565e+01
1.386096461488124021e+01
8.003476588929927971e+00
3.262889141686618899e+01
2.024430457760269775e+01
2.989863025476298475e+01
2.884734428387554317e+01
2.110091993956981327e+01
2.795708668333745095e+01
2.637961277968022245e+01
2.803432643725377460e+01
4.139678256291949054e+01
3.965172029434721424e+01
-2.093791620955386890e+01
-2.038645836931991795e+01
-3.956560755784600758e+00
1.269669722504985998e+00
2.560500939967312206e+00
-2.183020986394325291e+00
-2.044133778223248044e+00
1.257911428052110381e+01
-5.991292646270160560e+00
-2.086344004370189964e+00
-6.542370236612526924e-02
-5.091220105243863259e+00
-1.324125729579741062e+00
-1.695873109658716515e+01
-2.090639416350249746e+00
-1.196570215699247797e+01
-2.695280923689912100e+01
-1.958722675212934661e+01
-1.430490516079558461e+01
-1.327652535507013454e-01
-1.215558516969306169e+01
-1.847992074349173208e+01
-1.453299242056711904e+01
-1.119307368342414577e+01
-1.179231855427160269e+01
-5.972078743644409826e+00
2.999515692798865985e+00
-5.712486876858605456e+00
1.452754067034815932e+01
-1.485621889511347860e+01
-8.678419431321366062e+00
1.113020466640617911e+01
4.427775487753244477e+00
-1.713697075122531999e+00
8.744514006509923831e+00
7.353658265530413018e+00
6.866230970653383281e+00
7.627221949343564233e+00
3.143228270394546087e+01
8.454268708686349498e+00
1.491959234930563127e+01
2.529045864620577788e+00
3.512489132966307892e+01
2.235701471305233667e+00
3.373015553752582463e+01
2.631871847092032368e+01
2.496191715215383056e+01
2.346013306080885030e+01
2.147609614229207864e+01
2.913095179199704177e+01
-9.442343717185522678e+00
-2.260314660230454820e+01
-2.019974139083586806e+01
-6.075226601870596710e+00
7.637948143189703387e-01
-2.061020850114871905e+00
-1.559321129953123375e+01
-1.348204258612044981e+01
-1.246164326738102801e+01
-1.061829237639371826e+01
-4.993984770576439303e+00
-1.486618419634496036e+01
1.433760258934007936e+00
-1.020257820102822421e+01
5.291160297332027085e+00
-2.131959110517196621e+01
-1.887031522927298965e+01
-1.316382995743040141e+01
-1.277349401212934765e+01
-1.701680337841025192e+01
1.099374508288022412e-01
-1.312361503340761715e+01
-1.506193240779388987e+01
-5.823710648450486360e-01
-3.058427954781855362e+00
1.769394515968656378e+00
-6.815711805136444923e+00
-1.026923859217610868e+00
4.969661498402331290e+00
-6.857870458398494407e+00
1.560540927642307452e+00
7.895739952523037175e+00
-2.022051723069768769e+01
5.753535957262982947e+00
-1.618268138206587992e+00
1.921363071154313928e+01
9.959692126206356022e+00
2.788390339683382990e+01
1.944016351629469597e+01
5.250810975435761918e+00
1.734212572431399479e+01
3.417446155595295210e+01
1.849009374781883253e+01
1.928862964796243773e+01
2.114606022276038999e+01
3.033561123960305395e+01
2.452990841490148455e+01
2.564287690698174771e+01
3.100033019390729550e+01
2.792312279557959442e+01
8.425248692202949030e+00
-2.624773742677015065e+01
-1.773516855533164005e+01
-5.998462327626654655e-01
8.849238251364823782e-01
-1.347581863935353397e+00
-4.606921031128656807e+00
1.060779710763544870e+01
-4.077737590041280669e+00
1.024205136281679529e+00
-5.306242507288160937e+00
-3.502525557650315591e+00
-1.761237514023579109e+01
-1.513436797889007579e+01
-2.324088789508138575e+00
-1.381988138098345331e+01
-2.014621679541732391e+01
-2.115567489795355982e+01
-4.441993934912439101e+00
-1.083909994650664999e+01
-6.791044058915389314e+00
-1.332789012383829430e+01
-9.904167542498854004e-01
-1.516398231144798103e+01
-6.333999378840687200e+00
-8.793214109352597063e+00
-3.625344587524793383e+00
1.232508585932361456e+01
-1.285271316832888289e+01
-8.138251756288461536e+00
-8.533354335537943314e+00
-7.167843212615245818e+00
-1.066643107799828272e+01
-6.089849561815292134e+00
9.306651572372750536e+00
3.627874064900673545e+00
1.148884155802418405e+01
1.329503599854461982e+00
2.148617676840282087e+01
1.432361414764662300e+01
1.909905428059488486e-01
9.181572683643693722e+00
1.152071463652628580e+01
1.539576876523326376e+01
8.237216740031556128e+00
2.297968217867756380e+01
1.322438155126661030e+01
2.534157368701238511e+01
2.693131882077510397e+01
2.083752351100381617e+01
-9.398160919810358394e+00
5.031186975465793410e+00
-2.131463990588933655e+00
1.874567175612014580e+00
2.969184155702755845e+00
1.568198664602995507e+00
-1.022551307865533943e+00
-8.674809209910549157e+00
6.631244991972685909e+00
-8.419622267508302116e-01
1.684262132859606709e+01
-2.884264532150885429e+01
-1.690137092529836593e+01
-8.212477429095166315e+00
-2.772179731877866971e+01
-1.709064054180812064e+01
-1.664733996791591863e+01
-9.006529910707278930e+00
-1.070312107399571033e+01
-7.677812031133662174e+00
-1.393256975882224680e+01
-2.281576838812409846e+01
-1.119786575368986803e+01
1.601951683675821414e+00
-3.977531792142983136e-01
4.027780179195019628e+00
-7.845489174095604312e+00
-3.631806764653703112e+00
-5.521804118354275204e+00
-4.154397224463089344e+00
-1.655522523862707374e+00
-1.220386359916281549e+01
2.513657593909296395e+01
-8.805269488096584496e+00
9.354477389466310910e+00
8.565985689896578492e+00
4.845001611219132087e+00
-8.260405876258296587e+00
1.440184530096924931e+01
8.226457578471595866e+00
3.325447545400621152e+00
3.406802703728210702e+00
2.239157505345404076e+01
3.850036448817782997e+01
2.962188791276664546e+01
3.455129526646296512e+01
2.947229046268749642e+01
2.649909450147458045e+01
2.124802597287617800e+01
4.148284945317631411e+01
-1.533736199091784869e+01
1.461334302349813896e+01
-1.379017027823723396e+01
-1.537967315611525976e+01
-1.136307986196103315e+01
1.597182865606633584e+00
-9.573162586332131241e+00
-1.584780876043548403e+01
-6.849636101997205628e+00
-1.002471871141857918e+01
-1.700479559501081184e+01
-8.166706397740206569e+00
-1.622191105527208776e+01
-4.253594252308474211e+00
-1.341779904076589958e+01
-1.529648578806863668e+01
2.497833649624432439e+00
-5.458338321923399405e+00
-1.705491065758835134e+01
-1.480227054079485072e+00
-1.864245953076478912e+01
-3.879775933061836213e+00
7.623973683441150229e+00
-8.276039722154834521e+00
-4.120346307010237297e+00
-1.439237790733585598e+00
-1.272356062152037026e+01
-1.172222380615437487e+00
-6.888158988689006890e+00
-5.708678064673719632e+00
-4.958417479019281870e+00
-8.235497282484075754e+00
-2.975913003650127564e+00
4.129416880477911889e+00
-8.178013825410779702e+00
-1.058951112802863292e+01
-3.734498091723331470e+00
-2.706601193857231635e+00
1.078924279451782553e+01
1.949165747183415220e+01
1.848027374043375204e+01
1.635466938045851037e+01
1.824608727517170337e+01
1.192790235844550750e+01
-1.712527109300893358e+00
2.439588337634042858e+01
3.141400737325518122e+01
3.742280744992731201e+01
2.109907555389462885e+01
2.355047371707009063e+01
1.552083624761408487e+00
-7.379177156300897877e-02
-7.308250874443842804e+00
-1.435410939792465257e+01
-1.489693148981424997e+01
4.668301301811517590e+00
1.580564966150868855e+01
-1.562909076452464774e+01
-1.106211883386171024e+01
-3.618121133861606609e+00
1.586827879561624854e+00
-8.405118756976598604e+00
-1.045359628325911672e+00
-1.619578887485271679e+01
-2.141423771873267867e+01
-2.912686290140758416e+01
-1.164218593605276197e+01
-1.588430894604755395e+01
-1.398463968692890802e+01
-1.378281401845946874e+01
7.781509489916587086e-01
-2.186493129824535231e+01
1.014871406978423352e+01
-3.784206123543285116e+00
-1.432626706196676025e+01
5.571092473027071890e+00
-2.552002890966491577e-01
-8.143784061819637543e+00
-1.534820454192029615e+01
9.011465213339455715e+00
7.676943837723719355e+00
4.562389302046575779e+00
-7.282925250670679418e+00
-6.286900419772429416e+00
3.627209436071886728e+00
1.409360380100520160e+01
-2.049507122942841875e-01
3.006067664350723589e+00
6.174506779692450209e-01
1.062484613977457570e+01
1.588600890170317115e+01
2.695254366209817221e+01
7.896637169847465998e+00
2.707434197056977609e+01
1.447367007163459363e+01
2.713407139790924560e+01
2.328416942174936821e+01
1.276676276431056323e+01
3.159289402528380464e+01
3.282655685405313761e+01
3.989247850714086496e+00
-2.197792699949759054e+01
-2.457903202695466405e+01
-8.539908453887889550e+00
-1.411713585293429674e+01
-2.074108751348395430e+01
-8.813282305489707369e+00
-1.504251477940888293e+01
-8.772872358136780235e+00
-1.365989591561620387e+01
2.375286664866571584e+00
-5.812281932273251073e+00
-1.141194901441068765e+01
-1.833941785479875364e+01
-1.146567489651674521e+01
-1.467182102170332314e+01
-1.365876255996683852e+01
-1.898671252871054094e+01
-2.801575475197652310e+01
-7.182860382055061166e+00
-7.705612165714263995e+00
-1.376589714790972607e+01
-1.422118002058603992e+01
1.038060416937209851e+01
1.599443417408315327e+01
-1.147993818319778114e+01
-1.659747113863254242e+00
-7.245261589793784651e+00
-9.684695190945021182e+00
-4.431063893178283308e+00
-1.664451135660094394e+01
-5.586703978687225458e+00
-1.169698747368926206e+00
-1.855896216718956993e+01
-5.285494279783620186e-02
-5.704498268019527529e+00
6.274943490033635385e+00
1.173814353430940116e+01
7.063168609803234688e+00
3.091878231690130718e+01
1.163745041368492394e+01
1.927816744634014867e+00
2.703260411621123893e+01
8.553670596812452231e+00
1.248729557376905319e+01
1.472867378004563221e+01
1.349220284922644453e+00
2.595495364688186157e+01
2.912674091225531470e+01
3.053774215421520211e+01
-1.099755904252701555e+01
-7.059728302486512064e+00
-1.892854202108603801e+01
-1.061680067660218185e+01
-2.831755151272326287e+01
-1.647524789489899177e+01
-1.904994293516126191e+01
7.381942225264317869e+00
-1.378147925117135486e+01
-1.947593051713862167e+01
-2.258796202776451878e+00
4.779950577688083513e-01
2.786707695352710346e+00
-1.222253666867079858e+01
5.912427088705030087e-01
-4.945390740746852032e+00
-1.143429661228957173e+01
-1.118452650356817202e+01
-1.658812169733612762e+01
-1.655926899291849708e+01
-7.659001057556722003e+00
-2.279161234938430169e+01
-1.293525591548007725e+01
-1.107072159801273159e+01
-4.070319545969525166e-01
6.557416994494055018e+00
1.094851332065024252e+01
-4.507240066416322577e+00
2.668195820770691284e-01
4.969141680079474099e+00
-5.256173326040396887e+00
-5.976770795857973440e+00
6.106045865408091800e-01
-5.201679977239649588e+00
4.939864245105418661e+00
-2.928857450060441181e+00
3.898517906362791052e+00
5.835897993509853166e+00
5.112978034077208633e+00
1.031594441586657496e+01
-7.768783113544394325e+00
8.183741412463923837e+00
1.220114037336795576e+01
2.358970378573221183e+01
1.832562595500083802e+01
1.964908488005600873e+01
2.119054562329155544e+01
4.027935067065769204e+01
2.390394967548167671e+01
2.409439643367810646e+01
-1.087293253808427096e+01
-3.386442493762428541e+01
-2.137104166074260547e+01
-1.329627919731775876e+01
-1.549054925299731167e+01
-7.692838493489468021e+00
-1.794781703257042693e+01
-1.118432820501815428e+01
-2.899677532753685227e+00
8.580255234344079440e+00
-1.064558402106373336e+01
-1.409227407632601370e+01
-2.276905636615524031e+00
-1.075019594737938178e+00
-1.645262764526732724e+01
-2.385292876009363994e+01
-2.615683217716441789e+01
-2.106600246515010610e+01
-1.893575151979687377e+01
-8.977603878841463825e+00
-1.339757397412652296e+01
-2.426670955958967113e+01
5.772430662865183137e+00
-1.259868577461151062e+01
-1.281035518840669596e+01
-6.634202628181739669e+00
1.729186171472741762e+01
-6.486008899159749319e+00
-1.153545192411261411e+01
1.261152079845814455e+00
-5.585934733122336127e+00
-1.240199967468676334e+00
-1.040313135214077533e+00
1.455768653836179993e+01
-7.616093915224233513e+00
-1.074394919554572425e+01
4.092656166770964887e+00
-3.087573770859570743e+00
5.833737152977960250e+00
4.072158354107315859e+00
2.529676284410278697e+00
1.302922456371496196e+01
5.967673378419853236e+00
3.169519786674655393e+00
2.265364556877907631e+01
5.610803598625018651e+00
8.382732555366317229e+00
2.857362729711577032e+01
3.925281075701963118e+01
1.750860533997760626e+01
-2.487746753951096679e+01
-8.837029928475836016e+00
-1.425055429233475479e+01
-1.953740028805219708e+01
-1.034954501698305052e+01
-1.219972930348492213e+01
-1.936859775770106040e+01
-8.789283253248726169e+00
5.731027985629999932e+00
-1.192551532353041210e+01
-5.143503352178655064e+00
-8.044772967714095557e+00
-5.290105607770271945e+00
-1.441454848230174690e+01
-1.738992411573211427e+01
-1.592295425412225285e+01
-5.719861838751327809e-01
-3.273549349773671224e+01
-1.404176658756815499e+01
2.377915460655394497e+00
-3.720023444111589583e+00
-8.605054568793519820e-01
-1.774761821872224488e+01
-5.424458531162805741e+00
-5.568988783494432937e-01
-1.191056109511171712e+01
-1.074107851220411192e+00
-3.406846614859013300e+00
4.359921560952976449e+00
4.230414083280962245e+00
6.092196527788104277e+00
6.091792638186639408e+00
-6.984831094569933896e+00
1.579136947898909682e+00
2.179724011327124344e-01
-1.112232462913875963e+01
5.794338590269617839e+00
-1.823334491354560072e+01
1.143462235836977214e+01
8.293909958185636810e-01
2.834126585848267155e+00
1.205248098116193489e+01
1.749219131637300961e+01
3.302396731018822607e+01
1.668005063762870321e+01
2.754786642542251940e+01
4.417911138899270185e+01
2.594513915136327142e+01
2.951588391117328314e+01
2.947554546650771101e+01
-5.398372604842556655e+00
-7.654293253706235589e+00
-1.438553218620241125e+01
1.169769580614016036e+00
-1.799192990884224486e+01
-1.461586473015990606e+01
-2.927251811792338287e+00
-1.231096623697717973e+01
-4.111110061671944038e+00
-1.337337043977058926e+01
-5.140628197807735944e+00
2.008371192519263104e+00
-1.302315431068787177e+01
-1.307545982901155668e+01
-1.630618276107789910e+01
-3.074058868246215326e+01
-4.208768600054511921e+00
-2.126471424431493062e+00
-9.324116338364390799e+00
-6.268099176264669836e-01
-6.838844560334493394e+00
-8.125751254756892195e+00
-3.553198672116785417e+00
-1.981981434188099911e+01
-3.077713563734832292e+00
2.142100921565436522e+00
4.862513924412503741e+00
7.374827261894175479e+00
1.088442577878034001e+00
-3.096669386502448162e+00
4.546077899684931367e+00
1.039862752719739802e+01
-9.954450742496099735e+00
2.108078593316454885e+01
-5.958393627297439821e+00
-6.876104045225915229e+00
7.081355438200525043e+00
1.227640362485754366e+01
-4.017870801414979098e+00
-2.056681317264794728e+01
-2.920815570216397816e+00
1.572016537795290247e+01
2.267744801982860281e+01
1.190241500171409683e+01
2.041655025030803472e+01
1.327806415665794049e+01
2.808215816756379013e+01
2.107484758111950640e+01
1.271835476465492576e+01
2.290205626864540989e+01
1.014242139782616903e+00
-5.574997883364872564e+00
-2.333079533370211323e+01
-1.160219684566921927e+01
-1.287926815732956953e+01
-1.315086002064198567e+01
-7.887863643170128114e+00
-8.848905781800219472e+00
2.310233474184173019e+00
-1.653523149273024728e+01
-1.013872354682261090e+01
-1.935672263863349940e+01
-1.760097914741252367e+01
-1.007405454062040917e+01
-1.777480919217410360e+01
-1.548789278802195923e+01
-1.324231602552366382e+01
-7.674130697543319002e+00
-1.242337366535112153e+01
-1.140641578558243907e+01
-6.188109442911027713e+00
-9.133001356908835078e+00
1.007963890259551931e+01
1.006010858926148899e+01
1.668152933957171768e+01
2.694994529635778235e+00
-7.277416434316322125e+00
4.433241491026421954e+00
-1.121491250017395913e+01
9.044085631851253027e+00
-1.154914680263202342e+01
4.137071989069340816e-02
-1.164174904586065651e+01
-3.447631777583616497e+00
-1.558735363175586031e+01
6.410079409883309154e-01
1.329972851724327398e+01
-2.432946634654769014e-01
-1.740070565809617165e-01
-9.298592378666135971e+00
6.701237234538730547e+00
9.820044564592038228e+00
1.456038882557479042e+00
4.142317742837249739e+00
1.342558756784352880e+01
1.678249442963739568e+01
1.651736497378108481e+01
1.909958378191743122e+01
2.609485103183931898e+01
2.916756621998540311e+01
-1.244759364604521323e+01
-1.123179175414652775e+01
5.580115929540916397e+00
-1.265303374277843318e+01
-8.445219551016769799e+00
-1.612270249583242077e+01
-1.576218214976591980e+01
-1.585220569882571340e+01
-1.388188994498796802e+01
3.689835471310651371e+00
7.080773148836996711e+00
-1.780675648030619840e+01
-1.651452096423118121e+01
3.199387866175236184e+00
-9.713208555915436193e+00
-1.271838726764423910e+01
-1.045117078363742280e+01
-1.617905498759120775e+01
-2.314485523217148000e+01
-6.614792316939315242e+00
-1.607120938142114852e+01
-1.359092555574614636e+01
-1.505704976581100851e+01
-6.677879245926170881e+00
-1.617910731724929008e+01
8.492210320849594041e+00
5.057843350516236569e+00
3.987555419525186551e+00
-7.503811302903194758e+00
7.673119310861423514e+00
-7.715367488058376466e+00
-1.881761567977768834e+01
-6.438238117539725636e+00
1.794942319392553998e+00
-1.614412412649521400e+00
4.223121660407954892e+00
6.708293591252790122e+00
6.293184285424295865e+00
3.641885035639944590e+00
3.636287086686436965e+00
9.767939733830274918e+00
1.477777909407762991e+00
8.406217597803383512e+00
1.169930116498698425e+01
7.218572781774156510e+00
1.611036268609046118e+01
1.502647462546814694e+01
2.516678079792071543e+01
3.287503185736606781e+01
3.172194224957311803e+01
-8.351553275130470411e+00
-2.161925024471066337e+01
-2.435591853229399106e+01
5.824022753600388569e-03
-1.958990557227599538e+01
-7.318641470954858619e+00
-5.875063073687712745e+00
-3.959181162220694716e+00
7.416476387916098645e+00
5.794625606776143911e+00
-8.508168204252932298e+00
-6.768083542774760986e-01
-2.273391725953966613e+01
-1.006940039099678330e+01
-9.409943468982724823e+00
-3.527041667659936763e+00
-1.555759695705882706e+01
-1.408430269377944910e+01
1.982859583731842434e+01
-2.227937971384169202e+01
-1.023554406494474733e+01
-7.385551211764607160e-02
-1.950808469475383333e+00
-3.915277791204651692e+00
-1.598988528412625953e+01
-6.900523062084630510e+00
-8.961136528631286069e+00
1.238594241414654107e+01
-3.812162502764699923e+00
-8.874990274840747873e+00
-5.643742972125444624e+00
-5.366330672054644424e-01
-2.994747491992171717e+00
9.384669995300939149e+00
4.623842842860241831e+00
-3.322992258865617998e+00
-4.290513417092775228e+00
2.413863773777045196e+00
1.452512577823057427e-01
2.016983212777553547e+00
6.237820054493766975e+00
1.804299466330974155e-01
1.773004575337879629e+01
9.827215679954846905e+00
6.734812247501906768e+00
1.634740974020184723e+01
1.953749585855452153e+01
2.172636886518029797e+01
2.825845720698031016e+01
2.034097609856145539e+01
-2.248669266817003631e+01
-4.141365120931816080e+00
7.819531884827426893e+00
-1.681926198416844898e+01
-2.763599650809367603e+01
-1.172252338889492052e+01
-2.094318325411748560e+00
-4.111161380805583576e-01
-1.927838257789734655e+01
3.527947607647099915e+00
-1.713445776410644328e+01
-5.570309508502404583e-01
-1.829209804786082572e+01
2.551308909626264665e+00
-1.647671326992219321e+01
-4.588650495548229458e+00
-1.411089064823156747e+01
-1.057320301035621668e+01
-2.217801355235349092e+01
-1.842468823462870375e+01
-1.735964903537168169e+01
-2.666395421401488619e+01
-1.549645080663572116e+01
2.107502721442385507e+01
7.847747955396897623e-01
-1.710947904696072186e+01
-3.178212266874069769e+00
3.066744425863717538e+00
9.387553668825546538e+00
2.624632217413626734e+00
-1.548922475709727564e+01
-1.042027377043381620e+01
1.727641374110490347e+00
1.032949096468114902e+01
1.823428023387513974e+00
2.786258343263135373e+00
4.765929854224154383e+00
1.828154373845838876e+01
2.023141589969966958e+00
5.755076120144209995e+00
1.018252974581331216e+01
-5.851499431523805583e-01
2.454152644386927307e+01
2.187484273037015470e+01
2.112350047434128442e+01
1.230136334662288533e+01
1.725604295211327610e+01
2.669909949825177620e+01
2.528154635437613251e+01
3.229465667771723503e+01
-1.890811740679787789e+01
-2.621655075945835733e+01
-1.036408089917513564e+01
-7.789428834304757743e+00
-2.750208051391510367e+00
-7.450404416956956766e+00
-1.767254868743649610e+01
-1.054265375779652203e+01
-2.562099860160987674e+01
-1.714455132010518668e+01
-1.243700087741598281e+01
-1.908663161684792442e+00
-3.190334828803329970e+00
-1.249136369915453315e+01
-1.406845942195558052e+01
-1.013809961217510391e+01
1.553547321143924620e+01
5.114689241964136102e+00
-1.741461697624905725e+01
-9.915222368038620004e+00
-1.165020742356588812e+01
1.514051187337773996e+01
1.455406957775110754e+00
8.265774162964945049e-01
2.811059022579343036e-01
-1.540658760446941500e+01
5.112461943431355849e+00
-7.796768897775990581e+00
-7.635661276578446177e+00
-1.943190353731999664e+00
-4.510854828031440888e-01
-5.637471512700827247e+00
6.278654720233923570e+00
-8.517786977995470465e+00
-7.117647076675162054e+00
1.237239760113282472e+01
-5.112933737895914987e-01
3.650918789619737481e+00
1.351425854851493114e+01
1.833585185554923669e+00
9.742411182722953811e+00
2.704528251583824527e+01
8.859398104346212222e+00
1.350290357646251493e+01
1.314648001480761508e+01
1.950972573253316256e+01
1.723018433839440888e+01
2.922386456403293664e+01
1.592852821221965343e+01
2.082264751881062637e+01
-6.169531541622689019e+00
-2.076311543905354284e+01
-1.215399263381200967e+01
-1.364216477269257410e+01
-2.443410363007748032e+01
-1.011817550523939957e+01
-1.166267177799209520e+01
-1.577503064081856365e+01
6.963027096986706965e-01
-1.571203153485893012e+01
-5.865230498670655379e+00
-1.048301395828058702e+01
-1.083267993740868462e+01
-5.283674001467602466e+00
-1.269584119374128761e+01
-1.052773409878293620e+01
-1.673720652740104242e+01
-9.767839486118518266e+00
1.663490738885982978e+00
-6.058801886617814603e+00
-5.521324068295420773e+00
-5.207415520145971755e+00
-3.633213995641078498e+00
-8.022751807353500908e-01
1.008217651149757188e+01
-1.307535822664699765e+01
3.676722151070798361e+00
3.080215383642467941e+00
-1.107470388738099842e+01
4.621206544250334503e+00
-9.270426738783044129e-01
7.894689996519304032e+00
-1.683940526772686752e+01
-7.430510543820354030e+00
-8.251344789539245994e+00
-4.345645917624949561e+00
3.704376287369449017e+00
1.705201482723767725e+01
1.157394023588771859e+01
8.032293789168932108e+00
-3.904033943563547382e-01
3.904786311753426276e+00
1.445813284757381467e+01
2.097648045791414262e+01
9.370854308308310010e+00
9.838861026498683771e+00
1.700207804098715059e+01
1.775643145490771957e+01
3.086692174386552523e+01
2.458008494347656381e+01
-1.318905441666075973e+01
-4.969216599183596372e+00
-6.578441176434928650e+00
-9.590968144331483813e+00
8.986737629122409032e+00
-6.386987357837128343e-01
-8.816891123841955391e+00
-1.253986866437833214e+01
-3.377338099123875281e+00
-6.772569540635174690e+00
1.781153114934852510e-02
-6.621130653167476510e+00
-1.258538648529725634e+01
-2.348867041352422547e+01
-2.867998510424051517e+00
7.924128405802264297e-01
-4.933433662605935410e+00
-2.220606260454997738e+01
-1.152441884672354888e+01
-1.375640719181504323e+01
-1.027494087855554028e+01
-2.015810601614582254e+00
-1.966297983783007197e+01
-2.007709473111321330e+01
-6.691161158255894748e+00
-1.088182850225544485e+01
1.105917555158044507e+01
-2.084259962539563560e+01
1.825139259213280241e+00
-9.590603323421085236e+00
-5.071732274518367944e+00
-1.171193866884719625e+01
2.672365364956021949e-01
-2.475460094767186092e+00
5.180655178117170578e+00
1.322657596619216491e+01
2.536007214595791481e+00
4.771845396045151233e+00
1.524034657717600538e+01
9.334374972035831775e+00
1.160459496462692641e+00
5.301840907884447063e+00
1.432131798673895418e+01
1.750558449905731351e+01
2.096382055541507583e+01
2.046785650439555582e+01
2.008573887209871600e+01
1.269591388264937848e+01
1.999817905404020024e+01
2.660620457619758383e+01
-1.355502908897060621e+01
-6.791751871730077994e+00
4.484660074225793380e+00
-2.115905568187181274e+01
1.443666415609470732e+00
-7.509020474886867191e-01
-1.574539925741261470e+01
-5.244800815914913983e-01
-2.341027552645814325e+01
-1.909636285479921014e+01
-7.224329877249630272e+00
-8.873683293099020375e+00
-1.229281065390365058e+01
-1.225456053448922944e+01
-7.181694842083899744e+00
-8.522357625906487044e+00
-8.122127602675234925e+00
-1.104518924033273208e+01
-1.489202450431874070e+01
-5.492538713430882069e+00
-1.690776168154172865e+01
-1.395006510425062629e+00
-7.218314789041293977e+00
-5.195822773297798847e+00
2.182125934664064459e+00
7.639799596844937923e+00
-2.389555524386067731e+01
-2.915339430910792373e+01
-5.016769048567816469e+00
2.179042367861804053e+00
4.826288324816083275e+00
-1.345342619117700877e+01
-1.758167127622274961e+01
1.539465565439810035e+01
2.476960417326438346e+00
-1.644910821912560550e+00
7.560452044966211815e+00
-7.153428017188090848e+00
-6.484588667055120936e+00
-4.949407219059885676e+00
-3.379158733081013111e+00
2.146937319714877646e+01
1.028277816450853521e+01
4.523403333421782690e+00
1.734961767885745587e+01
4.256962733981467295e+00
1.193493241577621689e+01
1.964839930246909461e+01
3.748621966412801498e+01
2.320869616243918188e+01
2.527482207296884553e+00
9.460591935387000717e+00
-4.675929698367475851e+00
-1.089266397103512674e+01
-1.184403141992022768e+01
-1.079044361361575000e+01
1.470883602072916574e+00
-2.659881879223794243e+01
-1.476146937282810967e+01
-1.270058842700748158e+01
2.949319566177123875e+00
-3.917479815584663072e+00
-2.383667424842747806e+01
-6.030093560426493582e+00
6.439885595866243762e+00
-1.616463030880360918e+00
-2.085045098560468091e+01
-1.335946147371714687e+00
-2.336631921540153201e+00
1.165625948037892101e+00
-1.340379405582780237e+01
-4.990509846780248893e+00
2.075851693836185063e+00
-6.108978588859230285e+00
-1.042646512156594696e+01
-2.123363487151611650e+01
-1.039251879104747900e+01
-3.706167020481508700e+00
-2.455968819674737347e+00
-1.604070809003445675e+00
-9.087455200435151426e+00
-4.108424309927315221e+00
8.146419189465660793e+00
-7.922922138259309577e-01
-9.454744508036448281e+00
3.258904239476592579e+00
-8.884417798476469841e+00
-2.297261765043188575e+00
1.568086929810079511e+01
3.644796414840087095e+00
-3.169266417966483118e-01
-3.659489284991749969e+00
9.104784317601307464e+00
1.215359048817205689e+01
3.665387127458451744e+00
5.312541312461917187e+00
1.658385213873965824e+01
2.926626266650988839e+01
3.597405807276648915e+01
3.754753205321365783e+01
-7.956821290037936478e+00
-1.641518521230977967e+01
-1.788811621876455149e+00
1.329657566299394489e+01
-8.588896326121314928e+00
-1.060918387304311494e+01
-1.411641675657510575e+01
-4.826647072800049898e+00
-1.668732199025983221e+01
-1.686712836485972389e+01
-1.315025534792007988e+01
-1.627329678468825591e+01
-1.565507505889770101e+01
-9.297233932469104900e+00
-3.120993405693699430e+01
-1.037339299367544498e+01
-1.306426284331227805e+01
-6.789962563983429789e+00
1.298279304668454159e+01
3.109091780855472109e+00
-1.547224463930272265e+01
-8.469190791911380245e+00
-3.376266099323323999e+00
2.680741546550783028e+01
-1.186674311543034577e+01
-1.088326249740126173e+01
-3.944706387967656269e+00
-1.289955026850188347e+01
-1.021818794522289409e+01
-9.572567951131631503e+00
-8.860608211848557403e+00
1.130134394651819463e+01
-6.652815755947479204e+00
-8.440242028336371050e-01
-1.489344316213129815e+01
-1.161417263059066585e+01
2.017432872579109926e+01
4.276259745458219186e+00
7.676032972254809295e+00
3.752394657248380838e+00
-3.818460623289212208e+00
1.611181197712809876e+00
5.831678029732977109e+00
2.512150517654082904e+01
2.652928278709282495e+00
1.389725451872995166e+01
3.499753803803368157e+01
1.255434755540463243e+01
3.670948472479417291e+01
3.401283478089786882e+01
-9.241626875098276628e+00
-1.221643236181778747e+01
-1.596557250709093978e+01
3.706198656796125590e+00
3.822457540806020404e+00
7.053138960230661780e+00
-2.915857865410366401e+00
-8.650719417294553182e+00
-1.202880668748392168e+00
-9.653512544639255566e+00
-7.194113448659798848e+00
-4.084615279042644431e+00
-9.169783065504560682e+00
2.071720802324328758e+00
1.553957985818541943e+00
-9.405301655842947639e+00
-4.230230592597408190e+00
1.199894957442906929e+01
-3.038550474781557398e+01
3.112263744726895709e+00
-1.420502369466838388e+00
-1.169365909351813571e+01
-1.359361706781712087e-01
-3.995971594135696137e+00
1.469568085005824543e+01
-2.441144842124823100e+01
-1.079607822617300883e+01
-5.139618729855591539e+00
2.420866703992203384e+00
-6.602473616227868547e-01
-3.463219292814798678e-01
-4.211861851696269810e+00
-2.766395887086495975e+00
2.075816505045715132e+00
8.475595586333064091e+00
8.231189128137685884e-01
8.093413128175065197e+00
-3.039485137296061623e+00
5.122257204167908640e+00
1.040549509438477571e+00
7.433478729637037929e+00
8.327739285570253003e+00
6.326439365492532829e+00
8.493707178818034720e+00
3.632814085628714196e+01
1.864354553763139677e+01
2.426865097163471319e+01
9.460782992326741692e+00
1.988109225154921234e+01
2.575931635549019916e+01
-1.976562432457107832e+00
-8.884532676291748032e+00
-1.771821978034529366e+01
-1.506859896647218733e+01
-3.686504928934652980e+00
-8.521730852136641943e-01
-2.343322424311108421e+01
-9.768392101998465193e+00
-1.456789762871726168e+01
-1.962904560931072240e+01
-1.953656783110167794e+01
-3.479132823271612551e+00
2.282309084727508264e+00
-1.470571389598969603e+01
-1.880487143708587894e+01
-2.795242287802287251e+01
-8.228586469466051767e+00
-1.266424446105019541e+01
-1.150124993372642734e+01
-8.000502153091609614e+00
-7.188948108540259341e+00
-9.203879179032945501e+00
-8.477118309412645658e-02
-1.739918967852479170e+01
-2.733485857680825859e+01
-1.685256504663449562e+00
-1.000332013367829376e+01
-1.872617461090662516e+00
-4.888476438699221660e+00
1.056774459384625686e+01
6.330855304254157545e+00
2.083425513791468831e+01
-9.924190351190418369e-01
1.564948412183753135e+00
4.338039087693800866e+00
1.333209876710753861e+00
4.057276886120575909e+00
-7.795191243977939166e-02
-1.142745293121514294e+00
-4.746211570361893450e+00
5.641304178534163327e+00
4.391454692927652559e+00
1.037945609747947628e+01
5.613294399872948759e+00
2.847524475275067601e+01
2.360401592792977254e+01
2.864495929348612435e+01
2.325244070126650087e+01
1.096919349382815057e+01
2.942948089426736402e+01
-1.244788091368668148e+01
-1.049713655544432100e+01
-1.993070819092235268e+01
3.442235691945775500e+00
-3.228015934966911971e+01
-1.079706023957991334e+01
-2.226296506221768112e+01
-8.338023411656344308e+00
-1.219675147419394534e-01
-2.460312714050451177e+01
-1.081271760919305081e+01
-9.425420916117062120e+00
-7.631598154018064406e+00
-1.157246690842456616e+01
-1.585102939425274826e+01
-2.974268864651598676e+00
-1.280719387129646947e+01
-1.052148386797590973e+01
-3.007926561105399799e+00
-1.361528252326072419e+01
1.626528755948896787e+00
-1.294214506018946054e+01
5.942278807250687578e+00
-1.362547882009112499e+01
-2.277768690619497960e+01
-2.815147953955769822e+01
-1.250227995730062247e+01
-1.012484847386045317e+01
-1.702349716474792984e+01
-1.981670984804424762e+01
-1.034658255741485533e+01
-1.853177870039953490e+01
-7.990754574420520839e+00
-4.750621012285463962e+00
-9.179496514954252007e+00
1.196913379341772554e+01
-2.900072010839025438e-01
6.686814570330348317e+00
1.632531893703224313e+01
5.901803709072055426e+00
9.591433431407821786e+00
8.591884113566436554e+00
1.461984564653790386e+01
1.847411396899644842e+01
2.810458288605954635e+01
2.540974895111516219e+01
1.717140605677096232e+01
1.544508713595889304e+01
2.481297962160861204e+01
2.493805122866763213e+01
1.149805186664981704e+01
-1.803458709935021176e+01
-1.066549328172997946e+01
7.416489085663954484e+00
1.444187905244267967e+01
-2.482134425369056885e+01
-4.275819061179177538e+00
-6.324993365297039816e+00
-3.902225572094259576e+00
-4.448702725128015345e+00
-1.137227571259778358e+00
-1.117159384535999322e+01
-1.272239188901131968e+00
-1.432703638235140886e+01
-9.289012025497356717e+00
-2.674454981777999762e+01
-1.878287562165455427e+01
-1.587282605906846555e+01
-1.160066552307658583e+01
-2.891414640186478380e+01
-2.810755625225554866e+01
-7.007178391062559797e+00
-2.062826854870790072e+01
-1.285819476296249775e+01
-9.684998211536928636e+00
-1.782360146059070871e+01
3.903361912520836086e+00
-4.303801496119781689e+00
-8.791506892457988442e+00
7.807999409717943706e+00
2.343920843928017916e+00
1.383852245180225538e+01
-1.176099730297477919e+01
-1.241163475346895240e+01
3.248417847994247154e+00
5.672928867789252649e+00
7.000965069020971043e+00
-2.226489375781618207e+00
-1.878714829313281598e-01
3.021714841541864871e+00
-2.004000822774898438e-01
4.324313198196001906e+00
8.677814177884322078e+00
1.604175908101268533e+00
3.975847371905487648e-01
3.004208289637362128e+01
2.571712154824165708e+01
2.068733610289625346e+01
2.561233001200503168e+01
4.928342655930114802e+01
-1.254029154671229662e+01
-6.806809444345560678e-01
-1.190625475151293244e+01
-3.064819364754953313e+00
-6.212860571191313852e+00
1.158544542229996921e+00
-4.123342526463105173e+00
-9.663307281766897461e+00
-8.689716283134934827e+00
-2.035362433173111896e+01
-2.196885815271053843e+01
-2.160158388679269592e+01
-9.050321451841440989e+00
-2.243392868610729352e+01
-1.298257555785451700e+01
-1.553212837312115369e+01
7.675520315098907531e+00
-2.814092915651721682e+01
-2.335215886904234139e+01
-1.839776681744188380e+01
-1.552099143967654982e+01
-3.920399763591944975e+00
-9.646896394442009637e+00
-1.132102538668279124e+01
-1.182131482655842092e+01
-5.713752404431893694e+00
-1.574052729782823690e+01
-1.633095942849330129e+00
1.441025726247477223e+01
-9.551520464040493152e+00
-8.028351761501035355e+00
-3.613863623847969109e+00
5.381329878760382712e+00
-3.119318201345386399e+00
8.545194597777047818e+00
-6.148991265142306872e+00
1.510932512659405802e+01
1.368056862328536027e+01
3.483225582762329964e+00
-7.516934302034442794e+00
-2.308327821209260833e+00
2.329259567942522580e+01
7.018860219470958839e+00
4.062182091228379477e+01
1.521858910446805169e+01
1.716816336338193594e+01
2.018116712856831185e+01
2.743804536505103187e+01
2.225516858047186730e+01
2.693804560078243071e+01
-6.740359838732516096e+00
1.243279564380587487e+01
3.508704106349362917e+00
-2.238654451433859549e+00
-1.043963200432881422e+01
3.229535013233238772e+00
-3.914565806218831767e+00
-7.749087781401271968e+00
-1.712507957984735185e+01
-1.010524544873285180e+01
-1.766723835735228221e+01
-2.016366023523260509e+01
1.584020885725720973e+00
-3.202195505443583556e-01
-1.282221824632244989e+01
-2.480743853961948986e+01
-7.288094240222697806e+00
-4.765488841611229986e+00
-1.658089824253026734e+01
-2.908360271246685613e+00
-1.481563271292892381e+01
4.651758164462115985e+00
-1.250904391914014013e+01
-1.617656845767790230e+01
1.836822713968057741e+01
-6.503723310581506212e+00
-3.540060967629209188e+00
-1.006946411207556480e+01
-1.488603633366521706e+01
1.984446340530205788e+01
1.068169943161827007e+00
2.431258212413176523e+00
7.823153019292611532e+00
2.952093382615295525e+00
7.859045465456468094e+00
6.844833046775768537e+00
2.567103990411854397e+01
-1.915836803242633835e+00
9.338389400706240906e+00
-1.246303274629183733e+01
7.432990142080981855e-01
4.090819315309140336e+00
1.389587333805848601e+01
1.555744827416445020e+01
2.444963372602050811e+01
3.955613597610017962e+00
2.532990022901292093e+01
1.700707829577786612e+01
1.567246951509826403e+01
3.538656862844531759e+01
-5.676898382861288894e+00
-8.222850038976112330e+00
-1.893481460087290458e+01
3.374151274871550754e-01
5.076737285047009607e+00
-1.392713634414155877e+01
3.169413542691209784e+00
-1.269880713971772934e+00
-9.361467530688784677e+00
-1.540091491395198631e+01
6.927303921934466757e-01
-4.277653050187872452e+00
-6.465535900672016112e+00
-1.070508166718272491e+01
-7.823387539874005370e+00
-2.817447599081277332e+01
-2.044078060944044495e+01
-2.574445743895886096e+00
-1.114956605522856137e+00
-1.244421486272612043e+01
-8.960471227641974679e+00
7.729064210482192721e-01
-6.824456903276875153e+00
-9.780875995402006140e+00
7.914387170647927405e+00
5.831156669371175383e+00
-1.982080043590891449e+01
-2.001518362233191795e+00
-7.610754278380660764e+00
-1.533022895940795394e+01
1.837969675391676105e+01
-1.741795130732718633e+00
-1.098674365397187103e+00
-4.353277031730812041e+00
4.599917527659755478e+00
5.585474766221992127e+00
1.789110701202606890e+01
1.476630169364378276e+01
-2.545078140707076386e+00
2.339596053980706358e+00
1.188583786062926606e+01
2.766032315234461691e+00
-1.349658291273212996e+01
1.400038310001507824e+01
4.320736770966526308e+00
1.760488170006431830e+01
2.151984304454319386e+01
2.829933786739221802e+01
2.034735652020734875e+01
7.347506620611895300e+00
-1.220952237687484399e+00
-1.004339851776116177e+01
9.194562967049293434e-01
-5.974684647450303032e+00
-1.205527691002785673e-01
-1.741690116396113552e+01
-1.769515390187613946e+00
-1.246709435740681471e+01
-5.394924310036628867e+00
-2.403151122391603423e+01
-1.101388002453070669e+00
-2.145405953180892311e+01
-2.144677202968002661e+01
-5.311707012305518560e+00
-2.117804931338469743e+01
-1.633936553391502855e+01
-1.812169990265110897e+01
-1.775780660665380140e+01
-3.347740418707779497e+00
-1.280939392451464443e+01
-2.197999070146774869e+01
-2.056308481102689711e+00
-9.564899511373170071e+00
-2.173498422187228840e+01
-6.569316961764350538e+00
4.529865694083767380e+00
-8.491093195128179616e+00
-8.871985140868382302e+00
-1.190506807148427981e+01
1.216055207424373208e+01
-3.817668891346627902e+00
3.850753450210682161e+00
8.785843959855903051e+00
2.782917247570102148e+01
-2.552349473122255574e+00
-1.558842271529002232e+00
7.975414414093684456e+00
-3.267317385247352490e-01
-6.671239228790142306e-01
1.158649727306475086e+01
8.804558913428429889e+00
1.484505080614876960e+01
4.801549721272223792e+00
2.365561083636411865e+01
4.861556644918685777e+00
1.185949861405101302e+01
1.390635054844461393e+01
2.799824853856819118e+00
2.030807776628801520e+01
2.793812563048022213e+01
-9.098345497783483893e+00
-5.824660231232009266e+00
1.042458471425384658e+01
-6.549139205503138328e-01
1.176188824084772477e+01
-8.016383366358354579e+00
-1.929902782338970724e+00
-3.437477786583890804e+00
-1.271626084183614580e+01
-2.098165171061204148e+00
-4.956559513938394446e+00
-1.666938137215221616e+01
-1.813618394655495081e+01
2.450519189025541777e-01
-5.826194619620110871e+00
-1.213661776422478056e+01
-1.210341898187375165e+01
-4.675312720193808502e+00
-2.908800876681949177e+01
-1.291067413624069360e+01
2.174401085345571971e+00
-1.305887141502672222e+01
-3.675158434900552606e+00
1.757016528071559947e-01
-2.081280178347934395e+01
-1.944076259879854263e+01
5.161215863410355098e+00
2.707984218542094368e-01
7.984141358501794628e+00
9.230531078573434911e+00
-1.466201699174975204e+01
-1.169931136318069775e+01
1.162808928416939125e+01
7.654683972323340413e+00
-1.287546227881264826e+00
1.323289558577238267e+01
3.357520837727676621e-01
1.448418247202751985e+01
6.005116537882010164e+00
4.742982017433043040e+00
5.171924458298278182e-01
6.000056013000644839e+00
1.116281308212207790e+01
9.894133230294684722e+00
9.893971784576592654e+00
2.383696585948185742e+01
2.352675499639750711e+01
2.042796503555178589e+01
2.894050919765776086e+01
1.829305451275698857e+01
5.141840908970870316e+00
-1.433515239209004477e+01
-2.196932720676770145e+00
-3.388964434024046568e+00
3.479264423009524876e-01
-5.063082004408400394e+00
-3.034069951729755132e+00
-1.835027095023698251e+01
-5.263864063078337097e+00
-8.895561839440354390e+00
-1.555296549108704340e+01
-1.787540769441434207e+01
-1.645781397168209992e+01
-1.438796369324495572e+01
-1.148451045479123422e+01
-1.530955746980401955e+01
-1.156789226701691575e+01
-2.078385448745319763e+01
-1.100219469917116299e+01
-2.413616847069676652e+01
5.101829778246319336e+00
-6.372179987689996494e+00
-1.010644178285248529e+01
-1.406425495334804765e+01
-6.268977501804080532e+00
-6.419616838037832451e+00
2.548869427072766314e+00
8.333947147145302381e+00
-1.802604001972628112e+01
1.189959675252787008e+00
-9.497213126478030176e-01
1.020895143799805282e+01
1.075124328567581955e+01
1.471896558239695452e+01
6.571891709810685711e+00
2.154808975877028132e+01
7.408412209442261087e+00
2.180518821661709694e+01
2.332121795951098875e+01
-6.392075559092724291e+00
-3.799043253743327853e+00
1.616596814115359138e+01
3.993469969496672434e+00
1.196813453151173690e+01
1.634993524894877481e+01
5.963348343856601730e+00
3.164409793506156632e+01
2.388056770187436229e+01
1.218840163272498245e+01
1.354081787289684513e+01
-4.706078989916143485e+00
8.419375420732848170e+00
-3.873214484083320031e+00
-4.672909769052687068e+00
-1.310152251880754193e+01
-6.411217044782588914e+00
-6.531591515768063516e+00
-7.967661793256937131e+00
-9.794251534484331501e+00
-4.823034462175776582e+00
-8.531234630549406006e+00
-1.765635844566747892e+01
-1.212117447673890069e+00
4.181051414781350672e+00
-1.785755700523552036e+01
-1.546352491717739497e+01
-2.186626844768181144e+01
-1.049054186482709383e+01
-7.805382713104734194e+00
-1.063931897473437971e+01
-2.143792147826893313e+01
-1.295821529492467761e+01
-1.425683996654699115e+01
-5.740883989083009453e+00
-4.304495680202826691e+00
-1.532521172801587994e+01
-1.007056031631089610e+01
-7.120360801839034082e+00
-1.490709339528672928e+01
-3.070311395946170308e+00
4.348464511334029226e+00
2.281856466377104198e+01
1.145431883810702089e+01
1.215532343640454371e+01
1.212071877738038239e+01
1.479967397634010950e+01
-2.077681381293118079e+00
1.570452378557515516e+01
9.496430977106982141e+00
-7.355553747973203826e+00
1.369856722819311301e+01
7.721844214087383307e+00
1.213592821903093721e+01
1.328083980554993104e+00
1.354599172850661404e+01
1.808973217517065990e+01
3.545109830237519333e+01
2.391181373261019871e+01
3.156590367644898976e+01
2.652069010187958042e+01
8.107512187121670877e+00
-9.319498049496381498e+00
-2.304467954262740648e+00
1.537982236691969007e+01
-6.247440211887393957e+00
-4.630541432675130409e+00
-5.198472874823337975e+00
2.500623158005076618e+00
-8.134419259407515312e+00
-9.489934069931088345e+00
2.133172113953534677e+00
-1.424055096351658278e+00
-4.847257631049757265e+00
-1.319606298502696973e+01
-7.415030472279347862e+00
-2.687241324651943586e+01
-7.127511463337910413e+00
-9.869934248988954550e+00
4.423907028016124343e+00
-9.180160436349751762e+00
-2.283020287457681974e+01
-9.481079347561554016e+00
-1.404718198606561685e+01
-4.731266933719354029e+00
-6.064684410414052707e+00
-1.730721703487408547e+01
-4.789512857589151906e+00
-1.449861732098798939e+01
-1.929343994841445920e-01
-1.961384582257267084e+00
-1.866280642432798231e+00
-6.947592434741892475e+00
7.939797736219958324e+00
3.236344496244335289e+00
-6.480321476568192907e+00
7.713862716403447450e+00
7.983047883586060323e+00
1.598074971119478960e+01
1.726573849073961497e+01
1.513246631018210309e+01
1.966925992353288422e+01
2.616982870669266248e+01
4.513054234974219980e+00
1.827519332644812522e+01
-6.570214828787364070e+00
4.226234917464040564e+00
1.551176675763748847e+01
1.789122977139582815e+01
2.124664466241263483e+01
2.663462688455484795e+01
8.606778553867890480e+00
-2.728414320455939901e+00
1.973461443458219833e+00
-3.507105430151341352e+00
-3.399783441394781391e+00
-5.695572540312049625e+00
-2.038005374325636865e+01
-1.233937997685309540e+00
-4.357243829713581817e+00
-2.356859859955271475e+00
-4.394965144297884763e+00
9.932069877250484069e+00
-6.301322311023426437e+00
6.218432743772126514e-01
-1.025999381860964377e+01
-1.207515793305174157e+01
-1.633583051407828890e+01
-1.835779752889111194e+01
-2.653085157172686337e+01
-1.198193863388664937e+01
-1.189882956137152803e+01
-1.614765676954989004e+01
-5.925755028862148777e+00
-3.555248248072523154e+00
-1.662137454080699683e+00
-4.676133801251801003e+00
-2.208343440779273692e+00
2.297311275192866020e+01
2.237333612768831870e+01
-5.564686456978598983e+00
1.627113789321577286e+01
-6.312030969241931189e+00
1.897173720469792357e+01
8.964358040118419524e+00
1.530372096174282603e+01
1.093886001607068437e+01
2.268379923037220891e+01
1.192161568203891875e+01
3.296103040784457505e+01
3.094829462126987352e+01
1.625028158257823918e+01
1.777104247184431074e+01
1.474043653069266924e+01
1.116137348134387253e+00
6.415523442496066764e+00
1.529135587137415797e+01
7.156629632823339193e+00
8.718401920034182240e+00
1.190827424769183551e+01
2.844544935034689814e+01
-7.273042083145369929e+00
8.630049704202164662e+00
6.500954669009885833e+00
-8.401470555363637516e+00
1.804794621993418247e+01
3.872280868142055965e+00
2.642391073285359937e+00
-3.886546916962927867e+00
2.345022412773566600e+00
-6.137169250818850230e+00
-4.560872089934512985e+00
-7.928506814243462486e+00
-1.807423299334317335e+00
-9.326001944869545923e+00
-1.110606043313244129e+01
-1.055027891532501627e+01
-1.086327480605594786e+01
-1.503523484082343487e+01
-1.263441313857602921e+01
5.295729771849337908e-01
-1.169672212512173815e+01
-9.503329182435763300e+00
-6.215949256986675664e+00
-2.725679157218635140e+01
-5.944819192763709736e+00
-1.621199963688649603e+01
-5.214919760780219349e+00
-7.596288391396633699e+00
-1.720050440554351923e+01
-9.829351893347670455e+00
6.256143085519752844e+00
2.173317517137505206e+00
1.616897782258845240e+01
1.142547246734713440e+01
1.107692576059908873e+01
5.628354037575419966e+00
7.051485872236305852e+00
9.039958289508192024e-01
2.619058237998572736e-01
1.202627621905273969e+01
2.014383483632529703e+01
1.015009845261172927e+01
1.062735016616716877e+01
1.727492857873414067e+01
7.734554315657717893e-01
1.495919891075124042e+01
1.577966922256747750e+01
1.663349425817685301e+00
4.422771405456046523e+00
1.767447448888761841e+01
2.791237182856626475e+00
-9.278570725746334347e+00
-1.555077054289456129e+01
-6.590548681920708418e+00
5.474761552923325780e+00
-5.963014646278359976e+00
-1.075669493972057467e+00
3.133320167205880580e+00
-2.213755375848602824e+01
7.824919198436070644e+00
-1.558816707181662053e+01
3.119765024492004102e+00
1.312738170557211959e+01
-1.021243475864547179e+01
-6.193985369347245751e+00
5.329769929546948504e+00
-1.718065550470365110e+01
-3.008403263580987641e-01
-8.824893496777058033e+00
-5.193082513206690010e+00
4.404681174977021385e+00
-1.048926416985629828e+00
-1.452364310887211474e+01
4.355386804978124360e+00
-9.373581322239694202e+00
-3.994412379502541910e+00
7.424313709234759528e+00
7.415087818050650981e+00
-1.933051520520865552e+01
-1.204889645301233969e+01
1.233206457657448851e+01
5.807946765583338333e+00
9.855229371524629300e+00
4.230607852700941862e+00
1.928998270761733380e+01
2.548021406435746883e+01
3.648362594040504092e+01
1.000608678770431936e+01
1.051551867492136694e+00
-1.773914484502164157e+00
2.500762047579775782e+01
2.395350215592307563e+01
6.068598086566318273e+00
1.383540819404649369e+01
2.266301329029214173e+01
7.168237239112038139e+00
1.426227017690515453e+01
3.258619120002637004e+01
4.079462309633086647e+00
2.330606149076317024e+01
-1.065270138536164524e+01
9.677015035217593208e-01
4.182758413506888928e+00
1.310188126052509006e+01
-6.174671668110804035e+00
1.357479017071554495e-01
-2.858520882529909102e+00
-5.710130533220301174e+00
-1.250551875702659999e+01
-1.027638668023286073e+00
-8.702393368442976396e+00
8.685312091596642858e+00
-4.438023834759704300e+00
-1.197560778029043860e+01
-5.131646618047717823e+00
-2.759871214999357392e+00
-4.051658907944464261e+00
-1.793835170600112860e+01
-2.423301298880812737e+01
-8.956604129088539423e+00
-1.810261617964177816e+01
-6.619605705535640539e+00
-6.839354292855169604e+00
-1.655067396607999086e+01
-1.854462077383070095e+01
-5.917330279844328800e+00
-1.118939405151360234e+01
2.861410993285105064e+00
2.821369304459693694e+00
2.818372293602138257e+00
7.384639927526947645e+00
2.295907666848428619e+00
8.194746429162243828e+00
2.666441081425095661e+01
1.345682935241504907e+01
1.347732275859381446e+01
-1.250752174753365864e+00
7.048499564462417766e+00
1.259506455704637773e+01
2.106974874251072549e+00
1.630664096117816797e+01
7.043129245316620768e+00
-1.415864665421561597e+01
2.748065606211455503e+01
1.177151429657343584e+01
2.226577828189468988e+01
1.182480437700372278e+01
1.065376517384666499e+01
1.460988949453408026e+01
2.658799253622625258e+00
3.890943555792603092e-02
-6.615159401227693081e+00
-5.045185497343517511e+00
6.088111618625333676e+00
6.212649291881149338e-01
-3.338560800611197976e+00
1.003891899736468218e+01
-9.912411171359956086e+00
-5.469596341415872587e+00
-2.648792089946473283e+01
-2.413591548632176398e+00
-7.449184706768598119e+00
-6.814750512629260015e+00
-2.001113000718995494e+01
2.474987103286103718e+00
-9.234194170124467860e+00
-9.302666935227712486e+00
1.418523394832617868e+01
-3.073570552704204317e+00
-3.356142115910486723e+00
1.695906025955089547e+00
-2.060490950034888158e+01
3.290724301447902178e+00
-4.490038431023208432e+00
-6.392933622433830010e+00
-1.042173282638196241e+01
-1.297146925335167822e+01
-6.556785911488589136e+00
1.339164709801084285e+01
-2.669400135557040699e+00
-1.586101320791215130e+00
1.121498969496801124e+01
6.209725201873503408e+00
1.533858527487004153e+01
3.404013661693845449e+01
1.396746457055976265e+01
1.728217266453238921e+01
1.396270830330226431e+01
7.220357868012648339e+00
3.534817291344017320e+01
-3.846225023275465560e+00
-2.145823772468560264e-01
6.495939452665425051e+00
8.165668477225771937e+00
8.848877103636283437e+00
5.887770751063285957e-01
5.612263355971158774e+00
1.144809034947802928e+01
1.740542968127362400e+01
1.813656908005589941e+01
-2.952910109851984544e+00
-8.278010621895255383e+00
5.372130355920660350e+00
-2.718583522463070778e+00
6.637731596895598329e+00
8.004087832488316678e+00
-3.970336312707722470e+00
-1.873540103002999757e+01
-1.201927038754369192e+01
-1.706482998226432812e+01
-1.160512706424186291e+01
4.679071370954943632e+00
3.717133361693420568e+00
1.133895384645212090e+01
-7.375987114099075370e+00
-5.742402958522006884e+00
-2.089624937871148802e+01
-1.453410570490967046e+01
-1.132392055701613742e+01
-1.477198778998456419e-02
-6.738875174489464825e+00
5.090249258787601150e+00
-4.842749301199802403e+00
3.674903280012436824e+00
-2.007129225832819941e+00
-1.166611161528363994e+01
8.311319652147069803e+00
1.637099221905180002e+01
1.234018600881741179e+01
8.991421811419975541e+00
1.490386492272030239e+01
1.537500087112727698e+01
1.595483489415057932e+01
1.207655616025770939e+01
3.764370015268497127e+00
2.014878908581849259e+00
1.881813968755484723e+01
1.567843585009955376e+01
1.275465878986630486e+01
1.273143858822058405e+01
1.198004358831379790e+01
2.358116261938250346e+01
1.640194957221121541e+01
5.224131684106062323e+00
5.712733195786761087e+00
-2.409863136006435980e-01
9.953681985404379873e+00
3.858721911446600927e+00
1.975021439195527506e+01
2.192557357338986179e+01
-1.168914033167003907e+01
-1.058612411772811157e+01
2.885939691948422592e+00
6.492517504248944249e+00
-9.266305374479259171e+00
9.694158328506816247e+00
-1.037763636393036393e+01
-8.516652808132889163e+00
-9.351949659071223664e+00
-4.774976843388671455e+00
4.945296425323604694e+00
-9.799929336602197338e+00
-3.928803200590920142e-01
-2.138816953491183881e+01
-1.768826493657405052e+01
-1.180296946824383753e+01
-1.355917391044524578e+01
-1.377557340103047068e+01
-1.559221359007035090e+01
2.218802018081149185e+00
-1.263885036154444208e+01
-1.431845181287627611e+01
1.331826742606878611e-01
-1.469393642840417868e+01
4.653823876062411102e+00
-3.374402604207780598e+00
6.516625037880956484e+00
-6.381718263860278739e-01
-9.005167656164637435e+00
9.161740683396814688e+00
7.620965753475495319e+00
1.323329092710414301e+01
-2.648967001340650995e+00
6.704559234220909048e+00
2.372708777578306183e+01
1.721174775050668160e+01
1.593670150258990503e+01
5.010893014969148851e+00
3.276424166037703856e+01
5.799546555105671075e+00
2.545716065141116502e+01
1.026541915052450804e+01
1.219716743528308456e+01
1.271799904172518580e+01
1.399162071735517543e+01
1.240537276473220629e+01
8.470233621820078440e+00
2.686761425623480193e+01
5.983904410676409213e+00
2.498214501707436597e+01
-6.178496494111655579e+00
6.105465474828697836e+00
1.282959744808624691e+01
3.742640901565671641e+00
6.009612728488427535e+00
1.411668481637093464e+00
-9.748198873592031077e-01
-1.026741123673011913e+01
-1.136303772590260053e+00
2.046705699685794855e+00
-4.776145115565363142e+00
-6.664066509098539370e+00
-2.114722840982359742e+01
-1.737281929458831087e+00
-1.470133888841380099e+01
-1.139964208231658915e+01
6.350892052064907034e-01
-9.618270093193451942e+00
-2.188135978901291168e+01
8.369409492457080546e+00
-1.881350567196098922e+01
-6.734479652015700424e+00
-1.705664385301236052e+01
-3.555763274786947647e+00
-5.318260576342929369e+00
-1.758740451594756848e+01
-6.437347057621991553e-01
2.603138365538166710e+01
3.414611102829852030e+00
1.851557378171222723e+01
1.298676304386166436e+01
1.836956975465580655e+01
1.369729847703865744e+01
1.064332087009656647e+01
1.422954171271614854e+01
2.783531927508764880e+01
2.121403002597755005e+01
2.006530075421805037e+01
6.361106854463045579e-01
1.616042267958111012e+01
1.038603961058476699e+01
1.219885025968137882e+01
5.486456014810890736e+00
1.616139771521694968e+00
1.052541001359432471e+01
3.655274268818281769e+00
3.980713408747341475e+00
8.320448367553922253e+00
9.792406450177914223e+00
2.883207706472155962e+00
-1.464223200447996476e+00
1.532306294998908669e+01
1.206825484227316991e+01
2.089457206077096174e+01
-4.213760186536866570e+00
-1.242423604781018298e+01
-1.264824605365269861e+00
-4.024098693224829049e+00
-4.854500908698028638e+00
-1.554962652672510615e+01
-2.739440748998923425e+00
-5.154682060415765932e+00
-1.079206615767605371e+01
-1.462230171021458602e+01
-8.274758562741475032e+00
-3.078953236708954933e+00
-1.280283120601363578e+01
-1.038181262886571687e+01
-6.424472868053250352e+00
-1.755063905182544204e+01
-2.072885398688141834e+01
-1.835340356832794839e+00
-4.225656536523118234e+00
1.863971870249670815e+00
2.385879477831281292e+00
-3.446461462750164628e+00
1.032669547026667090e+01
1.848133057827737957e+01
-3.534324760256808418e+00
2.492750066349329785e+01
1.358700571811763069e+01
1.468309868998912293e+01
2.080284395690256360e+01
2.251713849910736798e+01
6.604875334718315116e+00
1.193095943071814702e+01
1.122674980237597708e+01
1.134535099895113319e+01
1.015894639000904220e+01
1.603814680932799774e+01
9.697260139058116124e+00
2.417875666830212822e+00
1.099556448071798087e+01
-5.910427828512219151e+00
2.191079638768414384e+00
1.339772771036329857e+01
4.577959718163604919e+00
1.714103277747140197e+01
1.273103522602163906e+01
8.159220124349715775e+00
-1.212251446553512579e+01
8.987076141310097910e+00
1.153591434640027558e+00
8.651813043950198789e+00
1.277722413628463727e+01
4.230822791164349894e+00
-6.603735984388976021e+00
-1.267553004754635992e+01
-6.357887668797189917e+00
-1.013435168271205100e+01
-9.364162251175933704e+00
2.819153977629724750e+00
-1.671171694846258049e+00
-7.854820630677956217e+00
-7.060030768259373701e+00
-2.041609399564867289e+01
-9.224822642427554342e+00
-3.495725363450233658e+00
-1.581672150904985585e+00
-1.692550543990719092e+01
1.180333885204218092e+01
9.771148159015297097e-01
7.406650991226911174e+00
-1.023671353967084485e+01
-8.684905786501538216e+00
1.273335613501757280e+00
1.332952980867389670e+00
2.831003647756197950e+00
-2.052167805142573798e+00
1.384137836360704910e+01
1.742568395014721006e+01
1.546234961523628471e+01
2.155113941970402891e+01
2.198288857504503113e+01
9.365431951254109322e+00
3.068121758137910149e+01
5.624245746656008293e+00
1.918205563559219229e+01
8.215553217887141102e+00
-5.685349246389911571e+00
6.734248743383830060e+00
9.965025637079989451e-01
7.048497047075940714e+00
6.381141001864712337e+00
1.353238714139135368e+01
5.695150226579080766e+00
1.708894378791898561e+01
-3.978153580673364331e+00
1.903436706444635718e+01
2.041834396402600760e+01
4.689388406094785466e+00
8.756670092407468076e+00
3.357313258305303805e+00
6.941669050361632287e+00
9.247234189488132472e+00
4.074008611001609381e+00
-6.435429051600294770e+00
-1.666808499894278839e+01
-8.641363100440408118e+00
-1.387479764676424310e+01
-1.187562962686186552e+00
4.974674115488568304e+00
-1.458307970372199236e+01
-1.192308546370644251e+01
-7.096668766779274051e+00
-2.564232659667108294e+01
-1.271458986592626417e+01
-4.993465457993657708e+00
-2.243760063789056147e+01
-1.426442529148872751e+01
-2.141929942269211296e+01
1.060686867151646595e+01
-1.399608934879771738e+01
-8.522813983225894674e+00
-9.231686303854246489e+00
2.586641699863704957e+00
6.101341784638570687e+00
7.134625970062856481e+00
1.884065750795522831e+01
6.943613916584276069e+00
6.606465471973500314e+00
2.505751258257992475e+01
8.694065753451951650e-02
3.007709982814478877e+01
2.851778786297240487e+01
1.006601892361247508e+01
9.381443118207783982e+00
1.587828315948943469e+01
3.788841886401414172e+00
1.549224777792556296e+01
-8.792465601918308948e-02
4.929533662032255847e+00
6.229295329693307792e+00
8.084392803137049555e+00
7.171994486058238749e+00
1.128861207846511405e+01
8.103322810801536491e+00
1.914722545545181021e+01
-6.703405149586671996e-02
1.650093978726171429e+01
-1.526046522118313931e+00
3.941786336224410547e+00
5.937634572077286066e+00
1.102188748814898389e+01
-1.730080610393632412e+01
3.362586041882153154e+00
3.160206647125100687e+00
-3.142466538490381822e+00
-2.074745949490278463e+00
-1.529622101597169603e+00
-1.243057222457685640e+01
9.853198040508246436e-01
6.352983939283397774e+00
-6.193726739552822380e+00
-1.149348567433311530e+01
-4.967534017460735640e+00
-1.877479290400790291e+01
-1.727730898637412338e+01
-8.181698857769632127e+00
1.372061046458846079e+00
-6.115288091937742365e+00
-8.148762999813804697e+00
-1.339540509941814861e+01
-2.024061123351023639e+01
2.061867943286017635e-01
1.032651270350505257e+01
8.293886694449952302e-01
5.664215422223449536e+00
4.131286500758591274e+00
-9.477719299314657064e+00
1.862469671648484848e+01
1.374880850685936196e+01
2.282896886242964740e+01
3.738468201906702859e+01
1.951901381098797827e+01
4.452052735744359779e+00
1.131058399312278340e+01
2.932839886204721580e+01
3.286744018832180814e+00
1.060387527674212294e+01
1.069063647444441756e+01
8.557671505122961264e+00
4.749786658088609670e+00
1.170332703153002996e+01
1.051707149050400858e+01
-2.078478898072205538e+00
4.443704847152957882e+00
1.982528112490891914e+01
-3.295845759632250349e+00
6.184463306006243499e+00
-9.756445765397216974e+00
1.463958082491252810e+00
7.457258161485377457e+00
-1.513498830385925942e+01
7.575304066594611641e+00
-4.996362961246255452e+00
1.069026535536423239e+01
-4.274155414601032987e+00
-1.026106938815245684e+01
-2.326783946113532409e+01
-2.302505925598658365e+01
-2.723912197391619827e+00
-3.424330201683233099e+00
-9.029850614785289054e+00
-5.856032488714355111e+00
-1.066172754727613636e+01
-4.292267644185876918e+00
-1.167110269391358912e+01
-1.233231117026367230e+01
-2.054382519541442065e+01
-1.209132097215139368e+01
-2.810122653905132495e+00
1.588631899388843749e-01
-1.489995990948825977e+01
-1.045911782205912033e+01
-3.667248798193369907e-01
2.494958365731044836e+01
3.968250004065978942e+00
-8.485280917369266263e+00
1.403826420053417223e+01
3.495435502191819666e+01
-7.459328040268886184e+00
7.330836147252135504e+00
2.828960669407720729e-01
2.843804397670483297e+01
1.725865291894308484e-01
1.349553219598357856e+01
1.426573050222881989e+01
1.063983481930060293e+01
2.162076348560638905e+01
1.718512292202112235e+01
2.393922826506518931e+01
3.434247910909036250e+00
-9.226422550562624281e+00
6.905094580367716617e-01
-4.750292077741065100e-01
2.466645523475314405e+00
-9.400232746504990189e+00
2.124869417712535125e+01
1.472081857414636374e+01
