3.445649540454636735e+04
2.934898923488426590e+04
2.107650273891162942e+04
3.010630032744949858e+04
2.254244817149703886e+04
2.438751023638338665e+04
2.721116022282637277e+04
2.658031877332558361e+04
4.326681396790634608e+04
3.165654193431837848e+04
2.498956686861021444e+04
2.968288811757989242e+04
3.265699919269008387e+04
2.964741652757510019e+04
2.426157462000161831e+04
2.841082960529466436e+04
2.465006070100384386e+04
3.575382588089552883e+04
2.797727697826411531e+04
3.395288706394467590e+04
2.598632445494428248e+04
2.869033887327387492e+04
3.252563011964945326e+04
2.715825660017804330e+04
2.989925443019850718e+04
2.733856077485026617e+04
3.041776532446669808e+04
2.854638683735499217e+04
2.851072133828801088e+04
2.702772209451536764e+04
2.561881116701885912e+04
2.811182826433089940e+04
2.778185554328636135e+04
2.970380578957752732e+04
2.817689995484046449e+04
2.997878071465814355e+04
2.439848468247824349e+04
2.592058787085654694e+04
2.957737950032954541e+04
2.684019883989596201e+04
4.096880710410391475e+04
2.760436736601249140e+04
2.806869733379357058e+04
3.341748713057724672e+04
3.783384337134876841e+04
3.054841763124928548e+04
2.813529206887115652e+04
2.921484082477862103e+04
2.409998581088801075e+04
2.687003698836178228e+04
2.763016630836498007e+04
2.821177015580103034e+04
2.790640835415551192e+04
2.504335048379396176e+04
2.891555025635521451e+04
2.820256633937500374e+04
2.670300709395911690e+04
2.757419205974115175e+04
2.535023548208753346e+04
2.595298749447241789e+04
2.909372944864855526e+04
2.664348628055530935e+04
3.175299809475829534e+04
2.620594310018107717e+04
3.721196462135702313e+04
2.763361313947937742e+04
2.783047890919020574e+04
2.295310747413880381e+04
2.750339165228895217e+04
2.786481819587676000e+04
2.390054742013066061e+04
2.948677303333131567e+04
3.076010309008707554e+04
2.730181192184294923e+04
3.474056878926445643e+04
2.940532374150431860e+04
3.093090682742547142e+04
2.834065769637956328e+04
2.673288971551153372e+04
2.814679878550672584e+04
2.185123622814153350e+04
2.856884725821177562e+04
2.993035783479371821e+04
2.502482681040210446e+04
3.324197416810469440e+04
2.318146039715896768e+04
2.858067570045903267e+04
2.478231008088817543e+04
2.690321938967986716e+04
2.968795669417933095e+04
3.098837059551923448e+04
3.685202875122726982e+04
2.907722480898807771e+04
3.080436739590099023e+04
2.827524993651411933e+04
3.031233292152707145e+04
3.783712942269093764e+04
2.575331804570167515e+04
3.142564391353975952e+04
2.841086011111973858e+04
2.534293923701021413e+04
2.744172648430284607e+04
3.987773876114234008e+04
2.597113765697899726e+04
3.333082083052435337e+04
2.904297722040561712e+04
4.341252326650120085e+04
2.699219211505191925e+04
2.700305506557640547e+04
2.923582916999038207e+04
2.239848186056050690e+04
2.611122888199433510e+04
2.803755887116677332e+04
2.613262458237977989e+04
3.048490014692810655e+04
3.384472666948341794e+04
2.418165905515917257e+04
3.081986368444746768e+04
2.696371753818000070e+04
2.390439248268355368e+04
3.107884411796550557e+04
2.944525606190173494e+04
2.603789097908676922e+04
2.834964693546156195e+04
2.714398811717424906e+04
2.655077373272669865e+04
2.720684405313925527e+04
3.556372232224874460e+04
2.836794958134496119e+04
3.654678478040061600e+04
3.044634703708679444e+04
3.074435678030502095e+04
3.048190098080438474e+04
2.738857085483719493e+04
2.677985780460360911e+04
3.065897917161862642e+04
2.838973766296622489e+04
2.568573059106407163e+04
2.766671829448494827e+04
2.881869929719494030e+04
2.752702999653949882e+04
2.863268297051099944e+04
2.656837872145229994e+04
3.037005131534090833e+04
2.918316041161784233e+04
3.084014767442880475e+04
2.827379813017178822e+04
2.867458643698096057e+04
2.774275550902809482e+04
4.444530600193815917e+04
2.758291956961076721e+04
2.947504249807428278e+04
3.076913267566655486e+04
3.484412110491934436e+04
2.333413309627457784e+04
2.904553537194790260e+04
3.144998068223676819e+04
3.287642886255817575e+04
3.272704605687916410e+04
2.699485206139945876e+04
3.356416081158881570e+04
2.981231660595109133e+04
3.190945662124583760e+04
2.955196412023836092e+04
2.752608233841849142e+04
3.104208981449721614e+04
2.764159180634640506e+04
3.044923569884576500e+04
2.605498734707161566e+04
2.551044227293707809e+04
2.693739165817058165e+04
3.325456723064991820e+04
2.813208160523220067e+04
2.504952105303576900e+04
2.709658965096760585e+04
3.442495039147949137e+04
2.571828896475157308e+04
3.205990756089810384e+04
2.977168435471797420e+04
3.175711270233821415e+04
2.778693828762431440e+04
3.024701926274867947e+04
3.006509468726789783e+04
2.252505009874734606e+04
2.549499594922252800e+04
2.593617702970667233e+04
2.544890175387034105e+04
3.511359288799209025e+04
2.506390067771783288e+04
2.724032014494251052e+04
2.808000125258183471e+04
3.854817692223250924e+04
2.666709484237636570e+04
2.854564243855265158e+04
2.642274059995188145e+04
3.301698672242247994e+04
2.418639521129310015e+04
2.950904580149271351e+04
2.811372945996190538e+04
2.684989601283503725e+04
2.769649095774890520e+04
3.009458920618856791e+04
2.831318310577333614e+04
2.455054232523356768e+04
2.903856378427603704e+04
2.886385254626681126e+04
3.379312432425069710e+04
2.722882119320081620e+04
2.617669575529321082e+04
2.686832691029057605e+04
2.519471730151110751e+04
2.916370885308917786e+04
3.156646830693028460e+04
2.854221263077871481e+04
2.509821803500287933e+04
2.579609750685968902e+04
3.586709440310591890e+04
2.779251429956956054e+04
2.480513636492520163e+04
2.323593434618418542e+04
3.178432025763838101e+04
2.663458739758707816e+04
2.806430670347757768e+04
3.148665022883353959e+04
3.116955509629575681e+04
3.368254647897493123e+04
3.303330358415080264e+04
2.894071958031745817e+04
3.577776903089448751e+04
2.735047455278407142e+04
2.682876319113187492e+04
3.439199220211531065e+04
2.979426667709277899e+04
3.591872023399701720e+04
2.342565960668583284e+04
2.999506264273709530e+04
2.812895399701744100e+04
3.286858336359926761e+04
2.688316488358312199e+04
2.628373257437280699e+04
3.650219504722281272e+04
2.761312001697929009e+04
2.787758007680441733e+04
3.742415275256161840e+04
3.053223317590543593e+04
3.061353211857356655e+04
2.892363261490386867e+04
2.889456981942512357e+04
2.817920206036782110e+04
2.861480600364091515e+04
2.755410604279927793e+04
2.660571344551916263e+04
2.655061160770982679e+04
3.423371554814484261e+04
2.800131993086591683e+04
2.675486528875749718e+04
2.684123957387113842e+04
3.010381667814838147e+04
2.650477174587987975e+04
3.473544095829554135e+04
2.893451697418008553e+04
3.550201568703458906e+04
2.484944514484866522e+04
2.304253687437045664e+04
2.767930362077983591e+04
2.606028585373720853e+04
2.916009358739705931e+04
2.774477700269362686e+04
3.318998626146839524e+04
2.889978338195207471e+04
3.083310543826093635e+04
2.618269396892160148e+04
2.858278014004271608e+04
2.901744517008879848e+04
3.490040789559966652e+04
3.221342145983304727e+04
2.542852111384797172e+04
2.703258535508036948e+04
2.712479463747646150e+04
2.818587198982232076e+04
2.949512269286118681e+04
2.818866820827758784e+04
2.537479923696666447e+04
2.990035186324745519e+04
2.992796615541787469e+04
3.230700460448568629e+04
2.765545627140857323e+04
2.885115876042379023e+04
2.886106431483139750e+04
2.479629953272463172e+04
3.261942819185803455e+04
2.521444860483200318e+04
2.818549112343480738e+04
3.241237732203113046e+04
2.685431682127660315e+04
2.875227761063877188e+04
2.929057137426964982e+04
2.799181177348577694e+04
3.455684895394249179e+04
2.780422834867071651e+04
2.703001417257222784e+04
2.694228650604521317e+04
2.773822158473704985e+04
2.608435809016011626e+04
2.565992148549220292e+04
2.855375324339036160e+04
3.290526181252580864e+04
2.769048202631669483e+04
2.690808744245424896e+04
3.123016463943091730e+04
2.936191240317884512e+04
2.628598792504040830e+04
3.115232795861941122e+04
2.879764888917691860e+04
2.604494427548040039e+04
2.629256103087632073e+04
2.680269123757884881e+04
2.968050810587906381e+04
2.594161426778103487e+04
2.274867413165163816e+04
2.798405688751405251e+04
2.879865343794299042e+04
2.610363725561349929e+04
2.629817878083168034e+04
2.745447581538320082e+04
2.912118664469222131e+04
2.698205991300811365e+04
2.420439564941115896e+04
2.827011796731027061e+04
3.114070001351107203e+04
3.348240136270318180e+04
2.482202948424864007e+04
2.386635367604484418e+04
2.578132229407039631e+04
3.104237927563463381e+04
2.705712162860264289e+04
2.792792793700691254e+04
2.810440378476857222e+04
2.611726855739314124e+04
2.911673602002747430e+04
2.618985154903359216e+04
3.000639257375997840e+04
2.926587296103811605e+04
2.326499291313296271e+04
2.893633360287465621e+04
3.067255706790336626e+04
2.608199288611393786e+04
3.301791793643454730e+04
3.617557831863485626e+04
2.556638088727317154e+04
2.641973133031612088e+04
3.276726510145585053e+04
2.781503201601380351e+04
2.735963980240246383e+04
2.683837878091766470e+04
2.979769379740549630e+04
2.892706058208688773e+04
2.706525579730030222e+04
2.710772682317429280e+04
3.012144115027310545e+04
2.926866000963439001e+04
4.018621935883416882e+04
2.473070779178011799e+04
2.794488473060002434e+04
2.613866013006491994e+04
2.423618042409639747e+04
3.119467432042115979e+04
3.129605286481099756e+04
2.855399753510517621e+04
2.975129230984293099e+04
2.372731014224313913e+04
2.879546279817598770e+04
2.762900233687532091e+04
4.023123758888970042e+04
2.817335100116622561e+04
3.552439434388849622e+04
2.769055741896344989e+04
2.653183691893787545e+04
2.706453894032161770e+04
2.479238364320625988e+04
2.934926711170751150e+04
2.464467618660497465e+04
3.142158618873646265e+04
3.414494510163290397e+04
2.896277989501645789e+04
2.941785155879637387e+04
2.377448570251477577e+04
2.703028720355012047e+04
2.288476772909798092e+04
2.982596815283082105e+04
2.630529094508667185e+04
2.663111425302487623e+04
2.864265880312887748e+04
3.042500771937823447e+04
2.645142495303208852e+04
2.752815526901018166e+04
2.919821588599216557e+04
2.931690514959477514e+04
3.016853474979238672e+04
2.694486526232381948e+04
2.887608743301375944e+04
2.716741263685308877e+04
2.604438600475991552e+04
2.976161123058601879e+04
2.661173434803482087e+04
3.858444639910019760e+04
2.715086307965642118e+04
3.145047488572622024e+04
2.774664944281561111e+04
2.685739905226934570e+04
3.196525713298598203e+04
3.178862053488972379e+04
2.733981112877995474e+04
2.913822702277459757e+04
2.656900461788178291e+04
2.663230974986319052e+04
2.749522831534891884e+04
3.143908698732072662e+04
3.521857345521619573e+04
2.709003187967928534e+04
3.257233966700052042e+04
2.946406816506517134e+04
2.724356790353458564e+04
2.766643977459083544e+04
2.955154657754650179e+04
3.314640994363978098e+04
2.388249600389650732e+04
3.215587772224040236e+04
2.483444783935981468e+04
2.586968560252184034e+04
3.322435529270202096e+04
3.017498171251681561e+04
2.518326245511051093e+04
3.434851478742393374e+04
2.614624910472161355e+04
2.941700453558051959e+04
3.070353516977951585e+04
2.469819737357164922e+04
2.896530056179111125e+04
2.771642040285859912e+04
2.837458335406154583e+04
3.136375154468843903e+04
2.712100936378854385e+04
2.769893359016047179e+04
2.979109841966278327e+04
2.852418764519598699e+04
2.411343494769400422e+04
3.073808655319426180e+04
2.782792494649660512e+04
2.733176280476708780e+04
2.607149676715069654e+04
2.911563708029420013e+04
3.179813952242584128e+04
3.483408306076836016e+04
2.757676135874546890e+04
2.939324923668658084e+04
3.298121324377647397e+04
3.585577915359143662e+04
2.746916792546871875e+04
3.427589669977319136e+04
2.653558012634021725e+04
2.776591571149981610e+04
2.972327717290975124e+04
3.375707329253521311e+04
3.109569953574823739e+04
3.466537136709521292e+04
3.792800234035802714e+04
2.869937394747393773e+04
2.827460222189038177e+04
2.597047261181357317e+04
3.528250522990147874e+04
2.501918035508809407e+04
3.277836093289181736e+04
2.632132620129402858e+04
2.675564256511053827e+04
2.979907896473411893e+04
4.022598028052889276e+04
3.129399220042549859e+04
2.629701150984047126e+04
2.465396143965400552e+04
2.531590964457884911e+04
2.651108287569260938e+04
2.760238024957130256e+04
2.659324408905557721e+04
2.878948970965101762e+04
2.871259673960692817e+04
2.871096859944965399e+04
2.447092743095208425e+04
2.621460856379766483e+04
2.606110571324180637e+04
2.699372203663551772e+04
3.282265765751224535e+04
2.854098746920719714e+04
2.679910662903256525e+04
2.612095793345707352e+04
2.626991449536989239e+04
3.236841209684041678e+04
2.441899434999464575e+04
3.024805212747893893e+04
2.599637621253525867e+04
3.412953853412282479e+04
3.130791315516706527e+04
2.540623481903735592e+04
2.557030737665538618e+04
2.427093391102546229e+04
2.828924343070125906e+04
3.208839485809074176e+04
3.091704537129223536e+04
2.636080574092311872e+04
2.726952642624636064e+04
2.506356603699172410e+04
2.872390164203213499e+04
2.514360617753813131e+04
2.649169103016122972e+04
3.105663878168268275e+04
3.379995002837367065e+04
2.983925218717857206e+04
2.860077103843181976e+04
3.681497244385090744e+04
2.409368855348223224e+04
2.576555114484433579e+04
3.064698961143127963e+04
2.826769216416147538e+04
2.628457770726962190e+04
2.829518613011798516e+04
3.215427701016409628e+04
2.465437209538442039e+04
3.004308418435231579e+04
3.245899474059178465e+04
3.007377473477284366e+04
2.039220347437454984e+04
2.820128283808927154e+04
2.619265963023272707e+04
2.811038620231583627e+04
2.900879925575755624e+04
3.125210923601662216e+04
3.503067050872481195e+04
2.308043169823722565e+04
2.786488568446609133e+04
3.583197565083786321e+04
2.548024907614916447e+04
3.699555493975600984e+04
3.172153699526336641e+04
2.748043907146113634e+04
2.545260439166186552e+04
2.513616654153263516e+04
2.585274417950354837e+04
2.673979409349890193e+04
2.895895220577992222e+04
2.503355334689622396e+04
3.231859235471586726e+04
2.763138316504865361e+04
2.673992014825265869e+04
2.692362786813163621e+04
3.196616583826647184e+04
2.665550263363893464e+04
2.966282232303647106e+04
2.898702515031014627e+04
2.831538294440782192e+04
2.340414416397779860e+04
3.054753403592473114e+04
2.673645054616212656e+04
2.293701257617881856e+04
2.627562637240402182e+04
3.022878193498537803e+04
2.799934237067416689e+04
3.956528053707310028e+04
3.109586448459288295e+04
2.987225550025692064e+04
3.385882814676238922e+04
3.245693111411368955e+04
2.621249244176918728e+04
2.842122620461707265e+04
2.541494561127625639e+04
2.409484874109685552e+04
2.714107225451077102e+04
2.598271572227395882e+04
3.055956386030289286e+04
2.838902197656913631e+04
2.709399586722804088e+04
2.738098759206649993e+04
2.314302975362831057e+04
2.579822747206948407e+04
2.325881579426031021e+04
2.132495289131921527e+04
2.589616706683928714e+04
2.611309910759168270e+04
3.191080383545069708e+04
3.511375632259462145e+04
2.673347407220070454e+04
2.937226121676127514e+04
2.951452628459746120e+04
2.681181541155238301e+04
2.913352492925535989e+04
2.674254122724100671e+04
3.135209905845920002e+04
2.728027769502253068e+04
2.499417060887017215e+04
2.319444378174059602e+04
3.009146863278961609e+04
3.249871377426158142e+04
2.763008932215461755e+04
2.709037827248659960e+04
3.002841160573336674e+04
3.036833227154970882e+04
2.959041099398716324e+04
3.752366194825973798e+04
2.816065122935476393e+04
2.987843293674181768e+04
2.613598106330948940e+04
2.829826537493230353e+04
2.819484177945219562e+04
3.000854681745504058e+04
2.536344889223243081e+04
2.842118853343646697e+04
3.055066299118149254e+04
3.444767536433437635e+04
2.505904892363229737e+04
2.486190214351170653e+04
3.172340620491006484e+04
2.685806042617906860e+04
3.142501301419993251e+04
2.624776703633870420e+04
2.547390326052605815e+04
2.774983958743259427e+04
2.844699006843788447e+04
3.014955754810816870e+04
3.321422567715650075e+04
2.737065960482438095e+04
2.828964953162904931e+04
2.963566318501955539e+04
2.873768843565147108e+04
2.685634383714148498e+04
2.195486543709573016e+04
2.577823834072536920e+04
3.984648945521404676e+04
2.645653312724630450e+04
3.189223791035442991e+04
2.983272415102941159e+04
3.054295203435441726e+04
2.839061970991340058e+04
2.954221086708912480e+04
2.249540107146811351e+04
3.319155617276728299e+04
2.566232357374714775e+04
2.975065214914128956e+04
2.836396891013101413e+04
2.356836708291323885e+04
2.794703401908465457e+04
3.192784557289886652e+04
2.893775494563352913e+04
2.625308830008405494e+04
2.908675518457744329e+04
2.662561573338741437e+04
2.564749171435457538e+04
3.088834483073030788e+04
2.395629761740895628e+04
2.575127989645402704e+04
2.519940102945716717e+04
3.232223267036223842e+04
3.003429652611675920e+04
2.446438481914594377e+04
3.201403646586927789e+04
2.992109482447271148e+04
2.596964468489423234e+04
3.458449993277422618e+04
3.076261876513226525e+04
2.659356601041118847e+04
2.728559707434237134e+04
2.440852901030252906e+04
3.013557139937944521e+04
3.438755637076021958e+04
2.648400712942091195e+04
2.638780416174684797e+04
2.965722630484051115e+04
3.182953935720370646e+04
2.562220174822736954e+04
2.724981404740043581e+04
3.023816489854622705e+04
3.056889399307810891e+04
3.554299204697668756e+04
2.727521305362639760e+04
2.557837186459241275e+04
3.006756442953302030e+04
2.401756370470655747e+04
2.704886222205645754e+04
5.000513766923775984e+04
2.647996417098593520e+04
3.787802242075398681e+04
3.212558488465880509e+04
2.983680810848114925e+04
2.678696157505471274e+04
2.659014360008258154e+04
2.708779701486360500e+04
2.994106779697255843e+04
3.458382533769075235e+04
2.786782405456173001e+04
2.475693737910659183e+04
2.840612256705312029e+04
2.725273669819824863e+04
2.819766971208236282e+04
3.057572119197737629e+04
2.425068262177448923e+04
2.431608274023165359e+04
2.853196807598728265e+04
2.615114790386742970e+04
3.334931830940423242e+04
2.908208866771368048e+04
2.758374631998546465e+04
2.500347858223709409e+04
2.615945763547950264e+04
3.105780232749834977e+04
3.396179905207496631e+04
2.492575445971283989e+04
2.637183486389664176e+04
3.183672007849731744e+04
2.506492696798512043e+04
3.028938104112776637e+04
3.034947283920996051e+04
2.956968306831540031e+04
2.827061503249678572e+04
2.644017193593503544e+04
2.519930833006250759e+04
3.088265309962946412e+04
3.055072787094491650e+04
2.265908103052778097e+04
2.757878801977696276e+04
3.207367946712231060e+04
3.228897222276667526e+04
2.402587133059588086e+04
2.472500203664208311e+04
2.682883572593175631e+04
3.251047064837314974e+04
2.824259050355368163e+04
3.372804739491833607e+04
2.773131533404770744e+04
2.731685686058527062e+04
2.993866517920975457e+04
2.766682235715576098e+04
2.773857975523760251e+04
3.243793379909874784e+04
2.729510787997895750e+04
2.876023115159006193e+04
2.881916998646454158e+04
2.500695984641727046e+04
2.980495188436797616e+04
2.987935159514411498e+04
2.495051045016956414e+04
2.594412976642274589e+04
2.629374603813484282e+04
2.975899522201887157e+04
3.009659972426382228e+04
2.791719197054335382e+04
3.110082837041531093e+04
2.627417530438806716e+04
2.622471346336988063e+04
3.752013438670743199e+04
3.006395296678435625e+04
2.642390751645905766e+04
2.750287480258736468e+04
3.295987205128833011e+04
2.728961567716059290e+04
2.490900301231719277e+04
2.693437617190583114e+04
2.822124861616516500e+04
2.848407248797708962e+04
2.901498433076566289e+04
3.075885126612353270e+04
2.686539271746026134e+04
2.964349339590212912e+04
2.820482350349811895e+04
2.634211936128813977e+04
2.844706436399389713e+04
3.030882077216823745e+04
3.239425898631551900e+04
3.967899447170390340e+04
3.682733832592151157e+04
2.499330184789476698e+04
3.208196103173364099e+04
2.649471933170892589e+04
2.330943370231664085e+04
2.775286574909981937e+04
2.689296515523837297e+04
3.087841278907353990e+04
2.454080198169210780e+04
3.150582121602100597e+04
3.366031398311608791e+04
2.681798987066900372e+04
3.179433034770382801e+04
2.781223971150333455e+04
2.918125964799124995e+04
2.323754978356925130e+04
3.408362002901788946e+04
3.110766416499008483e+04
3.097271809498486982e+04
2.545497509665430334e+04
2.218101370001038958e+04
3.109616378136150161e+04
2.897692895825005326e+04
2.983624161722198915e+04
2.992693846358385417e+04
2.757246604729691535e+04
2.982553767455612979e+04
2.777263941685730970e+04
2.838710729876878031e+04
3.165010787946209894e+04
3.049710982114640501e+04
3.339621738603586709e+04
2.459633443420733238e+04
2.350861855086735159e+04
2.451621549194454929e+04
2.648372564900554062e+04
2.919280263048860434e+04
2.935560805035233352e+04
2.677354011027550223e+04
3.114531524809232360e+04
2.593474934485496124e+04
3.076333590342346361e+04
2.533324723086377344e+04
2.564801637180883336e+04
3.463869372702870896e+04
2.628988673453084994e+04
2.725895511981700838e+04
3.249900992830061659e+04
2.720991585275948819e+04
2.910954848853648582e+04
2.863865435983103816e+04
2.822618890187705620e+04
2.964980442136968486e+04
2.652830474305579628e+04
2.852493637465868960e+04
2.717931302528575907e+04
3.462954689647787745e+04
2.920578401481527544e+04
2.711948733054148033e+04
4.004488643953249266e+04
2.620253206565715664e+04
2.795648106821417605e+04
2.320910675897647525e+04
2.425208469712376245e+04
2.897733228222902835e+04
2.785565819883625591e+04
2.524895905508627766e+04
3.459642349094834208e+04
2.500240142289149662e+04
2.797133144546767289e+04
2.151518149234446537e+04
3.128359434933237935e+04
2.816758473186593983e+04
2.655749866706179455e+04
2.887503051941990270e+04
2.839171136626950829e+04
2.636166477190676960e+04
2.736167634220308173e+04
2.870175552733585937e+04
3.490764321459757775e+04
2.968887792526659905e+04
2.903457322764696801e+04
2.693644185685043340e+04
3.725750775346683076e+04
2.645220461009758947e+04
2.448288533452814590e+04
3.692913341014987964e+04
2.895691752532044848e+04
2.579342168729200785e+04
2.627136120795890020e+04
2.992893723483708891e+04
3.017996781297505368e+04
2.816228115588174114e+04
2.849756858295308848e+04
3.843080882286393171e+04
2.758020642484234486e+04
2.968850370674047736e+04
2.919170210966066225e+04
2.529482937272394702e+04
2.489766101389019241e+04
2.589446234952207669e+04
2.919455001846014784e+04
3.682862088592151122e+04
2.894690318974987531e+04
2.699590813160505786e+04
3.067761643932897277e+04
3.208866272435876454e+04
2.400392514360496716e+04
3.441987226467561413e+04
3.428808570060323109e+04
2.512379961398984960e+04
2.615982909402914083e+04
2.504956468089217014e+04
3.039963370123406276e+04
3.120198866290136721e+04
2.858648842127536773e+04
2.737943722561159666e+04
3.016792777237129121e+04
2.593903789548842906e+04
3.002457270992180565e+04
2.672477337689494743e+04
2.762774099392044445e+04
3.619038668506790418e+04
2.627060553049147347e+04
2.816863616658817773e+04
2.435325155671863104e+04
2.618777303053043943e+04
3.176023528653799804e+04
3.098584186283288363e+04
2.631893417327864154e+04
2.734303594132601938e+04
2.526771990119613474e+04
2.289366996936266514e+04
3.171657672262773485e+04
2.587616880371082516e+04
2.967272397079107395e+04
2.679705488214960496e+04
2.927244434140509475e+04
3.025281649268558249e+04
2.939238800526795603e+04
2.598666373723366269e+04
2.815739473278337391e+04
2.744228713860544303e+04
2.855103961571751279e+04
2.834591530647247055e+04
2.609978402488262509e+04
2.819293977703675409e+04
2.427905506296020758e+04
3.208252429996027058e+04
2.981736234280848657e+04
2.518802501042185031e+04
2.645835415190236381e+04
3.192721551579787410e+04
3.752271322525705909e+04
2.933947328337805084e+04
2.728125639371791476e+04
3.480637658573981025e+04
2.531349053034910321e+04
2.738938027589847479e+04
2.640844234492798205e+04
2.762418995300243114e+04
3.239793136306725864e+04
2.878826885731652874e+04
2.999349917484069374e+04
2.669483775193266410e+04
2.852339714163107419e+04
2.362242401769523713e+04
2.687654794492330984e+04
2.677122435224875517e+04
3.211415546526977050e+04
3.383538014374802151e+04
2.580657133746744512e+04
2.816408193229386234e+04
3.111259503432027122e+04
2.751244229287115013e+04
2.621604711560460419e+04
2.730349240130364706e+04
2.916627054138568201e+04
2.848380517973792303e+04
3.336001527704962064e+04
2.701866083286106732e+04
2.954800901453759434e+04
3.068426531579688526e+04
3.373595093784706114e+04
2.859619056273249589e+04
2.451620818838961350e+04
2.806795881492459739e+04
2.573716022278835590e+04
3.029359664562745820e+04
2.792180322941979466e+04
2.868990021116979187e+04
2.397802939669023181e+04
2.895524124999244304e+04
2.525970656293046704e+04
2.733439715526687360e+04
3.243610179829683693e+04
3.048586684200956734e+04
2.896740625640362123e+04
2.431786995505584127e+04
2.803655672819579922e+04
3.189322044808370629e+04
2.507332594982974479e+04
2.467578277558447007e+04
2.520018783828179585e+04
2.905910221228978480e+04
2.505371909760491690e+04
2.781870835264451307e+04
2.482096836833489579e+04
2.963261027990239745e+04
2.708916686412027775e+04
2.539760157655919102e+04
2.943658589634099917e+04
2.611258516720700572e+04
2.900355369687576240e+04
2.729020623941518716e+04
2.870825685222714310e+04
3.080445061045606053e+04
2.818970866731613205e+04
2.504149640404593811e+04
2.984639537305554040e+04
2.526077446229667476e+04
2.604319186410778275e+04
2.974386676639560392e+04
3.046300577322105892e+04
3.531078523404608131e+04
3.446222155959656084e+04
2.737547631109177382e+04
2.924065220352823235e+04
3.478481526391983061e+04
3.738424472093387158e+04
3.339589289896864648e+04
2.755402352740780043e+04
2.603231597606793730e+04
3.220564759280792714e+04
3.673258469152094040e+04
2.834621883488423191e+04
2.388893156926087977e+04
3.058749188874357787e+04
3.144243216661848783e+04
3.229660217370474857e+04
2.546596021619084786e+04
2.383298390000035579e+04
3.095479739118444195e+04
2.669279641773791809e+04
2.443164367251594740e+04
2.534638123523281320e+04
2.827643931071685438e+04
3.341708209579146933e+04
4.086029707258194685e+04
2.696215461402404253e+04
2.437778147581019584e+04
4.057780115270541137e+04
2.785960247027118749e+04
2.701431290651522067e+04
2.889479997601966170e+04
2.644589089075512311e+04
2.430150931301139281e+04
2.869889409004706977e+04
2.793286977649520122e+04
2.312997177990416094e+04
2.562135986920745927e+04
2.930523788993194830e+04
3.148598222330167118e+04
2.686269801848171483e+04
2.925278928609472860e+04
3.055628721440110894e+04
2.745942808571617934e+04
2.978567792920148349e+04
2.830440648398555277e+04
2.414976535406100083e+04
2.621098758312914651e+04
2.778776408116469247e+04
2.512484503043593941e+04
2.604212290207116894e+04
3.462651770470105112e+04
2.985196609665926371e+04
3.495373033328691963e+04
3.772277602845689398e+04
3.371510129478167073e+04
3.311547426328415168e+04
2.266021937991426967e+04
2.892956851119561543e+04
2.945981118967785733e+04
2.435794448486876354e+04
2.915508868280659226e+04
2.629467299359755998e+04
2.619783364271757455e+04
2.518589861482083143e+04
3.040315919764176942e+04
2.934777979729053914e+04
2.831798920513574194e+04
2.709485545551425457e+04
2.931706032456421599e+04
3.251859417765617400e+04
3.185032597142954182e+04
2.822160005141812144e+04
2.520881801137446382e+04
2.842271516361717659e+04
2.816455701512960513e+04
2.253852596330036977e+04
2.971067549441761003e+04
3.552399078184659447e+04
2.957447472863766598e+04
2.960280584628881479e+04
2.745688526691950756e+04
3.101458559272360071e+04
3.645022850503864174e+04
2.656339861858231961e+04
3.388785695900079736e+04
2.538138539621407108e+04
2.620827566408992061e+04
2.559192946796365868e+04
2.788481865302938604e+04
2.339914361618808471e+04
3.457518478005877841e+04
2.799369095697873854e+04
2.873194531401430140e+04
2.489918008224439109e+04
2.865460029026897973e+04
2.695249629286246636e+04
3.555337420926948107e+04
3.334654503199759347e+04
2.728433535660460984e+04
2.908179402860368282e+04
2.798298308484453446e+04
2.379538701491738175e+04
2.630470289364936616e+04
3.009410302874815898e+04
2.673203291114406602e+04
2.771192686670385592e+04
2.784756274829103495e+04
2.846509602589575661e+04
3.293271644226076023e+04
2.643502002480747979e+04
2.743852780298700236e+04
2.886475880379523733e+04
2.752561830429423571e+04
2.830474662793181415e+04
3.164130268834638991e+04
2.777638976882580755e+04
2.734125741256462061e+04
2.617449321104780756e+04
2.658324141116266765e+04
2.629419651414695545e+04
2.565371354393359434e+04
2.643943895469710696e+04
2.626123811576154549e+04
2.829244206866856257e+04
3.373654696452928329e+04
2.776097777120484898e+04
2.311742791426008262e+04
2.958195735464486279e+04
3.054104177537405121e+04
2.982497426969390290e+04
2.891649091552728714e+04
3.225876863686430443e+04
2.796118391453259392e+04
2.852768012604612522e+04
3.102223961489113572e+04
3.542873617023228871e+04
2.597958349410347000e+04
2.954881989217900264e+04
2.536175615198222658e+04
2.511454520478344784e+04
3.178261409300041851e+04
3.201834579289519752e+04
2.215998384420124057e+04
3.799066073339365539e+04
4.100588946868355561e+04
2.472064922621753067e+04
2.839255936212162487e+04
2.489513556811461604e+04
2.640652669214516209e+04
2.900154319907243553e+04
2.960625222658863277e+04
2.961499700489783572e+04
2.967019798032963809e+04
2.561800481446408958e+04
3.476756374032075109e+04
2.868683931363820739e+04
3.001173491135504446e+04
3.578685130676271365e+04
2.667203138734017557e+04
3.057921671630261699e+04
3.038885990317881806e+04
2.637674420307395121e+04
3.272066653080107426e+04
2.800461773945433379e+04
2.978141991662433429e+04
2.758740825667486206e+04
2.361386692643358037e+04
2.466779399557290890e+04
2.414397778776204359e+04
2.884083427918983580e+04
2.658051588737286511e+04
3.080826504692405069e+04
3.032725271814883308e+04
3.784433750677805074e+04
2.318164163200826442e+04
2.349842887720080398e+04
3.571511650512494089e+04
2.720766588084067189e+04
2.917518536950813359e+04
2.709420361959357615e+04
2.446271543893342096e+04
3.248574532533352976e+04
2.868287945275744278e+04
2.572345010736218319e+04
2.425937146763982309e+04
3.083617832319185618e+04
2.533752503651780353e+04
2.563407310113557469e+04
3.175269683826303299e+04
2.883810025628652147e+04
2.395416811334062731e+04
2.455780873677735144e+04
3.188882376095677319e+04
2.916310400111696799e+04
3.504159414376611676e+04
2.512285703653315431e+04
2.732312858751476961e+04
2.801845600631309208e+04
2.587590870115406506e+04
2.715573357969376957e+04
2.783683012053650964e+04
2.554119161495865410e+04
3.414488773981144914e+04
2.960024154902003647e+04
2.775809773326899813e+04
2.661420398096837380e+04
3.116260270947086610e+04
2.716098530975219910e+04
2.741179140797935543e+04
2.955982076331922872e+04
2.788035530841706714e+04
3.413101574238627654e+04
2.426022562462517817e+04
2.737398818355020194e+04
2.699412120279613737e+04
2.533579054070702841e+04
2.643732977934112569e+04
3.603329577325241553e+04
2.900667524141131071e+04
2.617405771637167709e+04
2.921811118358043313e+04
2.593143797548859220e+04
2.700312517314729484e+04
2.601760924728154714e+04
3.033055485024835798e+04
3.346787774659207207e+04
2.751418184588613803e+04
2.582471840020950913e+04
3.257112994888715912e+04
2.502762895105460484e+04
2.865262016026391575e+04
2.827518819358848850e+04
2.975550943431439009e+04
2.804522062537536112e+04
2.445698188879635200e+04
2.329435691663911712e+04
3.316656353643089824e+04
2.569128643342177747e+04
3.106595085749998543e+04
2.340876656859574723e+04
3.433686672399168310e+04
2.549657417403743966e+04
2.630074441667419524e+04
3.646850897959644499e+04
2.961794071640149195e+04
2.694401815121420077e+04
2.937750743477929791e+04
2.420782030005936394e+04
2.641590782286689137e+04
3.025758612685783737e+04
2.701875995560038791e+04
2.839951211051453356e+04
2.819987288179581083e+04
2.318606085332895236e+04
2.558176904049704171e+04
3.392331739974257653e+04
2.591944220722383398e+04
2.705670190426165573e+04
2.952883571614232642e+04
2.858650606995155613e+04
3.099519346499377207e+04
3.417226747845610225e+04
2.842006739394557735e+04
2.797587384761798603e+04
3.137660553538448221e+04
2.664281377839730339e+04
2.991860978600995441e+04
2.951028477200175257e+04
2.858577741200554738e+04
4.240588693854351004e+04
2.945271779545565732e+04
2.619130361124478441e+04
2.930991682864930408e+04
2.649828020656650187e+04
2.363761490446730386e+04
2.353967726853152635e+04
2.974366144280536901e+04
2.532817097758387899e+04
2.469317373404399768e+04
2.886466156092893289e+04
3.010744070866128459e+04
2.609070838938812449e+04
2.864414011808288342e+04
2.828664743425044799e+04
3.432768283951874037e+04
2.691063824158398347e+04
2.550982231934020820e+04
2.707299332842752847e+04
4.007098030725649733e+04
2.976768251284256257e+04
2.881970267017526203e+04
2.646939366796546528e+04
2.481912275250085804e+04
2.779824201201261894e+04
2.995292053553263395e+04
3.515992096526202658e+04
2.367845064584461943e+04
2.421989646044218898e+04
2.722697313163878061e+04
2.447831704663389610e+04
3.068570660389990371e+04
2.474070534508812125e+04
2.766817732436061851e+04
2.625350905590618640e+04
3.180645292894526574e+04
2.829244108601634071e+04
3.423745951678787969e+04
2.634640333992536034e+04
3.068820927747817404e+04
3.614529661680444406e+04
2.550998442301816613e+04
2.498682644000663277e+04
2.476954245110765260e+04
2.451029664767260329e+04
2.301947973581481347e+04
2.828710468880659027e+04
3.652050424650443165e+04
3.161263638967716906e+04
2.572429373814416613e+04
2.514510090171783304e+04
2.742112969459154556e+04
3.129198250988137079e+04
2.834909043198229847e+04
2.532205062188725060e+04
2.641121213693027676e+04
2.771209789198582803e+04
3.515483110915388534e+04
2.824514348309221168e+04
2.881917953497984126e+04
2.881011911480494018e+04
3.036692493455546355e+04
3.302428989932261902e+04
3.682051617867738241e+04
2.523360219062374745e+04
3.026660699121214566e+04
3.212470150763213314e+04
3.153138840284360049e+04
2.684825569044398071e+04
3.044342075880473203e+04
2.778623346470001707e+04
3.004952267518803637e+04
2.454051745239205411e+04
2.753281932068815513e+04
2.900887014584680583e+04
2.732701448504478321e+04
2.748082533828847590e+04
2.317275482551757159e+04
3.118692629433335242e+04
2.502262756277295921e+04
2.989785057830464575e+04
2.638365102506000039e+04
2.894980897775016638e+04
2.549395107747436123e+04
3.265707865557447076e+04
2.637303662564854676e+04
2.636262631480562050e+04
2.694372996666226391e+04
2.628316040348920433e+04
2.688617639801208861e+04
3.734233668802933244e+04
3.000520303069727379e+04
2.967835919233026652e+04
3.118280921914151259e+04
2.820909581323844031e+04
2.927770637617535976e+04
2.473661272095107779e+04
2.975988188490718676e+04
2.404026259136888621e+04
3.397889307670279231e+04
3.023946910040226794e+04
3.115378651116976107e+04
2.752937024778693740e+04
3.723161944203724124e+04
2.919471513592046540e+04
2.500651163172077941e+04
3.703951421449594636e+04
2.425311294138991798e+04
3.013229814116015041e+04
2.978986197337836711e+04
2.385797095253771477e+04
3.013664664683880619e+04
3.189088349658809602e+04
2.639902831866887936e+04
2.446825081847253387e+04
2.912337531609185680e+04
3.186706233735318165e+04
3.004554568866709451e+04
2.697941880472588673e+04
3.001273853917430824e+04
3.836909184389135044e+04
2.609143310014206872e+04
2.940035974090848686e+04
3.153676557840482201e+04
2.625442173806613209e+04
3.658686637254400557e+04
2.466105705971192583e+04
2.213813198420907429e+04
2.847982956956647467e+04
2.493980474976183177e+04
2.716314446218291414e+04
2.958209721776214428e+04
2.525764801001012893e+04
2.917508085505778581e+04
2.959958320690967230e+04
2.809118053425306425e+04
2.747632818985428457e+04
2.854536237701901700e+04
2.954074547243104826e+04
3.522184477384477213e+04
3.130011029249462808e+04
2.465902831366416649e+04
3.227678042854041269e+04
2.731445404726546622e+04
2.530190271316266808e+04
2.666664565897994180e+04
3.643545089933968848e+04
2.545512697088482673e+04
3.010193665382691688e+04
3.129692825027757499e+04
2.981228001100947949e+04
3.308852289600575023e+04
3.187413872260212884e+04
2.718938866300209702e+04
2.904997997053626750e+04
2.668429975283769090e+04
2.566007015486376622e+04
2.385457608225311560e+04
2.884959323077840963e+04
3.010514733328458533e+04
3.144107015170927843e+04
2.864318445853586309e+04
3.166998044300057518e+04
3.736626145446630835e+04
3.489371581393144152e+04
5.219639442842074641e+04
2.867839852102154691e+04
3.051797946567367035e+04
2.634346355140713058e+04
3.444649876815954485e+04
2.610452895942386385e+04
3.211927739906451097e+04
2.607844100678342147e+04
2.479482348489123615e+04
2.913369733207630270e+04
2.493534469905560400e+04
2.292117209762020502e+04
4.176086888714903034e+04
2.889554748618660597e+04
3.346971280690970161e+04
2.948039641831397967e+04
2.542518384873204559e+04
2.274852702997794768e+04
3.221996343979068115e+04
2.342856271363949054e+04
2.992618364067317088e+04
2.540568855172290932e+04
3.181250751050873805e+04
3.309220597741909296e+04
2.341137415407956723e+04
2.765295607731451310e+04
2.581747253723747781e+04
3.027431467838805838e+04
2.880846481529624361e+04
3.009146313835365436e+04
2.402585631712770919e+04
2.581250452044414124e+04
2.491824893068516394e+04
3.215227651157580476e+04
2.876898943241931556e+04
2.867754524377277630e+04
2.591715129368887938e+04
3.145988298578854301e+04
3.297962346830670867e+04
2.557845175320854469e+04
2.627660966953638490e+04
2.916246418758406071e+04
2.859717298463393672e+04
2.894178238153104030e+04
2.739282858740407391e+04
2.474608430710422908e+04
2.525076619791182020e+04
2.757326089359770049e+04
2.912576767318732163e+04
2.949544919823390228e+04
2.887284044288021687e+04
2.972246725822377630e+04
2.646986816498150074e+04
2.867406550687607523e+04
2.490271712181893599e+04
3.500697875466592086e+04
3.496594049793098384e+04
2.735056428585631147e+04
2.275207798077358166e+04
2.397786104972611793e+04
2.888528370283779077e+04
2.643024627978326316e+04
3.168917607556307121e+04
3.013863550751911680e+04
2.794950568649440902e+04
2.751987210921788210e+04
2.826039816710624655e+04
3.046394824692905240e+04
2.735647264558938332e+04
3.318305925550352549e+04
3.804073229332816845e+04
3.100151805248485107e+04
2.656993014574817789e+04
2.829883886295332195e+04
2.440522397109579106e+04
3.109098225946473758e+04
2.916637564670093343e+04
2.408813595530862585e+04
2.621843557981893173e+04
3.600326499173701450e+04
2.696107453480476397e+04
2.997152043166086514e+04
3.503656482420174871e+04
3.132243096639244322e+04
2.557612769754528927e+04
2.484498435909458203e+04
3.427058692439158040e+04
2.646485455214522153e+04
3.098690560114949767e+04
2.749777433140531866e+04
2.889696285532369438e+04
2.818959626806191227e+04
2.399495320751235340e+04
2.576667731127614388e+04
2.844500903306575492e+04
3.469236811942204076e+04
2.940571305575759106e+04
2.836561548419409883e+04
2.660206484157591331e+04
2.559637959947641866e+04
2.208260982616739784e+04
4.343125382377822825e+04
3.461809234787959576e+04
2.565806879678604673e+04
2.649897559429328248e+04
2.751713844686032826e+04
2.487398240359234478e+04
2.999689382410381222e+04
3.207215744261422151e+04
2.613413870081016285e+04
2.901252077613002257e+04
2.597785675679406995e+04
3.601476087400570395e+04
2.686979753335042915e+04
2.452002432520257571e+04
2.730838653425159282e+04
2.746214422399821706e+04
2.819855360505044519e+04
3.374729013017846592e+04
2.232926487234677916e+04
2.599713723462284906e+04
2.613759770385723459e+04
2.699304091235246597e+04
3.096066617296771801e+04
2.587523052706159069e+04
3.630315885426478053e+04
2.648430375459520292e+04
2.989467170426730081e+04
2.387003599431236580e+04
3.300741270043070836e+04
2.633866366513300090e+04
3.387425287138719432e+04
2.769422397623872894e+04
3.160844832248641251e+04
2.520370894202743511e+04
2.655200879472650558e+04
2.856421597086062684e+04
2.427068830650529708e+04
3.106188189444921227e+04
3.271242998012820317e+04
2.935280301382928155e+04
2.954490056830124013e+04
3.440034634331241978e+04
2.299844266019920542e+04
2.855154328178582364e+04
2.941681023123733030e+04
3.146520486139989225e+04
3.210145192253113782e+04
2.803725633733034920e+04
2.804924042350911623e+04
2.224661252339579733e+04
3.458905602216778789e+04
3.140506269153485118e+04
2.818568328888869291e+04
2.228670329699875219e+04
2.950096246481986236e+04
2.914711284222581162e+04
2.970601223055446462e+04
2.720464408283686134e+04
2.480661192939113971e+04
2.439997479718995237e+04
2.798584250334368335e+04
2.816971955073695062e+04
3.064170221391364612e+04
2.693423573233671050e+04
2.841446165678052421e+04
2.334830486637496870e+04
3.337486674152743217e+04
2.971053755547683977e+04
3.039771486746296796e+04
2.722412922473465005e+04
3.012665732726914575e+04
3.231261776475740771e+04
2.723581242925975675e+04
2.850582185997523266e+04
2.934488253166525465e+04
2.548102219533648531e+04
2.571122550397744999e+04
2.439699475007152796e+04
2.624783167627850344e+04
2.935460986274872266e+04
2.423995245510140739e+04
3.074045229670031404e+04
3.099419885634458115e+04
2.604063838958690030e+04
3.290606418368504092e+04
2.392236868677147504e+04
2.694193591640568047e+04
3.119980076464178637e+04
3.413722950762035907e+04
2.722649173358190455e+04
3.116004066240980683e+04
2.555968866825792065e+04
3.052698225191958772e+04
2.633137171337670225e+04
3.144770067934419058e+04
3.471468119542596105e+04
3.053980390178657035e+04
3.259724979063367937e+04
2.800542567420376872e+04
3.044872460827139366e+04
3.270463529079149521e+04
3.346178696846814273e+04
2.840123134400019626e+04
2.680742010525762453e+04
2.561145535027477672e+04
2.969972679032955421e+04
3.122046181731314573e+04
3.242666641119119595e+04
3.841209371556501719e+04
2.548459205892306636e+04
3.404430319800639700e+04
3.163286762317354442e+04
2.822265189370821099e+04
2.857218535731758675e+04
2.606894499013514724e+04
3.438037193234785082e+04
2.676839010896934633e+04
2.872940431418808657e+04
2.326658273099002326e+04
2.909196445571029471e+04
2.197112790316253813e+04
2.581847525455655341e+04
3.231741601601554066e+04
2.595995963905242388e+04
2.616573907518906708e+04
2.776775038859895722e+04
2.622276714031306619e+04
3.508041452259520884e+04
2.816658666950761108e+04
2.558652350711823237e+04
2.846007732216719523e+04
2.489010869057411401e+04
2.557666833406647493e+04
2.617423830407094647e+04
3.119241811268140737e+04
3.232432556275565003e+04
3.099104599853152831e+04
2.888507357229382615e+04
2.719827815086943519e+04
2.964218545546200767e+04
2.981402043991371465e+04
3.121509019042311411e+04
3.399122947387946624e+04
2.504505378119128727e+04
2.944789944731868309e+04
2.825130024861944912e+04
2.714524694458373051e+04
2.817372231695851224e+04
2.601380017396399489e+04
2.880892766438850595e+04
2.356000579235539044e+04
2.618778477591623232e+04
2.656369542814878514e+04
3.153483572520179587e+04
2.412090131534412649e+04
2.557933154975919024e+04
3.152303310886389954e+04
3.130843535649541445e+04
2.696695429989968761e+04
2.470171568641758495e+04
2.641176789152344281e+04
2.517033923148023314e+04
2.710373901571469105e+04
2.801740011292956842e+04
2.898678271220695387e+04
2.463386930387422035e+04
3.080135111889288237e+04
3.756686827609756438e+04
2.853487145189541843e+04
2.616758913782658055e+04
3.399156271276183543e+04
2.748780967691759724e+04
2.859435027759508012e+04
3.012925462089619759e+04
2.724376162219433172e+04
2.687662732663672796e+04
2.923709454284258391e+04
2.991630938115888785e+04
2.689120014917599110e+04
3.071002395232822528e+04
2.899686541284835403e+04
2.687194523870674675e+04
3.389993911313243734e+04
2.901864610886192895e+04
3.128589551883306558e+04
2.784382005816190940e+04
2.909714912603006451e+04
2.729766296835743196e+04
2.960214814580701204e+04
2.674818051044683671e+04
3.017552789697555272e+04
3.396294559011245292e+04
2.882018487433819246e+04
2.883077250947148787e+04
2.831135500642308762e+04
3.063759780625511121e+04
3.001517362767599843e+04
3.033310628892605382e+04
3.035230723578573088e+04
2.772456611263729792e+04
2.979870148387127119e+04
2.440376234421871777e+04
2.495016010775387986e+04
2.640866915342404900e+04
2.866267039993221988e+04
3.091987445112207206e+04
2.512454635071208759e+04
3.168503250160961397e+04
2.993081052268129133e+04
2.977274259503946087e+04
2.625048811573750208e+04
2.744941995474467330e+04
2.936256380198189072e+04
2.847668452550478469e+04
2.729570558547900873e+04
2.882456336463371190e+04
3.643007604818586697e+04
2.873791440664758193e+04
2.719619736732790625e+04
3.068122306887376544e+04
3.119559979543141162e+04
2.881723651594583862e+04
2.252423201998370860e+04
2.258993662412964477e+04
2.626726542118718498e+04
2.550787885069015101e+04
3.335815551606342342e+04
2.605486653073210618e+04
2.723327157078222444e+04
3.015830826002445247e+04
2.652920300052889434e+04
3.551664097495781607e+04
2.994375649546163550e+04
2.721364743523141806e+04
2.993498998971511173e+04
2.907512135241863507e+04
3.271791721180528839e+04
2.704968319788787267e+04
2.925048654066987365e+04
3.397657324895586498e+04
2.758255923680520937e+04
2.694460655807383955e+04
2.617391289667193996e+04
2.472574734428809097e+04
2.632635540046150345e+04
3.014449433159348700e+04
3.489352135732094030e+04
2.777319330939155043e+04
3.136604337173467866e+04
2.880045294658574494e+04
2.766722536204622884e+04
2.984669292017740736e+04
2.721407601667311246e+04
3.612976066549029929e+04
2.628893156375235412e+04
2.861457319509817171e+04
2.231315634630442582e+04
2.788156304229528905e+04
2.757355252674807707e+04
2.683473018746571688e+04
2.658222715652453917e+04
2.583512903815030950e+04
3.333605620751786046e+04
2.918669960409607302e+04
2.820473640118943877e+04
2.584771825477081802e+04
2.682963488998339017e+04
3.405310081634335802e+04
2.279577974095137324e+04
2.674229568172371364e+04
2.677590363211248041e+04
3.275887984206997498e+04
3.032040962523971393e+04
3.093469458064513310e+04
2.206710243020865528e+04
2.758101930266163617e+04
2.930171384158532237e+04
2.701469270596547358e+04
3.211565805295972677e+04
3.161275445698118347e+04
2.478282963701888002e+04
2.470264431691828213e+04
2.684364547792623853e+04
2.221584848652360597e+04
3.378554430259353103e+04
3.047743759466041229e+04
2.727460372374735016e+04
2.444178754140877936e+04
2.910183857955733765e+04
2.931520270883694684e+04
2.932292511261905747e+04
3.234706017256889390e+04
3.208765685954882792e+04
2.832793750857136911e+04
2.989051610447969506e+04
2.513018310067000493e+04
2.859175138093592977e+04
2.683886277719532154e+04
2.571181480518369426e+04
3.209081250600381100e+04
3.519313113036517461e+04
2.796709703045145216e+04
2.887975207251695974e+04
2.747951098949679363e+04
2.802814640927591245e+04
3.246153849088048810e+04
2.720759895909129045e+04
2.301448033132150522e+04
2.412139975131229585e+04
2.702206568378567681e+04
2.691864313387197399e+04
2.687464851686680777e+04
3.019695986931401058e+04
3.167446850367934167e+04
2.708538231749167608e+04
2.547227610683951571e+04
2.824768420980906376e+04
2.265338812849129681e+04
2.619107959168892921e+04
2.911481726199769037e+04
2.619310699149697393e+04
3.618588494986874139e+04
3.221562974233646310e+04
2.991534317185034524e+04
2.833509969728547730e+04
2.517834162813043440e+04
2.618970500952667135e+04
2.733274870303200441e+04
3.022449288850207449e+04
3.001466887368655443e+04
2.708462968625668873e+04
2.784042534229009834e+04
2.953916185718440101e+04
2.829297593117094948e+04
2.597407736146661773e+04
2.888825964421744720e+04
2.795964228365759845e+04
2.378639331238919840e+04
3.106300868215702212e+04
3.457177656654458406e+04
2.523747728352928607e+04
3.368923790980030026e+04
2.849555999609440551e+04
3.193108599912628779e+04
3.656083786084505118e+04
2.759026716783895245e+04
2.633538454946126876e+04
2.759079519507009172e+04
3.037946090273929804e+04
2.770891380247684720e+04
2.997300625455737827e+04
3.207635655819535532e+04
3.212742708433213920e+04
2.988542729944183156e+04
2.662110411553775702e+04
2.943810763149694685e+04
2.664033634197835636e+04
2.934028614046677831e+04
2.713911548407586088e+04
3.079367952542216517e+04
3.752380296465836727e+04
3.142496715314756875e+04
2.641981983910769122e+04
2.597426604001725718e+04
2.623211713674157727e+04
2.461025452946373116e+04
3.295963305129449873e+04
2.404594834644182629e+04
2.866821768579295167e+04
3.333961110862268106e+04
3.288859827603794838e+04
2.835490556937027941e+04
2.378021200167580537e+04
3.230253040020413027e+04
2.606515125298590283e+04
2.646318341240027439e+04
2.533231181192141958e+04
2.718814912870341504e+04
2.896518381952714117e+04
2.635123058323683654e+04
2.854624924287982140e+04
2.802456365413053572e+04
3.132747463251578301e+04
3.011102681936642330e+04
2.665725522984627241e+04
2.766103620707785376e+04
2.973446543201676468e+04
2.939846018682313661e+04
2.701624534149864121e+04
2.667994450195411991e+04
2.536599079334952694e+04
3.180988683932227286e+04
3.032916576308652657e+04
2.566074421839607385e+04
2.686876344064730438e+04
3.286298980596922775e+04
2.896335296503792779e+04
2.887551634236499740e+04
2.906789789985141397e+04
2.431194231876375125e+04
3.074014130204384128e+04
2.758731977199968605e+04
2.599389211971048280e+04
2.955374519402807709e+04
2.613655260515237023e+04
2.177840591763324846e+04
2.703317860701875543e+04
2.370521609986549811e+04
2.758695420244359048e+04
2.558216672485277013e+04
3.071320062221414264e+04
2.832199212260505010e+04
3.116398615494114347e+04
3.061808949035798287e+04
3.430719638843290886e+04
2.568264714140381693e+04
2.948188036942356121e+04
2.897150035399655462e+04
2.506064406374426471e+04
3.268979850346818421e+04
2.497491943690460903e+04
2.429989258539613729e+04
3.374373907417423470e+04
2.589619743158121855e+04
3.183174402847635793e+04
2.885534250203094416e+04
2.605793678134063157e+04
2.981275881737929376e+04
2.475160783983910733e+04
2.634614448855309820e+04
2.816513525452328031e+04
3.508890770597450319e+04
2.493364634871713861e+04
2.543310500774717002e+04
2.713968812638941381e+04
2.612682662946196797e+04
2.799227575443829483e+04
3.005017049223893628e+04
3.263056240032511778e+04
3.284246288532293693e+04
2.693706859368376172e+04
2.644133901833421623e+04
2.932036141241886435e+04
2.745225573851145964e+04
2.735674903323205945e+04
3.830639603206516767e+04
2.600924433075184788e+04
2.630999637528024323e+04
2.763650407383384299e+04
2.487322156978482599e+04
3.459899130961722403e+04
2.619386463034242115e+04
3.755052522989004501e+04
2.974122502280761182e+04
2.897929370257285700e+04
2.820279656392905235e+04
2.533897725392267239e+04
2.609848925855192283e+04
2.789139189847063244e+04
2.549074434905258386e+04
2.707016385043979608e+04
3.778378507110276405e+04
2.737279926258264459e+04
3.396091360059885483e+04
2.736580518450469026e+04
2.675555893210895738e+04
3.227440609214295546e+04
2.698391650424001273e+04
3.272303533171106756e+04
3.941966378253937000e+04
2.637429398886807030e+04
2.718504374460428517e+04
3.117367519785619515e+04
2.450391272502436186e+04
3.247441664680076428e+04
2.865363322608222734e+04
2.360940157110225118e+04
2.771575158848892897e+04
3.036189268089331745e+04
2.550198213556165865e+04
3.181922777124365530e+04
3.130419521460912074e+04
2.741819387937816646e+04
3.103453087106087332e+04
2.885186562181418412e+04
2.858415513605951855e+04
2.701838540947523506e+04
2.816562162638975860e+04
3.072133604515803017e+04
2.843452354910834038e+04
2.513283451133455674e+04
3.099579288476234797e+04
2.548250235835159765e+04
2.574766968598105450e+04
3.056656280673331639e+04
3.191812671825930374e+04
3.335299945543133072e+04
2.557243612866864714e+04
3.282390797022858169e+04
2.498193310211643256e+04
2.476469761904765983e+04
2.997884302095559906e+04
2.987993905272713164e+04
2.843321675867328668e+04
2.733858463977807696e+04
2.399272339294439735e+04
2.508313434503198732e+04
2.991119870077414816e+04
2.831695596620025026e+04
3.057190935701493436e+04
2.819428471757398074e+04
4.521365706372866407e+04
2.858970556597206087e+04
2.620809882347618986e+04
2.696170334097036539e+04
2.640997078081725704e+04
2.530896995438855447e+04
3.069759760923082649e+04
2.505139734259915349e+04
3.696307797694532928e+04
3.352227834668580181e+04
3.118261182204466240e+04
3.293468695702424156e+04
3.229157532667752093e+04
2.501447493048910837e+04
2.855008146271001897e+04
2.689015702339341078e+04
2.400136972938518011e+04
3.014711630494795827e+04
3.536946944372202415e+04
2.658967330382316140e+04
2.572228594684643758e+04
2.923921566913327842e+04
2.957867353636281405e+04
2.741398486042123841e+04
2.953515156774516436e+04
2.850792140257363280e+04
2.315025639370056524e+04
2.782976833671281929e+04
2.820655359281373603e+04
2.592567792048895353e+04
2.900263179195394332e+04
3.469099867652179091e+04
3.099694549212738275e+04
2.457541986228064707e+04
2.424775477656426665e+04
2.662454217993636121e+04
3.211310319408681607e+04
2.756501159289727730e+04
2.726813430039074956e+04
2.600688410637058405e+04
3.174397942971164593e+04
3.144944233607716160e+04
2.900206454337690229e+04
2.350225402828199003e+04
2.428319163742865567e+04
3.068856593617297767e+04
2.505587304964596842e+04
2.897137527381737164e+04
2.793265356206033175e+04
2.991689737671281546e+04
2.787188370905931151e+04
2.643279121744288932e+04
3.001422148642832326e+04
2.754364810277130891e+04
2.248475793059575153e+04
2.437199207031297919e+04
2.756102531056096632e+04
2.526314412548033943e+04
2.851945339029505703e+04
2.448355087836588427e+04
3.653569406164118118e+04
3.221949254972225390e+04
3.554885360279079032e+04
3.368695334436249686e+04
2.485985296413257674e+04
2.473413771445170278e+04
3.372791310270984832e+04
3.548114662126728217e+04
3.730908363729574194e+04
2.766267899867430970e+04
2.243270075444939721e+04
3.224948892231951322e+04
2.933884502959920792e+04
2.559943986390233476e+04
3.197502696440863292e+04
2.747420173936027641e+04
2.926068375218817164e+04
2.860300967472850607e+04
2.636039197218901245e+04
2.475990960809724857e+04
2.796508404507807427e+04
2.655054790982107443e+04
2.980000552158951177e+04
3.495372465261159232e+04
3.003005523659950268e+04
2.876439986461785156e+04
2.594742735774132234e+04
2.763575945794151266e+04
2.932390476392792334e+04
2.599016786069981754e+04
3.656546152360690030e+04
2.302388815629665260e+04
2.318149926843234425e+04
2.727985359199973391e+04
2.582415200245292363e+04
2.723046311019033601e+04
2.548837922033303403e+04
2.538410747114897094e+04
2.528424768947888515e+04
2.897290965937256624e+04
2.642380353432625998e+04
2.581300797869921007e+04
3.012730884718689413e+04
2.610496649510368297e+04
2.961853800643968134e+04
3.062257227132738262e+04
2.712436383207053950e+04
2.550945864828089179e+04
2.799990761457253393e+04
2.482530450940070295e+04
3.310400301303150627e+04
3.441134464582032524e+04
2.963743937819571875e+04
2.776510684623320049e+04
3.395776474483644415e+04
3.131639987139777804e+04
2.902291774773502038e+04
2.843042013566327660e+04
2.677107947047728521e+04
2.925121117370239881e+04
2.918534725180687383e+04
2.778557565204686762e+04
2.573363085141908232e+04
2.643274288697689190e+04
2.615297951299031774e+04
4.223777346857979137e+04
3.259248493233329646e+04
2.830518176336815668e+04
3.006882147799586528e+04
3.270692993412171199e+04
2.737601797818689374e+04
2.940210791844174310e+04
3.000246443371948044e+04
2.502086037571288034e+04
2.632403197347955575e+04
3.098503373176073364e+04
2.805097117001042352e+04
3.267428503052767337e+04
2.778328066150877567e+04
2.564188442894340551e+04
2.682750208400297561e+04
2.882961419187566935e+04
2.421418980627541896e+04
3.936597078477626201e+04
2.524792222254230728e+04
2.803109372627037010e+04
2.930622636687640261e+04
2.737519741064357004e+04
2.895080529133466916e+04
2.736812628760341977e+04
4.186605042849993333e+04
3.104477248016783778e+04
2.564491218401560036e+04
3.061536005951309562e+04
3.097635821695578488e+04
3.205594496095135764e+04
2.558044767695140763e+04
2.577830293305591476e+04
2.970787075522646774e+04
3.142922321145215756e+04
3.303863565488679160e+04
2.985488729743337899e+04
2.481063482228386783e+04
2.686213298856796246e+04
3.056228016647488403e+04
3.101404714578669518e+04
2.474787289315811722e+04
3.098414393726346680e+04
3.093395227933787464e+04
3.101655670420844399e+04
2.528714078162803344e+04
2.587230689729397636e+04
2.575624297858760838e+04
3.215370641615588465e+04
3.234582902073102741e+04
2.989206611856663585e+04
2.641232916872277565e+04
3.558572888562089793e+04
4.052090174070580542e+04
2.622749650341271990e+04
2.760443767895607743e+04
2.688339577694017134e+04
2.916159212418897368e+04
3.194821197815510095e+04
2.526308860872346486e+04
3.578250360412308510e+04
3.520619827274113777e+04
2.444443011969454892e+04
2.999708183951782848e+04
2.699888113377539412e+04
2.961715489625246119e+04
2.490517415074231394e+04
2.770434984623961645e+04
2.812802239330583689e+04
3.668693177049536462e+04
3.112856982770868854e+04
3.042881127770016974e+04
3.141684966776395595e+04
2.508074026835675249e+04
3.036898267664207378e+04
2.880718860240123468e+04
2.602034064932202091e+04
2.588307202464671354e+04
2.990767961682601526e+04
2.827527508465609571e+04
2.879511003019051350e+04
2.872471961365061361e+04
2.572974035791087226e+04
2.535784268246104330e+04
2.662344185246070992e+04
2.935374970805261546e+04
2.440087111954326610e+04
3.074680033478717814e+04
3.423670138846080226e+04
2.719160413632326890e+04
2.929553020187065340e+04
2.632630797705910663e+04
2.773159216931669289e+04
3.360697638314739015e+04
2.983682044678187231e+04
3.132275255645417565e+04
2.355221993951883633e+04
2.489282619527151110e+04
3.136692100804426445e+04
2.606230236917144794e+04
2.565385667500655109e+04
3.966831814384760219e+04
2.701740558870893074e+04
2.930264807627112532e+04
2.553277416095552326e+04
2.955404547008068039e+04
2.557802861795624631e+04
2.949882975184875249e+04
2.208086366745183477e+04
2.596482190056026957e+04
2.688108552860840064e+04
2.360803755928034298e+04
3.093029657561422573e+04
3.264082064639336022e+04
2.410632657570690571e+04
2.750884753120055757e+04
2.683373497776049408e+04
2.647201322402259757e+04
3.349919841659189842e+04
2.364456651657076873e+04
2.720682892868361887e+04
2.747121997256072063e+04
2.718578472800472809e+04
2.969334800370399898e+04
3.150360013009925024e+04
2.473086162404474453e+04
2.513448063915249077e+04
3.603498394341473613e+04
3.018281619300951206e+04
2.801054344641916396e+04
3.738732834750146139e+04
2.803896566643063125e+04
3.150625080723106657e+04
2.624601630176242179e+04
2.979642633944180125e+04
2.700885237882683577e+04
2.489323597310911282e+04
2.658942516936866377e+04
3.100023429406073046e+04
2.974945739763895108e+04
2.719720724063951639e+04
2.535289933921454940e+04
3.044853372155386751e+04
3.664185152033458144e+04
2.954096673429398288e+04
3.090189865190814453e+04
2.632911156243806909e+04
2.710724288840288136e+04
3.384758965341774456e+04
4.023658519723211793e+04
3.287226265284112742e+04
3.709800468042735884e+04
2.859182966373465388e+04
3.389475790012960351e+04
2.565832364701455299e+04
2.807249951895958293e+04
2.736851381272478466e+04
3.093186051826646144e+04
2.302603014727944901e+04
3.165911535405211544e+04
2.796651171390720992e+04
2.784959453917056817e+04
2.876827236796564466e+04
3.849840218896371516e+04
2.859722771874152750e+04
2.893204095002246322e+04
2.531170660600207339e+04
3.194227981094081406e+04
3.324351734102042246e+04
2.839430340776970843e+04
2.830482035920607814e+04
2.907167389182555416e+04
2.994079352519020176e+04
2.656471392073864627e+04
3.054845663341944964e+04
2.405200831263731379e+04
2.700072813855046115e+04
2.659228913185400233e+04
2.788273685647980892e+04
2.898614161467809390e+04
2.400046105632069884e+04
2.498768288078276964e+04
2.625068654163766769e+04
2.737743368274485692e+04
3.020933539242961706e+04
2.866994529058277840e+04
2.571438693811119083e+04
3.014975936557573732e+04
2.722545722564482276e+04
2.909116202191094635e+04
3.682666703719364159e+04
4.570638687837512407e+04
2.376569078266816723e+04
3.086787104856752921e+04
2.477067900232190004e+04
3.126534908453942990e+04
2.350256809629907366e+04
2.357927154957920720e+04
2.688338955920532317e+04
3.130281766860181961e+04
2.690151969083729273e+04
2.446774565574552980e+04
3.219489986780038453e+04
3.166864508175210722e+04
2.596624885153660580e+04
3.023567615523624045e+04
2.892322310393110092e+04
2.934119446553071612e+04
3.398200793956907000e+04
2.685965918239334496e+04
3.268741118370920594e+04
2.848048564080947835e+04
3.832928369053402275e+04
2.974594888330647518e+04
4.168430575344115641e+04
3.428369584281442076e+04
2.397107906776476375e+04
2.684021836510686990e+04
3.115758969959133174e+04
2.899839552144665140e+04
3.297369882722363400e+04
2.654060478579976916e+04
2.602163943249253498e+04
2.642911679811173599e+04
3.543749814398965100e+04
2.696309365658708339e+04
2.764813224981261010e+04
2.831224127257365035e+04
3.244399359531164009e+04
3.853563253061365685e+04
2.382939189614303905e+04
2.689379919533785869e+04
2.985545665712822665e+04
2.852084592011835048e+04
3.440980441524993512e+04
2.747907993518361036e+04
2.600255041622061981e+04
2.577264239856033964e+04
3.634491054971321864e+04
2.738389318154236389e+04
2.548518039229512578e+04
2.661948960812135556e+04
2.848079346051265748e+04
3.249898003558655182e+04
3.249331138195540188e+04
2.551746545989827064e+04
3.136451846503405977e+04
2.518433261385682999e+04
2.602639115431197570e+04
2.948666164714572005e+04
3.233579597389668197e+04
3.715080980346750584e+04
2.840336527585188742e+04
3.649843692223298422e+04
2.589638979772757375e+04
3.057514021735212009e+04
2.456593512437105528e+04
2.957178694923563671e+04
2.378845277970983079e+04
2.831747689080963028e+04
2.602646358906082241e+04
2.894164588759988328e+04
2.572138110918238453e+04
2.705296690077226958e+04
2.826768234828900677e+04
2.579990057635044286e+04
3.134685995530684522e+04
2.386843712762269206e+04
2.218806814118213515e+04
2.530581741157563738e+04
2.578348994412850516e+04
3.206350791220883184e+04
2.472661498302439213e+04
2.489181813024634903e+04
2.595206737075265119e+04
2.357611741338657521e+04
2.537285836283048775e+04
3.082804642714119836e+04
3.046008426968451022e+04
2.888021277619417378e+04
3.066157574706689775e+04
2.193639441035526033e+04
4.566582844856232987e+04
3.330194644021560816e+04
2.403148553550330689e+04
2.655217181489662471e+04
2.553393246737794107e+04
3.016111812803021166e+04
3.059542993140803082e+04
3.000584568009255599e+04
3.083760864754664726e+04
2.843574380312502399e+04
3.000620684568565412e+04
2.501141028337585885e+04
3.854088478258463874e+04
3.374596453136063792e+04
2.737744933134833627e+04
3.193420891405906514e+04
2.889468482795322052e+04
2.935768081200213055e+04
3.446408349224839912e+04
2.724470038518599540e+04
2.968592483561558402e+04
2.406314828153630151e+04
2.827182619973378678e+04
2.853374842138522945e+04
2.660706006166597581e+04
2.932528910219215322e+04
2.667563822044133849e+04
2.740353371125401463e+04
3.217386555877521459e+04
2.723173990518493520e+04
2.805616533998476370e+04
3.257427648421000049e+04
2.997074696921387658e+04
2.509594332963988563e+04
2.867197019577451647e+04
2.803542735209986131e+04
2.472324618781669415e+04
3.103590755996358712e+04
2.945416338732275835e+04
2.877293529113934346e+04
2.662334671749159679e+04
2.828084647028704785e+04
2.391723523752478650e+04
3.001506353788817796e+04
2.278766654877916517e+04
2.743384415119942423e+04
3.061609643985554067e+04
