-3.998357622121814074e+02
-4.486056134080637889e+02
-4.914588573688480437e+02
-5.269085029409910703e+02
-5.548914199873914868e+02
-5.767626198391587877e+02
-5.951014434291923862e+02
-6.130187462125689990e+02
-6.328847491482484884e+02
-6.551033653200738627e+02
-6.778673521858887625e+02
-6.982005763973456851e+02
-7.135858661698281367e+02
-7.230915283482660243e+02
-7.274113139567224380e+02
-7.279913155741887749e+02
-7.258268297482667322e+02
-7.205846029236828372e+02
-7.106291104893783768e+02
-6.941471439549809475e+02
-6.707574128148914951e+02
-6.423431657689448002e+02
-6.122363750407345151e+02
-5.832613738817883586e+02
-5.562195722599562941e+02
-5.299885151167134154e+02
-5.029101610368247179e+02
-4.741237379245638408e+02
-4.438840664042182880e+02
-4.130229700026093838e+02
-3.822966769407029801e+02
-3.520752531680772108e+02
-3.223498536743909426e+02
-2.929251834044794123e+02
-2.637444964759405934e+02
-2.352002330316329335e+02
-2.081435300217941347e+02
-1.834722605090427408e+02
-1.615681914178027796e+02
-1.420119454755219977e+02
-1.237610711629966858e+02
-1.056588367373453252e+02
-8.704099486715676903e+01
-6.821037637677967780e+01
-5.049337608832173174e+01
-3.567032405645618809e+01
-2.499980251806899645e+01
-1.851613572329883795e+01
-1.515928265252461316e+01
-1.357054208233753378e+01
-4.507590614534005908e+02
-5.066515342143543421e+02
-5.552813709698592675e+02
-5.949968890712290204e+02
-6.261359516142919119e+02
-6.507847678888165319e+02
-6.721991609191495627e+02
-6.938218891773494761e+02
-7.179498995585317971e+02
-7.446390240824633793e+02
-7.716453613698611207e+02
-7.956015259247828908e+02
-8.137143885737584696e+02
-8.249457672703467779e+02
-8.301011965472087013e+02
-8.309308426673635495e+02
-8.287640017072363889e+02
-8.234047158692751509e+02
-8.130582174853664128e+02
-7.956047895404147994e+02
-7.705030206117105536e+02
-7.398066031229413966e+02
-7.072676236322944305e+02
-6.761157926190434182e+02
-6.473026425565302588e+02
-6.195184001279739050e+02
-5.906603095097816549e+02
-5.593603688000541752e+02
-5.255548727404294596e+02
-4.901390857261712313e+02
-4.542993759804487581e+02
-4.189449665586815286e+02
-3.844004431659529359e+02
-3.504868947868584428e+02
-3.170020159693568758e+02
-2.842491556009985061e+02
-2.530998981713778733e+02
-2.244733982736023847e+02
-1.986953760521340939e+02
-1.752777039105892811e+02
-1.532032641569474549e+02
-1.314320614021261520e+02
-1.094078647287392840e+02
-8.748408889795931032e+01
-6.705100285116137115e+01
-5.004142009173574479e+01
-3.788870754126405416e+01
-3.064055575685218358e+01
-2.697384472371890141e+01
-2.508634214851209165e+01
-4.940379001542765991e+02
-5.553662933020191304e+02
-6.081504860630806206e+02
-6.507230159711834858e+02
-6.839952286159111736e+02
-7.109036913442256491e+02
-7.353597634622842634e+02
-7.609553176336945626e+02
-7.896477805086753960e+02
-8.209299585217064532e+02
-8.520578803270883554e+02
-8.793639702742271993e+02
-8.999411147810101284e+02
-9.127705816694694931e+02
-9.187932442726427098e+02
-9.199930783908355352e+02
-9.179497080891667338e+02
-9.126118563308332341e+02
-9.021687442824539858e+02
-8.843977316451267825e+02
-8.587044096141491991e+02
-8.272188793148826562e+02
-7.938724392049367680e+02
-7.620850127652860238e+02
-7.329004105609811859e+02
-7.048983094518608823e+02
-6.756142825817804578e+02
-6.431720787296228536e+02
-6.071271542310280438e+02
-5.683923631056009071e+02
-5.285888276492862587e+02
-4.891863347181462700e+02
-4.508330920068357273e+02
-4.133120083770618862e+02
-3.761962418868101281e+02
-3.396303273218529739e+02
-3.044844175506131023e+02
-2.717588089231721824e+02
-2.418677040821320645e+02
-2.144397223919226292e+02
-1.886445072947689710e+02
-1.636505088502528054e+02
-1.390099031447694813e+02
-1.150126700694329003e+02
-9.286729241027568094e+01
-7.432866983419621931e+01
-6.073040424164081230e+01
-5.207094861070140013e+01
-4.694945962112726789e+01
-4.342351273357400032e+01
-5.293340222071304879e+02
-5.940954754167142937e+02
-6.492180098840168512e+02
-6.931810282046094471e+02
-7.275217648405996442e+02
-7.559899084277902830e+02
-7.830513261496882933e+02
-8.122916831303958816e+02
-8.451455120602028046e+02
-8.804069801427529001e+02
-9.148387143381939950e+02
-9.446535782008402293e+02
-9.671018897030068047e+02
-9.813878383748062788e+02
-9.885997049528622256e+02
-9.907848185925232656e+02
-9.895628013085066641e+02
-9.849466566658458078e+02
-9.752182892450368854e+02
-9.582454196005517133e+02
-9.334768842734175678e+02
-9.030150358590311725e+02
-8.707239539046762502e+02
-8.399837888473815610e+02
-8.118422405719049948e+02
-7.848361739306443496e+02
-7.562946386873312576e+02
-7.239904447721468159e+02
-6.871895760731432574e+02
-6.468032518565894406e+02
-6.047552162377374998e+02
-5.628900793767097639e+02
-5.220318600912793272e+02
-4.818684262635343316e+02
-4.417637818279825979e+02
-4.017494824009376657e+02
-3.627709070415594965e+02
-3.260485189670740738e+02
-2.922756349423560209e+02
-2.613595173915309715e+02
-2.327084819919915049e+02
-2.056362960524822654e+02
-1.796766235973741175e+02
-1.548869385172604325e+02
-1.320537789988318025e+02
-1.124506830072830184e+02
-9.706457383973224751e+01
-8.582036226114612987e+01
-7.748947696713338473e+01
-7.037715126007451261e+01
-5.583567960745486971e+02
-6.249369196956012047e+02
-6.810396813316003772e+02
-7.254113774616663477e+02
-7.601123905424511804e+02
-7.894816341197088150e+02
-8.183316171817702980e+02
-8.501186286268476806e+02
-8.857207297691169288e+02
-9.232969024344712352e+02
-9.593048426492887302e+02
-9.901409435342744700e+02
-1.013527853374443112e+03
-1.029062655550581667e+03
-1.037913215886045919e+03
-1.041945334858594379e+03
-1.042577638380857024e+03
-1.039810275730550984e+03
-1.032114991387087230e+03
-1.017582390223707080e+03
-9.957112121614953821e+02
-9.684064436986506053e+02
-9.392015992304319525e+02
-9.112107053937977525e+02
-8.853867750388495779e+02
-8.602840860365919298e+02
-8.332313356937648905e+02
-8.019368637019661037e+02
-7.656113682853907676e+02
-7.252004374516707230e+02
-6.827257354011652524e+02
-6.400832640016925552e+02
-5.980301850985531473e+02
-5.561118695426046088e+02
-5.135920466512238818e+02
-4.705489584572947592e+02
-4.281600054165362508e+02
-3.880249243717014451e+02
-3.512573340299657048e+02
-3.180879716696239825e+02
-2.880539428891408420e+02
-2.603943740826900353e+02
-2.344081249732523702e+02
-2.097748857816317809e+02
-1.867553661457762928e+02
-1.660280357499207469e+02
-1.481346116308241676e+02
-1.329357735392347593e+02
-1.195480244804492003e+02
-1.068057098340033946e+02
-5.837397066421015097e+02
-6.515083034012719736e+02
-7.081914606739468354e+02
-7.528256942313763602e+02
-7.877883431285594042e+02
-8.176821702497755950e+02
-8.473942376705589368e+02
-8.801485160926021081e+02
-9.163567803434768848e+02
-9.537931347727578668e+02
-9.889623952921192540e+02
-1.018812423300518958e+03
-1.041809721308746475e+03
-1.058024914755392047e+03
-1.068587200706267367e+03
-1.074967611608071138e+03
-1.078228883271685163e+03
-1.078349736624238631e+03
-1.074082567238505817e+03
-1.063793144343030008e+03
-1.046935629688206973e+03
-1.024983018813722083e+03
-1.000863409166759880e+03
-9.772176962601083687e+02
-9.548281149792443330e+02
-9.323457549385475431e+02
-9.073265456965442581e+02
-8.777183004170199183e+02
-8.429058698297859564e+02
-8.038733821489994398e+02
-7.625012439136023659e+02
-7.204120626024719058e+02
-6.781003519585376580e+02
-6.350007560707056200e+02
-5.904665230883820186e+02
-5.448367923467529863e+02
-4.996842372181022256e+02
-4.570924929913492747e+02
-4.186288606522160762e+02
-3.847647091546445495e+02
-3.549505992430707693e+02
-3.280743677889827836e+02
-3.029855653308552519e+02
-2.789112169216400616e+02
-2.556285874215300851e+02
-2.332981293555332059e+02
-2.120647211073747940e+02
-1.917432239295878560e+02
-1.718296624733717408e+02
-1.517858240242453860e+02
-6.080143155622373570e+02
-6.772637671640171675e+02
-7.349542565677370476e+02
-7.803694273930631198e+02
-8.160164194166454763e+02
-8.464723142752559397e+02
-8.764273416430525003e+02
-9.087534942915025340e+02
-9.435018980045881563e+02
-9.783633787472982704e+02
-1.010268992280404063e+03
-1.037033664005380160e+03
-1.058032027196372837e+03
-1.073820725160486063e+03
-1.085416266845615382e+03
-1.093816571671486372e+03
-1.099702085573988143e+03
-1.103062862939702427e+03
-1.102981649296072874e+03
-1.098100632941446747e+03
-1.087737814546857408e+03
-1.072758377453060348e+03
-1.055281537926698093e+03
-1.037316415795254898e+03
-1.019419042665776033e+03
-1.000410366215055546e+03
-9.782469570444865212e+02
-9.512966087304123448e+02
-9.191824382814374985e+02
-8.828089375618504846e+02
-8.436770668235019457e+02
-8.029366802682945945e+02
-7.607910899697507148e+02
-7.167112768051224521e+02
-6.703581636452635166e+02
-6.225096779656505532e+02
-5.752254159965464169e+02
-5.310828472860836200e+02
-4.920375661362832034e+02
-4.586608463364735258e+02
-4.301249332301540562e+02
-4.047852738998485620e+02
-3.809412329236627102e+02
-3.573825791158416223e+02
-3.335181920478303255e+02
-3.091409774439541707e+02
-2.840981614842972363e+02
-2.581482911752625569e+02
-2.310723307700101259e+02
-2.028888134781537076e+02
-6.332817144260069426e+02
-7.046951020798693435e+02
-7.640815622099219127e+02
-8.109458430513416261e+02
-8.478550577045639329e+02
-8.791941171948167266e+02
-9.092321157870948127e+02
-9.403430498443233319e+02
-9.722766772568882061e+02
-1.002896414409520276e+03
-1.029858285367351300e+03
-1.052018351451534727e+03
-1.069667832564201035e+03
-1.083785700990352325e+03
-1.095250591515048882e+03
-1.104624086016053070e+03
-1.112250739336608376e+03
-1.118147197767466423e+03
-1.121730416505638004e+03
-1.121953799664174539e+03
-1.118064974279011722e+03
-1.110366505895528690e+03
-1.100145936834192526e+03
-1.088702709074844051e+03
-1.076299211193895417e+03
-1.061919414937886813e+03
-1.043947922390538452e+03
-1.021145067272202027e+03
-9.932251567148134654e+02
-9.607848281729504833e+02
-9.247637004608442339e+02
-8.858157863008893855e+02
-8.439924069878480850e+02
-7.990043577691894825e+02
-7.509796336500351117e+02
-7.012050509643966052e+02
-6.522190390602592061e+02
-6.070275367164045974e+02
-5.678680873614054008e+02
-5.352968742638236108e+02
-5.081337298794684898e+02
-4.841998943953512935e+02
-4.613055852933775896e+02
-4.379015056163419786e+02
-4.131515360941313020e+02
-3.866128864649144248e+02
-3.579163495004415267e+02
-3.267184402054277257e+02
-2.929088275155124279e+02
-2.568673374150462791e+02
-6.610956529566121844e+02
-7.353740389378186819e+02
-7.970458816025100077e+02
-8.458541723264622760e+02
-8.844640185151251899e+02
-9.170167478154662604e+02
-9.472051382659908541e+02
-9.767780321095401632e+02
-1.005236004402149661e+03
-1.030842126194835146e+03
-1.052200684085240482e+03
-1.069247975888605652e+03
-1.083040043419232006e+03
-1.094790568042606310e+03
-1.105160450503227821e+03
-1.114302725610393281e+03
-1.122262009045609375e+03
-1.129072796215792778e+03
-1.134495778758360302e+03
-1.137922969452098641e+03
-1.138787416478948671e+03
-1.137106597639726715e+03
-1.133506895336734715e+03
-1.128600870283415361e+03
-1.122289945290053311e+03
-1.113630941654814251e+03
-1.101321214049704167e+03
-1.084323744451946823e+03
-1.062177978449551802e+03
-1.034926701164622500e+03
-1.002849189216343120e+03
-9.661901168663641783e+02
-9.250310517480288581e+02
-8.794664159582009688e+02
-8.301303805246866432e+02
-7.787774347063383402e+02
-7.283519994720920749e+02
-6.822043045768740512e+02
-6.427712080486115838e+02
-6.105557786569989958e+02
-5.840809925184624944e+02
-5.607755718582563986e+02
-5.381190625043528826e+02
-5.143402953817734442e+02
-4.884436861298898975e+02
-4.598399901335683353e+02
-4.280135695829099518e+02
-3.924876509996755090e+02
-3.530872274843163723e+02
-3.103122467289688302e+02
-6.921517424321183398e+02
-7.699876858342333890e+02
-8.344870045630885897e+02
-8.856346549943988293e+02
-9.262524892324661323e+02
-9.602469453550195340e+02
-9.906594352664884582e+02
-1.018554563440946026e+03
-1.043263821124400920e+03
-1.063655997449102188e+03
-1.079450961430038433e+03
-1.091635018476796631e+03
-1.101803917374503953e+03
-1.111136811572574061e+03
-1.119909404305073167e+03
-1.127823666718790946e+03
-1.134636495727625288e+03
-1.140418709803600677e+03
-1.145333083782075846e+03
-1.149373198102597598e+03
-1.152431011695216739e+03
-1.154544538928590782e+03
-1.155914392222869765e+03
-1.156580456113400942e+03
-1.156090497997705370e+03
-1.153506016232133106e+03
-1.147700481143637262e+03
-1.137634892638443944e+03
-1.122443832583271160e+03
-1.101449078901933262e+03
-1.074232435248816273e+03
-1.040700055382918435e+03
-1.001045315071838331e+03
-9.557541658672665790e+02
-9.058946193524440105e+02
-8.535843576233810381e+02
-8.020751752213601549e+02
-7.549799984621589601e+02
-7.148935949876682798e+02
-6.823141810390629871e+02
-6.556275448188011978e+02
-6.320807269060014733e+02
-6.089782167833610629e+02
-5.843772922143579081e+02
-5.571209410571485705e+02
-5.265031663944475895e+02
-4.919320845602547934e+02
-4.528303787398446048e+02
-4.088817536979274223e+02
-3.605367149910712783e+02
-7.261517584724172139e+02
-8.082350178490958115e+02
-8.761637006020683884e+02
-9.300995030799048209e+02
-9.730354087562888026e+02
-1.008684228086863527e+03
-1.039459578235396293e+03
-1.065765387065207733e+03
-1.086824654387112332e+03
-1.102192698200586165e+03
-1.112732936516259315e+03
-1.120399829294722622e+03
-1.127156165342555369e+03
-1.133962921198646882e+03
-1.140593608730100641e+03
-1.146279010492511361e+03
-1.150547117696731675e+03
-1.153600948318283599e+03
-1.156098663129683473e+03
-1.158709849690013243e+03
-1.161856899534770037e+03
-1.165699865312435122e+03
-1.170159932853872306e+03
-1.174866937183672007e+03
-1.179133211517371137e+03
-1.182048265137690578e+03
-1.182589105800528614e+03
-1.179599232434926080e+03
-1.171721640534206699e+03
-1.157538626489515991e+03
-1.135963252591659739e+03
-1.106578012655825660e+03
-1.069641831892500022e+03
-1.025927138595790666e+03
-9.768056913774029226e+02
-9.246236803022065942e+02
-8.727996843626202690e+02
-8.250819774323703086e+02
-7.841771996469240094e+02
-7.506834551116231751e+02
-7.230882450174589167e+02
-6.987071437555539433e+02
-6.747940196451772863e+02
-6.491990663665177408e+02
-6.204963366839747323e+02
-5.878007468623369505e+02
-5.504726406170254904e+02
-5.079130007600841736e+02
-4.597245211623170462e+02
-4.063072697753188436e+02
-7.619990636232165571e+02
-8.488806761397510172e+02
-9.208053002494663133e+02
-9.779821078685032489e+02
-1.023537434406297393e+03
-1.061065241477054997e+03
-1.092491379619058080e+03
-1.117673202352149247e+03
-1.135723793352691018e+03
-1.146739296499860757e+03
-1.152499969316881788e+03
-1.155735336336866567e+03
-1.158694790564874438e+03
-1.162150347256259238e+03
-1.165466026723142932e+03
-1.167532560378941298e+03
-1.167816312008515979e+03
-1.166820602077899366e+03
-1.165781849381999109e+03
-1.165979462523640450e+03
-1.168197910771212946e+03
-1.172592457658993453e+03
-1.178835244077230072e+03
-1.186310447434454090e+03
-1.194254061309780354e+03
-1.201817740104166205e+03
-1.208002485158097215e+03
-1.211462993692384316e+03
-1.210396460696142867e+03
-1.202802098539961207e+03
-1.187082285841311887e+03
-1.162548374507546441e+03
-1.129453129296978432e+03
-1.088717251183654071e+03
-1.041862727591958446e+03
-9.912899365294233576e+02
-9.403700595574254066e+02
-8.927786702782564134e+02
-8.512464396859730869e+02
-8.165869017199144082e+02
-7.876618412767049904e+02
-7.621264265289458990e+02
-7.373060027457786418e+02
-7.107854088614282091e+02
-6.807107612939381625e+02
-6.458686654082750920e+02
-6.055106662997429794e+02
-5.590740905496862752e+02
-5.062362470918674831e+02
-4.475204500105161856e+02
-7.977471394016326940e+02
-8.897003909945225359e+02
-9.659955151504697142e+02
-1.026735240879376306e+03
-1.075091291121992526e+03
-1.114614289213767734e+03
-1.146967927480660137e+03
-1.171678436176855939e+03
-1.187745252539008334e+03
-1.195505150694103577e+03
-1.197204486434809496e+03
-1.196008472734962652e+03
-1.194393039917168153e+03
-1.193129747722245384e+03
-1.191465832370010730e+03
-1.188238769906955440e+03
-1.183099362411737047e+03
-1.177025247488404830e+03
-1.171861905184737452e+03
-1.169344801839379898e+03
-1.170363829245940906e+03
-1.174887293829135388e+03
-1.182351816540344998e+03
-1.192049747643462297e+03
-1.203251675794795574e+03
-1.215106411694461030e+03
-1.226445985743876236e+03
-1.235600894186950654e+03
-1.240397368011552771e+03
-1.238523364355202148e+03
-1.228181286463512606e+03
-1.208596593950716851e+03
-1.180021245338948574e+03
-1.143400556276067391e+03
-1.100220862828575491e+03
-1.052712939701480082e+03
-1.003951729357817385e+03
-9.573261017431951814e+02
-9.155078385890426489e+02
-8.796234063687678599e+02
-8.491300526037250620e+02
-8.222424888032519448e+02
-7.964757746071334168e+02
-7.691396301047002453e+02
-7.378423733849535893e+02
-7.008846623754245684e+02
-6.572815192087172136e+02
-6.065013615284642583e+02
-5.484544994510106335e+02
-4.840318846929214942e+02
-8.301639177327034531e+02
-9.271225486122041275e+02
-1.007904988590604262e+03
-1.072360100236162907e+03
-1.123555177230731715e+03
-1.165000696687989830e+03
-1.198313354667960084e+03
-1.222970215138987896e+03
-1.237943939133572940e+03
-1.243558201311737093e+03
-1.242051006811568868e+03
-1.236619771521393659e+03
-1.229857617178944110e+03
-1.222726714491570192e+03
-1.214695802431487436e+03
-1.204875211047246466e+03
-1.193328381230989407e+03
-1.181600862012121752e+03
-1.172088008307925065e+03
-1.166797529303695910e+03
-1.166521604755232829e+03
-1.170953166211357484e+03
-1.179372781484850520e+03
-1.191140029380554779e+03
-1.205632786325542384e+03
-1.221880822896689097e+03
-1.238297209000105795e+03
-1.252681865670446314e+03
-1.262492086000645713e+03
-1.265343271957552815e+03
-1.259588261825952031e+03
-1.244645350478521550e+03
-1.220852684973010810e+03
-1.189073258196486449e+03
-1.150537956955360869e+03
-1.107071090893252403e+03
-1.061266425107945679e+03
-1.016128630871359860e+03
-9.742639345196012073e+02
-9.371687730483272389e+02
-9.049770205657895303e+02
-8.765458581873165258e+02
-8.496646876157163888e+02
-8.214447360700426088e+02
-7.889840652725127939e+02
-7.500407022845141682e+02
-7.032863599945616215e+02
-6.481647537768100165e+02
-5.848881790549827429e+02
-5.148664061499133595e+02
-8.548675579890751806e+02
-9.563652720166667223e+02
-1.041443838846835888e+03
-1.109569590017547625e+03
-1.163508084850278919e+03
-1.206634429003825517e+03
-1.240640064176271153e+03
-1.265212330554611071e+03
-1.279468863071550913e+03
-1.283634434291860771e+03
-1.279634019090739230e+03
-1.270379700596572775e+03
-1.258449196085880658e+03
-1.245101250583299361e+03
-1.230279178819270328e+03
-1.213617350991210515e+03
-1.195719360950992268e+03
-1.178652751390922049e+03
-1.165178824182909466e+03
-1.157358677131869399e+03
-1.155749675560792639e+03
-1.159777556457837136e+03
-1.168698612913356556e+03
-1.182110958551277236e+03
-1.199615318195719055e+03
-1.220120176254954004e+03
-1.241498731298499024e+03
-1.260851435370857644e+03
-1.275166777878015864e+03
-1.282048948780437058e+03
-1.280213931450858809e+03
-1.269514645596049832e+03
-1.250495106079828020e+03
-1.223867893148932353e+03
-1.190418465579359008e+03
-1.151389293850462991e+03
-1.108828014845307280e+03
-1.065388657606407833e+03
-1.023651880446112955e+03
-9.854514994020215681e+02
-9.515046699799680709e+02
-9.212524570290005386e+02
-8.928242493484325450e+02
-8.633155444269158352e+02
-8.295098265573196841e+02
-7.887234451054642932e+02
-7.392711553534833229e+02
-6.805060413989222070e+02
-6.128835854164543662e+02
-5.382790858726675651e+02
-8.677092220922767183e+02
-9.728080991341122399e+02
-1.061564904599704960e+03
-1.132954223751215977e+03
-1.189258395529094287e+03
-1.233600908246442941e+03
-1.267792451847098619e+03
-1.291897175380584940e+03
-1.305330855149800072e+03
-1.308248524966683135e+03
-1.302163890455525689e+03
-1.289565718441880790e+03
-1.272943795827115537e+03
-1.253902627797976720e+03
-1.233004053127922816e+03
-1.210539508244153694e+03
-1.187647252671837123e+03
-1.166717817928650902e+03
-1.150562013986711236e+03
-1.141019919749128348e+03
-1.138301700337676493e+03
-1.141617969336705755e+03
-1.150341921233777839e+03
-1.164480971519085870e+03
-1.184044606473456042e+03
-1.207997517838050953e+03
-1.233771475237375626e+03
-1.257723751299279456e+03
-1.276221012151997456e+03
-1.286722647531380744e+03
-1.288306245216537491e+03
-1.281378280483727622e+03
-1.266808896320739450e+03
-1.245179803309529007e+03
-1.216763332490063021e+03
-1.182165083242939318e+03
-1.142911458473380435e+03
-1.101365469301867506e+03
-1.060062798923228002e+03
-1.021017973941351215e+03
-9.853135390329687198e+02
-9.528559452095514644e+02
-9.222055574507245410e+02
-8.907102492169854031e+02
-8.551448710912653723e+02
-8.125982605574837407e+02
-7.611063760346395384e+02
-6.998916454394216089e+02
-6.295152730394920582e+02
-5.521016096737574799e+02
-8.665314397807009072e+02
-9.738004122839198544e+02
-1.065063321799564619e+03
-1.138723857782840241e+03
-1.196488971014726076e+03
-1.241201775879037768e+03
-1.274837510598300014e+03
-1.297905598753955928e+03
-1.310166328082126256e+03
-1.311729723320640005e+03
-1.303721904917336360e+03
-1.288236299567648075e+03
-1.267705940621105356e+03
-1.244128811362264969e+03
-1.218750484495551973e+03
-1.192540881187857394e+03
-1.167046185383767806e+03
-1.144664372916605771e+03
-1.127854725576470173e+03
-1.117936077910589574e+03
-1.114685304342602876e+03
-1.117184780207328004e+03
-1.125068631384108585e+03
-1.138899790955161279e+03
-1.159277539415893216e+03
-1.185458966088157467e+03
-1.214650640288190061e+03
-1.242542069791931681e+03
-1.264773121521991698e+03
-1.278467116103008493e+03
-1.282930173499275952e+03
-1.279117786104337938e+03
-1.268309983111588735e+03
-1.251050065105119756e+03
-1.227163688859698823e+03
-1.196677358961897198e+03
-1.160653901998795391e+03
-1.121178580426742883e+03
-1.080646967856452420e+03
-1.041047214243658800e+03
-1.003603574304143535e+03
-9.685857954059998747e+02
-9.350797790803925409e+02
-9.009338301059574405e+02
-8.631996158498481009e+02
-8.189620562835842748e+02
-7.660984028456507531e+02
-7.037052306576639467e+02
-6.323296550229720197e+02
-5.541194788180297337e+02
-8.517765974041199115e+02
-9.593447081950338315e+02
-1.051363370064857463e+03
-1.125658182853252811e+03
-1.183392127127792946e+03
-1.227212665216520918e+03
-1.259331891647954535e+03
-1.280699145342064867e+03
-1.291359303968246877e+03
-1.291353488080442503e+03
-1.281485880160515308e+03
-1.263571194702327602e+03
-1.240079377089057061e+03
-1.213443212053953403e+03
-1.185589679160665128e+03
-1.158099660110467084e+03
-1.132733298168155670e+03
-1.111561639220238931e+03
-1.096322677958382883e+03
-1.087574672425027757e+03
-1.084635536106578911e+03
-1.086579247729031067e+03
-1.093430177051362307e+03
-1.106379181632892823e+03
-1.126674993374292171e+03
-1.153985328631037646e+03
-1.185468822625792882e+03
-1.216305697202260262e+03
-1.241467073194683508e+03
-1.257682089057438361e+03
-1.264366880901853847e+03
-1.262928290975338086e+03
-1.255035003267527827e+03
-1.241252706092149083e+03
-1.221066699244315487e+03
-1.194025542322833871e+03
-1.160786655472756138e+03
-1.123157320421407576e+03
-1.083335756025536512e+03
-1.043183928165705538e+03
-1.003957453715545284e+03
-9.662162191688578332e+02
-9.295784022231143808e+02
-8.924906702826776836e+02
-8.524431328063099045e+02
-8.066910418244833636e+02
-7.530847646545739735e+02
-6.906397525791086309e+02
-6.198297360370208935e+02
-5.426909620390855480e+02
-8.254578509431543125e+02
-9.312037958419689403e+02
-1.021845472710279182e+03
-1.094733938124807082e+03
-1.150619289681281543e+03
-1.192079813213983016e+03
-1.221613430354650063e+03
-1.240554747606355249e+03
-1.249146214841996652e+03
-1.247346273749054035e+03
-1.235726649411853259e+03
-1.215943252263266913e+03
-1.190559958776033000e+03
-1.162410459938128497e+03
-1.134008448158668443e+03
-1.107412070231827556e+03
-1.084414342793658989e+03
-1.066541692978099491e+03
-1.054625255833084339e+03
-1.048392984140494946e+03
-1.046763676139114068e+03
-1.048908801166769763e+03
-1.055280648776219778e+03
-1.067618452184500711e+03
-1.087679569676547544e+03
-1.115459644949039784e+03
-1.148142162354944048e+03
-1.180628076681526863e+03
-1.207498476629682955e+03
-1.225262052860484573e+03
-1.233426807547419457e+03
-1.233691235163134706e+03
-1.227955687675706713e+03
-1.216766112194214884e+03
-1.199333088905457998e+03
-1.174811199202720218e+03
-1.143493513472454879e+03
-1.106930021961892862e+03
-1.067173439193503100e+03
-1.026036768770913795e+03
-9.848399895971215301e+02
-9.443706990147808256e+02
-9.046608156734682780e+02
-8.646866706348216667e+02
-8.224332838371268508e+02
-7.754817193767696608e+02
-7.218059676343382307e+02
-6.603951255781057625e+02
-5.916016059684350239e+02
-5.172637950442921237e+02
-7.893698053534056953e+02
-8.913028606734357027e+02
-9.785073901382567101e+02
-1.048036815136527366e+03
-1.100383120196212985e+03
-1.138131498888340957e+03
-1.164045490996958733e+03
-1.179783322722668345e+03
-1.185773905291656774e+03
-1.181976107890071262e+03
-1.168854030067336453e+03
-1.147967741761549178e+03
-1.121912238726264604e+03
-1.093752302227906057e+03
-1.066379319946614942e+03
-1.042144101566932932e+03
-1.022755473142346887e+03
-1.009177063646964370e+03
-1.001424528591118019e+03
-9.985601199944250084e+02
-9.992556317555008718e+02
-1.002823754155088750e+03
-1.010024156803875826e+03
-1.022872328427706293e+03
-1.043298582317874434e+03
-1.071376992602430619e+03
-1.104305471444393334e+03
-1.136984321886212683e+03
-1.164042997261676192e+03
-1.182117479365891541e+03
-1.190877920640652064e+03
-1.192135749823476544e+03
-1.187799396336155723e+03
-1.178308241853377694e+03
-1.162655301685076211e+03
-1.139679998175149422e+03
-1.109328230110857930e+03
-1.072892600065871420e+03
-1.032351850019603035e+03
-9.896095001633509582e+02
-9.461441015832210724e+02
-9.029223600770418443e+02
-8.602363780586902067e+02
-8.174818288077382249e+02
-7.731852615335442351e+02
-7.254255345550857328e+02
-6.724559214187205498e+02
-6.132645985949942542e+02
-5.479886233131132940e+02
-4.781548484174064129e+02
-7.438809649719968320e+02
-8.404827903576934887e+02
-9.227230050398742378e+02
-9.875079046889286474e+02
-1.035163166784867144e+03
-1.068258796346679219e+03
-1.089736396156281671e+03
-1.101545061004813761e+03
-1.104401943232940312e+03
-1.098459830999007409e+03
-1.084227791522401731e+03
-1.063170142335653281e+03
-1.037745946042418382e+03
-1.010982655069625480e+03
-9.858672982252281827e+02
-9.648304258252114778e+02
-9.494323492967680522e+02
-9.402094404093968478e+02
-9.366648024745975363e+02
-9.375325886154981845e+02
-9.414450775097390078e+02
-9.478351440154258398e+02
-9.575262039341474747e+02
-9.724207212827653848e+02
-9.941997347159611991e+02
-1.022705340172412775e+03
-1.055099943217939199e+03
-1.086548689032076481e+03
-1.112181396122453862e+03
-1.129137360702665092e+03
-1.137348657056174261e+03
-1.138590007776991570e+03
-1.134591677653547322e+03
-1.125651364578313178e+03
-1.110661028684815619e+03
-1.088270107630023631e+03
-1.058100369893552170e+03
-1.021133417757864095e+03
-9.792421726673900366e+02
-9.344523774689954507e+02
-8.884429022186156999e+02
-8.423449617140469172e+02
-7.966524634550009978e+02
-7.511613022907346249e+02
-7.050182800642320444e+02
-6.569389050005397621e+02
-6.055505559992667486e+02
-5.498188870290708792e+02
-4.895504434869108081e+02
-4.258370089087554788e+02
-6.881545678436041271e+02
-7.782972592550638637e+02
-8.546243602156205270e+02
-9.139784804627068979e+02
-9.565224198215528304e+02
-9.846974843767382026e+02
-1.001474941466613132e+03
-1.009047959648610345e+03
-1.008535957848723456e+03
-1.000483412901434122e+03
-9.855847409274146003e+02
-9.652037441115544425e+02
-9.415214063456959366e+02
-9.173054846447881800e+02
-8.953963782066734893e+02
-8.781136017703997823e+02
-8.668232020513997895e+02
-8.617968811963770577e+02
-8.623487976359347158e+02
-8.672086908041702600e+02
-8.751233457404603087e+02
-8.855650602757186789e+02
-8.991581020877615629e+02
-9.173453565802857383e+02
-9.412197496955452607e+02
-9.701536799043332167e+02
-1.001235523762791786e+03
-1.030093874079727357e+03
-1.052699565385028563e+03
-1.066983539344982091e+03
-1.073228707973501741e+03
-1.073084277627395522e+03
-1.067994262348295933e+03
-1.058129711885436336e+03
-1.042427587735026009e+03
-1.019516793386986592e+03
-9.887753592897454382e+02
-9.508325046836401953e+02
-9.073388531742093619e+02
-8.603250314531896947e+02
-8.116080081591065891e+02
-7.624958402107987467e+02
-7.137550047908563329e+02
-6.656720525338930656e+02
-6.180845982177676206e+02
-5.703748405884172143e+02
-5.215354758598410854e+02
-4.704737416082485879e+02
-4.166118386806255103e+02
-3.605402672135771240e+02
-6.215428371972060404e+02
-7.040799921158713914e+02
-7.737647305788174208e+02
-8.274584760278911517e+02
-8.651321543031033343e+02
-8.889397928112468890e+02
-9.016660860747097104e+02
-9.055852161879903406e+02
-9.021714771686378072e+02
-8.924092508651036724e+02
-8.772606509303684561e+02
-8.580562396448401614e+02
-8.367231139891632665e+02
-8.157287504161159859e+02
-7.976605897697739920e+02
-7.846094846649548344e+02
-7.777148319381313968e+02
-7.770922067819235508e+02
-7.820592853275478546e+02
-7.914801701464879216e+02
-8.041986835564121066e+02
-8.195642694458479127e+02
-8.377867050180043407e+02
-8.596624705880439024e+02
-8.855687189273628519e+02
-9.143501916363688906e+02
-9.430533457184435520e+02
-9.678992273021851815e+02
-9.858809765461667212e+02
-9.958723386696199213e+02
-9.985693625190499461e+02
-9.954769746217727970e+02
-9.877118861196337321e+02
-9.753187301937889515e+02
-9.573555300054675854e+02
-9.325727620769102941e+02
-9.002532403603769353e+02
-8.607397665215070219e+02
-8.153881204133999745e+02
-7.660634115919128817e+02
-7.145775754141404832e+02
-6.624066608238525760e+02
-6.107044578820122069e+02
-5.603707837019950375e+02
-5.119620431951606747e+02
-4.654692920727252954e+02
-4.202006661093848834e+02
-3.750264967232470212e+02
-3.290380374238007448e+02
-2.823147402521415756e+02
-5.449079619880615155e+02
-6.185710445820890300e+02
-6.809138423072237174e+02
-7.289471581367106410e+02
-7.624450258673307417e+02
-7.831316821813398974e+02
-7.933556225803210964e+02
-7.951716581927843208e+02
-7.901349402093915160e+02
-7.795062823476822587e+02
-7.645193498597911912e+02
-7.466275384228807752e+02
-7.277143681067752823e+02
-7.100887462650074440e+02
-6.961056519161388678e+02
-6.875850779752271364e+02
-6.854370635612672231e+02
-6.896887008131133143e+02
-6.997195427668325465e+02
-7.144696315902795050e+02
-7.326842881490309765e+02
-7.533493044209794789e+02
-7.760966240952739099e+02
-8.010513601533110659e+02
-8.279674682486735264e+02
-8.553100435312609306e+02
-8.802237774626133842e+02
-8.996082000530442428e+02
-9.114973259396886078e+02
-9.156898204387762235e+02
-9.132917086348018074e+02
-9.056925662111174233e+02
-8.937070541893693871e+02
-8.772407677655577345e+02
-8.554565426611289922e+02
-8.272886067120342659e+02
-7.920900779780274661e+02
-7.500917372458911814e+02
-7.024012963654993200e+02
-6.506041867877216873e+02
-5.963457741166216692e+02
-5.412039455152232676e+02
-4.867736269719834468e+02
-4.346399552609723287e+02
-3.860747160678467367e+02
-3.416266541229002200e+02
-3.009285988174743238e+02
-2.629288203232945307e+02
-2.265142460714945969e+02
-1.912412744584915458e+02
-4.607728381373045181e+02
-5.246411775154851966e+02
-5.792774247479266023e+02
-6.219489019162518844e+02
-6.522339759208182386e+02
-6.713439092353750084e+02
-6.810056522947077156e+02
-6.827482614643917032e+02
-6.778356395085037320e+02
-6.675103195183471598e+02
-6.532012425556533799e+02
-6.366457247417650933e+02
-6.199522903871982180e+02
-6.054763344257567041e+02
-5.954121062044695236e+02
-5.913123123111371342e+02
-5.938886439937911064e+02
-6.031421268988935935e+02
-6.185157761093068984e+02
-6.388874923649993889e+02
-6.626562057213720891e+02
-6.882082686689582260e+02
-7.144945216176647591e+02
-7.410467887276259944e+02
-7.672255126719389864e+02
-7.914088167415089856e+02
-8.110700523606169554e+02
-8.238437695785513597e+02
-8.286697788983007058e+02
-8.260566971950320294e+02
-8.173868967220357717e+02
-8.039515024511698584e+02
-7.863539578103615213e+02
-7.644052025998912541e+02
-7.373503684766195647e+02
-7.043136178587069480e+02
-6.648368136289036556e+02
-6.192274508311061254e+02
-5.684751667791022101e+02
-5.138800684734162587e+02
-4.568267404975277373e+02
-3.989127769746096988e+02
-3.421452028813314996e+02
-2.887808121922587929e+02
-2.407735568945989542e+02
-1.992103141925776697e+02
-1.641067871781493182e+02
-1.346256713947743435e+02
-1.095653955133675481e+02
-8.792870958919236557e+01
-3.724180537541041645e+02
-4.263853227199846287e+02
-4.736156507911255176e+02
-5.116249458929528373e+02
-5.397594764133058334e+02
-5.587004332124570283e+02
-5.695128816027595349e+02
-5.730517490421831326e+02
-5.700177494704475976e+02
-5.613437497672650807e+02
-5.484921323804237545e+02
-5.335162684831501565e+02
-5.189051815126523479e+02
-5.072128724965102151e+02
-5.005568687667180257e+02
-5.002663320193071286e+02
-5.069038270346433706e+02
-5.204865448583658463e+02
-5.404998981268220177e+02
-5.656515185757164090e+02
-5.938469314542843449e+02
-6.227712032265351354e+02
-6.507019826261736171e+02
-6.767220573524408564e+02
-7.000674713282327275e+02
-7.193534410234102552e+02
-7.326209223950999103e+02
-7.382467395212192969e+02
-7.358221781727758071e+02
-7.261951925626833599e+02
-7.107596387604437496e+02
-6.906680003586105840e+02
-6.664307970196167616e+02
-6.378851835196995808e+02
-6.043965535704304557e+02
-5.652750563895727964e+02
-5.202912394281653405e+02
-4.699409801212780735e+02
-4.152347590661177037e+02
-3.572958921154293535e+02
-2.973011590815792147e+02
-2.368663750414033302e+02
-1.783610062390994528e+02
-1.246285664231208870e+02
-7.821491418202346324e+01
-4.068649813916047009e+01
-1.243323386377922191e+01
7.140342722053829583e+00
1.929717348891382400e+01
2.560203220195166907e+01
-2.828026522786198598e+02
-3.274379817983986527e+02
-3.680264504418977367e+02
-4.022484363322860759e+02
-4.291619980569220161e+02
-4.489424290635388388e+02
-4.620735518175816878e+02
-4.687822803663257218e+02
-4.691340068117074793e+02
-4.635591795362003609e+02
-4.533237540556135627e+02
-4.406329531706444413e+02
-4.283081593393633852e+02
-4.191512589093841257e+02
-4.152952611392409494e+02
-4.179269734880408009e+02
-4.274927925806829307e+02
-4.440004394774600769e+02
-4.669214866847491407e+02
-4.947638138421213512e+02
-5.249837474294273534e+02
-5.546854770586069208e+02
-5.816422256446271604e+02
-6.046888956747214934e+02
-6.231705013114129770e+02
-6.361693284267795434e+02
-6.424173978862943386e+02
-6.409412064325555320e+02
-6.316727115698930675e+02
-6.154145204748407423e+02
-5.933062992236243645e+02
-5.663101333607670540e+02
-5.349492979016689560e+02
-4.992188590925082394e+02
-4.586686351132329378e+02
-4.127834766550124073e+02
-3.615281461922530184e+02
-3.055962118982022275e+02
-2.461180194951837734e+02
-1.842234687299817040e+02
-1.210798813457060135e+02
-5.843708864973464046e+01
9.920714557566543412e-01
5.389816701077015892e+01
9.728934892269532497e+01
1.292474835317107420e+02
1.491276834351153298e+02
1.574009283262860777e+02
1.554675148823042719e+02
1.454476723121630357e+02
-1.937813251324843691e+02
-2.297999462020846693e+02
-2.644608386860089695e+02
-2.955712027233383878e+02
-3.218805055301189668e+02
-3.430789545571874442e+02
-3.591616622809595469e+02
-3.698708176256066622e+02
-3.747380668909419228e+02
-3.736479786163235417e+02
-3.674599195521169577e+02
-3.582465491892088494e+02
-3.489445767405766219e+02
-3.425372325381264318e+02
-3.412229411548960911e+02
-3.460994883012783703e+02
-3.574637097607326837e+02
-3.752079712338495483e+02
-3.987214031944121757e+02
-4.263924993229760503e+02
-4.554759888620814650e+02
-4.828255156439529401e+02
-5.060144606690121236e+02
-5.238542445331868294e+02
-5.359401902699102038e+02
-5.418695326738690028e+02
-5.409806045660776590e+02
-5.327193564717455274e+02
-5.170551725905008880e+02
-4.944998855716253274e+02
-4.658430616744410031e+02
-4.318990959250660353e+02
-3.933042099086421217e+02
-3.502936987048846618e+02
-3.026315305283970361e+02
-2.499474893490454406e+02
-1.923279642978917821e+02
-1.306067687851139567e+02
-6.607501783201823287e+01
-4.142394155233953407e-02
6.610986841692287896e+01
1.303555479907658423e+02
1.896664937405104467e+02
2.404130311077749127e+02
2.793145784572878938e+02
3.042215218630710183e+02
3.143495082920680943e+02
3.101806849460539297e+02
2.933557219622160801e+02
2.665409129386055724e+02
-1.056571876626067734e+02
-1.335746653626881937e+02
-1.627335810484766228e+02
-1.911146023228169497e+02
-2.171764504210741222e+02
-2.401001235537703735e+02
-2.594069905545453025e+02
-2.744798272561737349e+02
-2.845066610878443498e+02
-2.889366379052707998e+02
-2.881404044246230569e+02
-2.838097974948637443e+02
-2.787234787340775597e+02
-2.758732982442955972e+02
-2.774571604532221727e+02
-2.844320071416531732e+02
-2.968352001769641220e+02
-3.143183164646193859e+02
-3.361768918946814892e+02
-3.608779589711497806e+02
-3.858480410500608286e+02
-4.081027141078839122e+02
-4.253348348955822757e+02
-4.365020516412370739e+02
-4.414689981976760009e+02
-4.402199071468746183e+02
-4.324391310818097054e+02
-4.176749242977616632e+02
-3.956954936607555737e+02
-3.666671026816803760e+02
-3.311430155499764965e+02
-2.899556691230295655e+02
-2.439658882712517425e+02
-1.936887817279720707e+02
-1.391066893109517650e+02
-7.997933840829500696e+01
-1.646893636823655527e+01
5.050886666505566325e+01
1.195086477435356187e+02
1.889594097722709591e+02
2.571472446862564425e+02
3.217523272694271554e+02
3.795515062476277421e+02
4.267907669323799951e+02
4.600460154119309095e+02
4.769773353108480478e+02
4.766470074412401914e+02
4.595482974850076516e+02
4.275816410756418691e+02
3.839529973606558997e+02
-1.735530580909944476e+01
-3.738628935950401200e+01
-6.122345641045428977e+01
-8.708184193032488452e+01
-1.131443152520219400e+02
-1.380208738595489137e+02
-1.607025556388634300e+02
-1.802658654378935807e+02
-1.957248710917007770e+02
-2.062672912293911622e+02
-2.118188243031049183e+02
-2.135610793961362788e+02
-2.138842924934867540e+02
-2.155675277608733893e+02
-2.206511049350095846e+02
-2.298420686234357788e+02
-2.428321312449516540e+02
-2.589974286711348554e+02
-2.776251389574989616e+02
-2.974966425608052418e+02
-3.165374355806056883e+02
-3.322280224153936956e+02
-3.425680671216240967e+02
-3.467054648746469638e+02
-3.446846260453974082e+02
-3.366700701177541646e+02
-3.224101186696713057e+02
-3.012962690899300924e+02
-2.727802493356257401e+02
-2.367599524974896781e+02
-1.937471465328617910e+02
-1.447711114057196085e+02
-9.100698145788848592e+01
-3.328071635915627979e+01
2.817114878710064119e+01
9.340667642593601272e+01
1.621558694141255614e+02
2.334270571686977576e+02
3.056364920719855149e+02
3.769573109490125944e+02
4.453823509890316927e+02
5.084281708556766830e+02
5.629138005639207449e+02
6.052141847600997835e+02
6.319158822676954514e+02
6.404900980962661379e+02
6.297337627802871793e+02
6.000116987732264988e+02
5.533840011930141145e+02
4.935524716094971609e+02
7.260400608740596340e+01
6.070722300284739248e+01
4.237175146868656128e+01
1.911438255995998503e+01
-6.993510750885733707e+00
-3.396762280733712203e+01
-6.022008207871142105e+01
-8.449980725619228394e+01
-1.056853910286702956e+02
-1.227768679423405302e+02
-1.352932495628986658e+02
-1.438451313529146773e+02
-1.502736187098526557e+02
-1.569557899854806919e+02
-1.656511966160136353e+02
-1.768109069940290112e+02
-1.898749020668588230e+02
-2.040846617463486439e+02
-2.188643374160280644e+02
-2.334422867952961553e+02
-2.463523991522403378e+02
-2.556066865388298481e+02
-2.595124905269919395e+02
-2.573314732380043779e+02
-2.491415555827556432e+02
-2.351030795190280571e+02
-2.148638757149056460e+02
-1.875815954778169896e+02
-1.524337264686899118e+02
-1.091727997929161944e+02
-5.838738439290849414e+01
-1.358657336046347641e+00
6.041397650268193331e+01
1.257645827364598574e+02
1.941189500810926347e+02
2.652418202861808822e+02
3.386659368035830653e+02
4.132760175207573639e+02
4.873370450241527578e+02
5.587936807927075051e+02
6.254451402279943295e+02
6.848375289906887247e+02
7.340900205641203229e+02
7.699574287515534934e+02
7.892081956074179061e+02
7.891768579207758876e+02
7.683313327540995488e+02
7.267710933546209162e+02
6.665729199704373968e+02
5.918374954626590352e+02
1.650753228958129739e+02
1.622200814302627805e+02
1.502282832692706620e+02
1.302920063535660233e+02
1.046389764091783974e+02
7.575097147469590197e+01
4.576920579985488047e+01
1.635056219185605286e+01
-1.111048225968363745e+01
-3.530898527079931171e+01
-5.529012180373472773e+01
-7.102905805717227850e+01
-8.370417950813778418e+01
-9.516316371727943135e+01
-1.068605274472209032e+02
-1.191566330541334224e+02
-1.315489463582494238e+02
-1.434413344029577786e+02
-1.545381257626748948e+02
-1.644801978734986108e+02
-1.722805369262135571e+02
-1.763510441842262821e+02
-1.751975319341866566e+02
-1.680763064690037822e+02
-1.549522416235550111e+02
-1.358538283177580297e+02
-1.103004897676117082e+02
-7.732150059807145226e+01
-3.599470712901915448e+01
1.395036536438442454e+01
7.185439256349312132e+01
1.362846751298754668e+02
2.055069556385000737e+02
2.780186389749828777e+02
3.528367344850496465e+02
4.293469182800748740e+02
5.068184806550802364e+02
5.839566867157335537e+02
6.588227522065699304e+02
7.291128500706043951e+02
7.924834262782181895e+02
8.466328104606725447e+02
8.891382219736126444e+02
9.172948685681760708e+02
9.282070415718972072e+02
9.192076477664658114e+02
8.885151142791449956e+02
8.359557534160337582e+02
7.635415925595757471e+02
6.756607969989615867e+02
2.602127193109643031e+02
2.678938197373703360e+02
2.638034186098510077e+02
2.486819403545323439e+02
2.247121731865118193e+02
1.946596238539590331e+02
1.611242247663268472e+02
1.262746177161075991e+02
9.202272812624019593e+01
6.020730884329127264e+01
3.237522752150547944e+01
9.236521662624703310e+00
-9.649309240761192896e+00
-2.550013236793126836e+01
-3.946054006549154280e+01
-5.200018240218874865e+01
-6.303378124259005233e+01
-7.245704665279482981e+01
-8.037581715702590657e+01
-8.673461099129042395e+01
-9.081139772251654563e+01
-9.123558631142952891e+01
-8.659578524636069119e+01
-7.604200103524480880e+01
-5.930821111290198644e+01
-3.621362753509680488e+01
-6.206939469643591778e+00
3.160318461072323970e+01
7.799508386568830076e+01
1.331434286952554942e+02
1.963917710302689272e+02
2.663457522293850843e+02
3.412072870463752565e+02
4.192196351468458602e+02
4.990133971265170203e+02
5.796101793921581020e+02
6.600269895970861853e+02
7.387643762396738794e+02
8.136128039318011815e+02
8.819509095637482687e+02
9.412570499227236951e+02
9.893736341955662965e+02
1.024335676483621000e+03
1.044005571440798803e+03
1.045924643686376157e+03
1.027607534226957796e+03
9.872225541671697329e+02
9.244486275109646840e+02
8.412458635674167908e+02
7.422075935209467161e+02
3.581760791715799428e+02
3.781186105425440473e+02
3.838483702687855157e+02
3.754954136649601537e+02
3.549642636318368432e+02
3.250620273546085741e+02
2.887300753988386077e+02
2.487335583621807018e+02
2.077162402308417199e+02
1.682321613225258261e+02
1.324738930926700107e+02
1.018166146551108397e+02
7.658266412810326074e+01
5.628822376326752419e+01
4.018767858624413236e+01
2.765700019452079061e+01
1.817292032541254798e+01
1.112343859442184346e+01
5.877844772531011230e+00
2.210506519456983288e+00
6.903718917164112234e-01
2.592636680279233552e+00
9.349472388553664359e+00
2.201720578048214350e+01
4.118388949429147772e+01
6.726181512510332539e+01
1.007595760123349748e+02
1.422515582161566385e+02
1.921251351671849363e+02
2.503430046591950031e+02
3.163238609466221192e+02
3.889129146789949800e+02
4.664705032178626425e+02
5.471622303501980014e+02
6.293584740893060143e+02
7.118062694885583142e+02
7.933206302930229867e+02
8.722043214346384730e+02
9.459568044641822553e+02
1.011610027188073559e+03
1.066413404434792483e+03
1.108250973571233317e+03
1.135474326038132631e+03
1.146415123907710495e+03
1.139088868727896170e+03
1.111375247768756481e+03
1.061633250345033048e+03
9.895772577754047461e+02
8.971790759520451957e+02
7.891834479051434528e+02
4.594699537154310747e+02
4.932830129175447951e+02
5.106725981008937083e+02
5.110538521737959172e+02
4.958933000679234055e+02
4.678588626243795829e+02
4.301166706920757861e+02
3.860259423238986187e+02
3.390293812117641323e+02
2.924365802677816077e+02
2.490507371318973640e+02
2.108470351412289574e+02
1.789035550760378328e+02
1.535665090268094559e+02
1.346535693699553633e+02
1.215359649533989597e+02
1.131429947174718649e+02
1.080940010018084081e+02
1.051006124522933334e+02
1.035163486302176636e+02
1.036864517171714795e+02
1.068255202959795298e+02
1.145024160635550174e+02
1.281075254375234351e+02
1.486160073283772078e+02
1.766314072013775558e+02
2.124800781920486656e+02
2.562310979453779964e+02
3.077172906558201930e+02
3.666161548777851067e+02
4.324686381433014617e+02
5.045121039038525055e+02
5.814739572033602144e+02
6.616419588679722210e+02
7.432595466382090308e+02
8.248442445868591903e+02
9.050025446900997395e+02
9.818591430747765116e+02
1.052720308536592029e+03
1.114408324359796097e+03
1.164005971532429612e+03
1.199341387075658304e+03
1.218864992712444064e+03
1.221186839837337402e+03
1.204765535447460934e+03
1.167987450972560055e+03
1.109616748787524102e+03
1.029570702987503182e+03
9.298881100001297000e+02
8.154022297317640096e+02
5.644457564960347327e+02
6.134486750485614266e+02
6.440160637455293227e+02
6.548450850935391827e+02
6.469328414974056614e+02
6.227283248435143150e+02
5.855065260246102525e+02
5.390891854721369327e+02
4.875867396651781860e+02
4.349513116532418735e+02
3.845210032259313948e+02
3.388400951873881581e+02
2.997545427826708533e+02
2.685083540017876658e+02
2.456360942839881716e+02
2.307442464683355752e+02
2.224606562048709293e+02
2.187534258735978199e+02
2.175864724831431261e+02
2.176589429128708559e+02
2.188825324059071988e+02
2.223539753322532420e+02
2.298600523775979241e+02
2.432214354425035481e+02
2.638068180755097956e+02
2.923304768208238329e+02
3.288515784748032615e+02
3.729111073851693732e+02
4.238212681885502207e+02
4.810187856186796580e+02
5.442021879851868107e+02
6.130541003035405083e+02
6.867631558609497233e+02
7.638375903721132545e+02
8.424159403904909595e+02
9.206985638549056148e+02
9.969690909003664956e+02
1.069185451305647348e+03
1.134677142796173030e+03
1.190386120525419074e+03
1.233466143486723695e+03
1.261692044557550844e+03
1.273419346329399787e+03
1.267320379698507168e+03
1.242212280047987406e+03
1.197060837936303869e+03
1.131181765366611671e+03
1.044808888846135687e+03
9.400593830758357399e+02
8.217430624771127441e+02
6.726499334872989948e+02
7.378091297465455227e+02
7.826858173971374981e+02
8.053304104205205931e+02
8.063486107054351351e+02
7.879980139540144819e+02
7.535791463937862318e+02
7.071583990305122143e+02
6.532187111608559462e+02
5.961032792404180327e+02
5.395701709706004294e+02
4.867405341619099772e+02
4.402724130889733374e+02
4.023462992326655012e+02
3.743063151043874655e+02
3.562176298733654107e+02
3.467234207516210063e+02
3.433869543259721695e+02
3.434515269993060542e+02
3.447798683284697177e+02
3.466145904631591748e+02
3.497909484456682776e+02
3.562710302865826293e+02
3.682694064147282234e+02
3.874581059296955914e+02
4.145755228044051250e+02
4.494447651143541407e+02
4.912683366989489855e+02
5.390971472628823449e+02
5.923135847985737428e+02
6.508160818917269808e+02
7.146761638197755246e+02
7.834762723108259479e+02
8.558918873317294356e+02
9.298665318239209228e+02
1.003122368984722584e+03
1.073460063812407498e+03
1.138656474720428150e+03
1.196276457686715503e+03
1.243738569762290126e+03
1.278578532031568557e+03
1.298638922238462555e+03
1.302117882030818009e+03
1.287623227734757165e+03
1.254254755466518645e+03
1.201568572357571156e+03
1.129493585000393978e+03
1.038625017628269006e+03
9.311163311037405492e+02
8.115829838116543442e+02
7.826290993473427307e+02
8.645529330791819120e+02
9.245104253597114621e+02
9.599729280407462966e+02
9.712699834398056282e+02
9.605829233911416623e+02
9.312461127818432942e+02
8.873874700590605471e+02
8.335252192531312403e+02
7.740570307990038827e+02
7.129680101981343796e+02
6.539174327469088439e+02
6.003924370036388609e+02
5.555129943009131921e+02
5.214662865135125003e+02
4.989319195212268028e+02
4.868513630399246495e+02
4.826735213508808329e+02
4.830764318911399187e+02
4.850635470378414880e+02
4.870758880204568300e+02
4.895327488311884281e+02
4.944221570677820523e+02
5.041913160069893820e+02
5.206561175596942803e+02
5.444985608294215353e+02
5.753899446876657748e+02
6.124488763149597617e+02
6.547842522137664218e+02
7.019558393229425519e+02
7.541149958935533277e+02
8.116234246457876225e+02
8.743100801055049942e+02
9.409052113013409553e+02
1.009087127080562709e+03
1.076034566967128285e+03
1.138994459343479321e+03
1.195529195377376254e+03
1.243495132878321783e+03
1.280936639714517014e+03
1.305962059509518667e+03
1.316649775671273801e+03
1.311148640163800337e+03
1.288044790999656698e+03
1.246714245278263661e+03
1.187277095722595959e+03
1.110255552877862101e+03
1.016584018946593801e+03
9.083723654467264623e+02
7.898511803502420889e+02
8.920002600709112812e+02
9.909569004822845955e+02
1.066470104139265914e+03
1.115430347019884948e+03
1.137960208400322927e+03
1.136302574829293235e+03
1.113925793854131598e+03
1.074960042878343984e+03
1.023724620070765695e+03
9.643723213498839186e+02
9.008807119593980133e+02
8.373176551082638071e+02
7.779268650004731853e+02
7.267066351112138136e+02
6.866565669323932752e+02
6.591245564117250524e+02
6.435072714140276275e+02
6.373567329337932961e+02
6.369938943097540687e+02
6.387066608477148293e+02
6.401865407474277845e+02
6.413935960280550717e+02
6.442227264122080896e+02
6.512013514318035732e+02
6.641550190272525924e+02
6.836338425500026688e+02
7.091604703139155390e+02
7.398504193239733695e+02
7.750020135718510801e+02
8.144774011159228166e+02
8.587342411363129031e+02
9.083820817698021983e+02
9.634078371426165859e+02
1.022554949549615458e+03
1.083300539738511134e+03
1.142417225434306147e+03
1.196707476014044460e+03
1.243514806259444640e+03
1.280873770882928966e+03
1.307329522550455749e+03
1.321541999550447372e+03
1.321950308721024157e+03
1.306856997264802430e+03
1.274983861236833263e+03
1.226016332694270886e+03
1.160570336671734140e+03
1.079672560595964114e+03
9.845305111578287551e+02
8.771334953803886947e+02
7.611892174500468400e+02
9.974607355784119136e+02
1.113315233634693186e+03
1.204543821048636119e+03
1.267391195381128910e+03
1.301761433315836939e+03
1.310033762695651149e+03
1.295907146449750371e+03
1.263541819429929092e+03
1.216985958057872040e+03
1.160012097433106874e+03
1.096438721109105018e+03
1.030589988967006548e+03
9.673107845112862151e+02
9.113289311699497830e+02
8.663365273567210352e+02
8.342771580632676205e+02
8.149938591592132298e+02
8.062217703753775595e+02
8.041082367019540698e+02
8.044748275034725111e+02
8.044849387506857283e+02
8.037484649876467984e+02
8.040594132395485758e+02
8.079673645090454102e+02
8.172535460071857187e+02
8.322718804404288448e+02
8.522780458278381275e+02
8.762208278174736051e+02
9.034542183965222648e+02
9.341041374212305755e+02
9.689747611948713484e+02
1.008970848022511063e+03
1.054260831215265853e+03
1.103659188788977644e+03
1.154615770675712611e+03
1.203779696053551106e+03
1.247770349932210138e+03
1.283795467678432487e+03
1.309929416839347141e+03
1.324979192258204876e+03
1.328006283804973691e+03
1.317848366317774435e+03
1.293119339690003244e+03
1.252794415990695597e+03
1.196845125932046358e+03
1.126253050295045796e+03
1.042419641329650176e+03
9.467585335192419507e+02
8.411104664459965079e+02
7.286265340654475722e+02
1.094872269840178433e+03
1.226927537973911512e+03
1.333558449400193922e+03
1.410301829961726298e+03
1.456785186498911344e+03
1.475498356736539790e+03
1.470365070291444226e+03
1.445585505908625692e+03
1.404976356620517436e+03
1.351987958253688021e+03
1.290296245897634890e+03
1.224394782326379527e+03
1.159539726964002512e+03
1.100956583462434537e+03
1.052815233012004910e+03
1.017479146024329566e+03
9.951205044893923741e+02
9.836549555334999013e+02
9.792214475220600889e+02
9.774744952617151057e+02
9.753495585519571023e+02
9.722762136142083591e+02
9.699683237406884473e+02
9.709540027375195450e+02
9.769338823430019829e+02
9.880133020452079791e+02
1.003041957818049809e+03
1.020570872180337346e+03
1.039780544329390750e+03
1.060940991845639701e+03
1.085212302190097716e+03
1.113864543774866661e+03
1.147317645211243871e+03
1.184548631932831995e+03
1.223164385795509361e+03
1.259985133403775535e+03
1.291758705960351108e+03
1.315739544533099661e+03
1.330019858432862520e+03
1.333505123043710000e+03
1.325498169890155168e+03
1.305174873964972903e+03
1.271472621957907677e+03
1.223601961283014589e+03
1.161710576647734115e+03
1.086983661896107833e+03
1.001073925787600842e+03
9.055662090474312436e+02
8.021876643939644964e+02
6.935985438827957523e+02
1.179658588539574794e+03
1.326554749641686158e+03
1.447646824273309221e+03
1.537749309885794673e+03
1.596157717156340368e+03
1.625380497605256323e+03
1.629462760122303052e+03
1.612603044149715060e+03
1.578470946182486387e+03
1.530371725973037428e+03
1.471975910983680251e+03
1.407919210542497240e+03
1.343665861542375524e+03
1.284651468701709064e+03
1.235251233264232042e+03
1.198040548227227191e+03
1.173406796487383644e+03
1.159475591053681228e+03
1.152582987235278779e+03
1.148537889152978096e+03
1.144331824128317976e+03
1.139322207886070146e+03
1.135063194760046827e+03
1.133903285941200011e+03
1.137342914504430155e+03
1.145185826120227603e+03
1.155837713105886678e+03
1.167378756406011462e+03
1.178713189271439887e+03
1.190164729799181032e+03
1.203200894057679079e+03
1.219449080511295051e+03
1.239604434450167446e+03
1.262874057683526644e+03
1.287162927565973860e+03
1.309689409144727733e+03
1.327604009206525006e+03
1.338442876562021411e+03
1.340426366855801234e+03
1.332518238004294290e+03
1.314122088056583834e+03
1.284592507704931677e+03
1.243060417781920933e+03
1.188864070535366182e+03
1.122213952517319967e+03
1.044378144940410948e+03
9.571665207239842630e+02
8.623080453991827881e+02
7.614724734710359826e+02
6.569521069517709293e+02
1.247397662951192387e+03
1.407129769435382059e+03
1.541061867017828263e+03
1.643314601079367094e+03
1.712816281366569910e+03
1.751996793182762985e+03
1.764913976883805844e+03
1.755737488780386002e+03
1.728098830717867486e+03
1.685345609338620761e+03
1.631266054845852295e+03
1.570585012910684554e+03
1.508751189195148754e+03
1.451114929344526900e+03
1.401994058989608448e+03
1.364006909869963692e+03
1.337715461441106527e+03
1.321569165371850659e+03
1.312355896491984595e+03
1.306341765336884919e+03
1.300779375959557683e+03
1.294954309200039916e+03
1.290066289929186496e+03
1.288012783490332595e+03
1.289891737048266805e+03
1.295158753068056740e+03
1.301872988818660133e+03
1.307793736368600094e+03
1.311639854089818073e+03
1.313759688886241065e+03
1.315806443993795483e+03
1.319638007432581617e+03
1.326168119025420083e+03
1.334861939636499756e+03
1.344008394156802979e+03
1.351352773177293557e+03
1.354628513940539051e+03
1.351870776750244886e+03
1.341607907000072373e+03
1.322907928002718563e+03
1.295156093966847266e+03
1.257675437850050230e+03
1.209608744182141663e+03
1.150331952045497701e+03
1.080084094760701191e+03
1.000159789222409358e+03
9.124212186521766625e+02
8.186482701043786392e+02
7.204622489924850015e+02
6.199272643585007927e+02
1.294192760617309204e+03
1.464088783522139238e+03
1.608492359085433463e+03
1.720913297857960742e+03
1.799913053257371530e+03
1.847784655221189041e+03
1.868555637407667064e+03
1.866405558474313239e+03
1.845041666781328331e+03
1.807956930724014001e+03
1.759053574306001792e+03
1.703006712032101404e+03
1.645025720647129447e+03
1.590143750104163701e+03
1.542437606811490923e+03
1.504469532628570050e+03
1.476993929089821677e+03
1.458931208223423027e+03
1.447753659518130462e+03
1.440400609244198677e+03
1.434478003143321530e+03
1.429120272339222311e+03
1.424957044410919707e+03
1.423180206695584957e+03
1.424312387936504592e+03
1.427465413492017888e+03
1.430546410983547275e+03
1.431276315467547647e+03
1.428389279953674077e+03
1.422260095373258082e+03
1.414559662300929858e+03
1.407179274872947417e+03
1.401142673123051964e+03
1.396153704673170978e+03
1.390882893194355120e+03
1.383588816099627138e+03
1.372619755726083440e+03
1.356644804235523225e+03
1.334695066331907128e+03
1.306068945884277127e+03
1.270101664387119172e+03
1.225939043383060607e+03
1.172606904589184069e+03
1.109487381137525972e+03
1.036864900713009320e+03
9.560105748815919924e+02
8.686772166132964230e+02
7.765125000152614803e+02
6.810323760628584751e+02
5.842045272672995679e+02
1.316471591235500910e+03
1.493058915065662177e+03
1.644691160927772444e+03
1.764459026439172931e+03
1.850628193371435145e+03
1.905345552500785061e+03
1.932611681605837475e+03
1.936672532430122374e+03
1.921365922187236720e+03
1.890296868143502934e+03
1.847338063400820374e+03
1.796924341401743504e+03
1.743866619746464949e+03
1.692776258117966563e+03
1.647416177509144291e+03
1.610244330426962051e+03
1.582214932094370170e+03
1.562803392558614178e+03
1.550288453452669501e+03
1.542363310911998497e+03
1.536973110503039379e+03
1.533000935841367891e+03
1.530368528835375400e+03
1.529442124836054290e+03
1.530125261503953197e+03
1.531276386070376702e+03
1.530886802704675574e+03
1.526935503668069259e+03
1.518374268439358275e+03
1.505606784578702218e+03
1.490160811105335597e+03
1.473775098138980411e+03
1.457471278304107500e+03
1.441127236526879869e+03
1.423689198903276747e+03
1.403762924048610103e+03
1.380178405251417189e+03
1.352247748390758488e+03
1.319660453173519727e+03
1.282137987936048376e+03
1.239078923875369128e+03
1.189463099128763588e+03
1.132169805278111198e+03
1.066569383156873755e+03
9.929642199810715510e+02
9.125051132973954964e+02
8.266601642063952795e+02
7.367732320372853110e+02
6.442008603973174559e+02
5.509186712494451967e+02
1.310433743504377844e+03
1.489367403892901393e+03
1.644143147598094174e+03
1.767741318120280084e+03
1.858269214339387872e+03
1.917729053053765711e+03
1.950059991558267257e+03
1.959548292263492385e+03
1.950102300058316814e+03
1.925298171821494634e+03
1.888790846738139180e+03
1.844633674693781813e+03
1.797200968998242615e+03
1.750708861997380382e+03
1.708616321819015411e+03
1.673235334123854045e+03
1.645657546806029586e+03
1.625867534402622823e+03
1.612915218261421387e+03
1.605195281288414662e+03
1.600923675268775924e+03
1.598682337360233987e+03
1.597681237039012558e+03
1.597502539460811249e+03
1.597516541392961472e+03
1.596477874674838404e+03
1.592681661771528297e+03
1.584597989681682975e+03
1.571538870376569093e+03
1.553925577584852135e+03
1.533017985089200465e+03
1.510267181280345312e+03
1.486606956829296905e+03
1.462017360030693908e+03
1.435588494858865715e+03
1.406065978167608364e+03
1.372551399517552227e+03
1.334887836655569572e+03
1.293457756846352595e+03
1.248555347823715692e+03
1.199827222099739402e+03
1.146227234404495903e+03
1.086536105883193159e+03
1.020063791731544825e+03
9.470187065657679568e+02
8.683090552741873580e+02
7.850331650655991780e+02
6.982056300738013306e+02
6.090505801276339071e+02
5.196039271639249364e+02
1.272163906817246243e+03
1.448343646060842048e+03
1.601621787274963935e+03
1.725202600977122074e+03
1.817163652951575841e+03
1.879308983817861190e+03
1.915372294478127060e+03
1.929516806222317655e+03
1.925558278839203467e+03
1.906889642828132310e+03
1.876839652887962529e+03
1.839061580945398646e+03
1.797560309521646332e+03
1.756245640404393953e+03
1.718309169935148930e+03
1.685869845604419652e+03
1.660038187980287603e+03
1.641141882572784652e+03
1.628814765494958692e+03
1.621991007018354139e+03
1.619084393542646012e+03
1.618427924307849025e+03
1.618667880057733328e+03
1.618775837387003776e+03
1.617741078023266255e+03
1.614351124421732493e+03
1.607344860299237780e+03
1.595807829239634657e+03
1.579471696824983383e+03
1.558744992774194770e+03
1.534531068543793481e+03
1.507904598941787754e+03
1.479655553102621298e+03
1.449832306602448170e+03
1.417623876626330002e+03
1.381829636688371011e+03
1.341683571512140588e+03
1.297388103653711823e+03
1.249877273672941556e+03
1.199984207213551144e+03
1.147702385001324501e+03
1.092118005025876073e+03
1.032002908926421924e+03
9.665558330337840971e+02
8.957550849211606874e+02
8.201765495389354328e+02
7.405864717206444539e+02
6.577905922111281143e+02
5.729641285952695853e+02
4.881739918755143322e+02
1.199309269114272865e+03
1.367139494767393899e+03
1.514025273123641000e+03
1.633662358739971751e+03
1.724170225474451399e+03
1.787038296968375562e+03
1.825552716370335020e+03
1.843479426934901539e+03
1.844325372513435468e+03
1.831196730772058800e+03
1.807106123916025581e+03
1.775384027429973685e+03
1.739750881298934701e+03
1.703868674488744091e+03
1.670690346175810191e+03
1.642133899577799184e+03
1.619246320627095201e+03
1.602502501943387870e+03
1.591839251831454703e+03
1.586483315595446584e+03
1.584970274364007537e+03
1.585522978574572335e+03
1.586492459232762940e+03
1.586498949927713284e+03
1.584314243483031760e+03
1.578826700367033482e+03
1.569231802507019893e+03
1.555216459025962422e+03
1.536900832003323103e+03
1.514642253803191807e+03
1.488952716367965877e+03
1.460501543380875319e+03
1.429914552628278670e+03
1.397316698958480401e+03
1.362051567372964882e+03
1.323043093731675981e+03
1.279650861919019690e+03
1.232276872959385400e+03
1.182134335596269466e+03
1.130362211194352994e+03
1.077240373547933359e+03
1.022086371898377365e+03
9.637800988432737768e+02
9.014243969617493804e+02
8.347026356976444958e+02
7.638343114922765835e+02
6.893407041891133531e+02
6.119486548276352096e+02
5.328193240479948827e+02
4.539306374050810291e+02
1.093614138398816294e+03
1.247482910700095317e+03
1.383072765516786603e+03
1.494779838257653182e+03
1.580840123500204527e+03
1.642343053459021803e+03
1.681890500427906773e+03
1.702550091528446728e+03
1.707289078773255369e+03
1.698854489881153995e+03
1.680002507941130716e+03
1.653823198639354359e+03
1.623773603426646105e+03
1.593243994935742194e+03
1.564955471054366853e+03
1.540683690929162140e+03
1.521435968210264946e+03
1.507711577552466906e+03
1.499480133819266030e+03
1.495991451603162204e+03
1.495816406844545781e+03
1.497227206680489417e+03
1.498586186583941981e+03
1.498448361294551432e+03
1.495518066602515546e+03
1.488777856843737027e+03
1.477761119389128908e+03
1.462597426645531868e+03
1.443674823109084173e+03
1.421271069622504456e+03
1.395563318041830598e+03
1.366892748844014022e+03
1.335764447564858983e+03
1.302405300075679179e+03
1.266377521514342334e+03
1.226833489246403815e+03
1.183305236384118189e+03
1.136274212408964104e+03
1.086951863020027304e+03
1.036485762002497268e+03
9.852893905786496589e+02
9.329415250072524941e+02
8.785481384866463941e+02
8.212105602271423095e+02
7.603628492093677096e+02
6.959126541436695561e+02
6.282058737028332871e+02
5.579364672307652881e+02
4.861995051665806500e+02
4.147253488317483630e+02
9.621914710634985113e+02
1.097361222766753144e+03
1.217297888373964724e+03
1.317284494551704938e+03
1.395817265745942450e+03
1.453624723847628957e+03
1.492511412510807759e+03
1.514627743419725448e+03
1.522203524921445705e+03
1.517552590886728694e+03
1.503210902629709608e+03
1.482067758245601453e+03
1.457277826335567397e+03
1.431871580642732397e+03
1.408299709972260871e+03
1.388249335095795686e+03
1.372758567416117330e+03
1.362320304727780467e+03
1.356778234003594434e+03
1.355225392413161444e+03
1.356214442583911477e+03
1.358200555342404868e+03
1.359812793383073313e+03
1.359788323085640741e+03
1.356891087196882154e+03
1.350152261590016678e+03
1.339244093501993348e+03
1.324478045398367385e+03
1.306321916456845202e+03
1.284956890885368466e+03
1.260365906487321581e+03
1.232745263171372017e+03
1.202592045193969398e+03
1.170259487775378830e+03
1.135526710668991655e+03
1.097790257782285607e+03
1.056752581684550933e+03
1.012887365732435114e+03
9.672222777068586765e+02
9.207091958173880357e+02
8.737599856501469731e+02
8.261867411733811650e+02
7.773776192054637022e+02
7.265297509686178046e+02
6.729358491258852837e+02
6.162886561547813926e+02
5.568203182414838466e+02
4.951974031931593458e+02
4.323953783636815160e+02
3.698028205536783162e+02
