1.991937279561010712e+02
1.878880324135479327e+02
1.798691108190066643e+02
1.753261066819904954e+02
1.687097120191015165e+02
1.531362329098529926e+02
1.258365237350219985e+02
9.049383953897675781e+01
5.450965753398509861e+01
2.301263008397125631e+01
-5.505450924852349992e+00
-3.746161838599640959e+01
-7.674190748980070964e+01
-1.177856307499479271e+02
-1.463200154222175229e+02
-1.485442362276849622e+02
-1.213805473030256081e+02
-7.479046090800123636e+01
-2.434014510084810468e+01
1.892771948991044084e+01
5.273338712728629929e+01
8.013080020135517145e+01
1.038626062585531713e+02
1.241512538107457573e+02
1.399950925860866278e+02
1.502025623413348683e+02
1.524855403078901475e+02
1.430703311980015258e+02
1.192691927705090364e+02
8.313147280661601712e+01
4.169859532837843119e+01
2.608866747202548186e+00
-3.072849959768363348e+01
-5.934708292804518948e+01
-8.446311678676221391e+01
-1.039213680302280096e+02
-1.133931888137837376e+02
-1.106262091614701575e+02
-9.771872001851022560e+01
-7.916102609138758339e+01
-5.835466278374880744e+01
-3.641625269906850093e+01
-1.364359183166640221e+01
9.038076907765034917e+00
3.037065022843442463e+01
4.955647211372036054e+01
6.569734367155533050e+01
7.644293054708822410e+01
7.822034332531099210e+01
6.881491685682891557e+01
2.316372233651236456e+02
2.221699084631962080e+02
2.116663262353422112e+02
2.009279595155573759e+02
1.877791859342168834e+02
1.690469647252739094e+02
1.432169614251263567e+02
1.120710674290195641e+02
7.969117567845951555e+01
4.890228144808484956e+01
1.806164103581600244e+01
-1.785128221177210150e+01
-6.116343513651278130e+01
-1.053863194575616689e+02
-1.359056235422262091e+02
-1.389708641455922304e+02
-1.120688893549918532e+02
-6.627681395922505203e+01
-1.826712032087834459e+01
2.060709435106436160e+01
4.869939047465480542e+01
7.009837125249464407e+01
8.866809632890495152e+01
1.061525636195121649e+02
1.234092314379842037e+02
1.400662097718065979e+02
1.520190689364228831e+02
1.515455070110914733e+02
1.328218256414986627e+02
9.808850243919398793e+01
5.705667633343669110e+01
1.919716838288529814e+01
-1.290229332896050352e+01
-4.197219770045493448e+01
-6.896135099329588058e+01
-8.945707501937971529e+01
-9.773805248926699107e+01
-9.290122493657133873e+01
-7.941894101020301378e+01
-6.204877299168889238e+01
-4.195493230173711652e+01
-1.851010678055900271e+01
6.566588120594786915e+00
2.880975038575859060e+01
4.498624770058249567e+01
5.615432553146339956e+01
6.573944509424644878e+01
7.493236230201031844e+01
8.094136552883990987e+01
8.002352173278207204e+01
2.448270886919478642e+02
2.323932424839011617e+02
2.169706166973690813e+02
1.997458524425250630e+02
1.814128555446765461e+02
1.619976586790180590e+02
1.409122377846561847e+02
1.177769902553588537e+02
9.297737649877673505e+01
6.663976119989270330e+01
3.685887978652531416e+01
1.546842988501762883e-01
-4.426183518804360517e+01
-8.955851656659493187e+01
-1.216798464579847803e+02
-1.273073551472004254e+02
-1.037286365546250408e+02
-6.153828846150148024e+01
-1.716404034061163131e+01
1.795458791030243972e+01
4.199505840409207735e+01
5.903787873445808998e+01
7.332438637553536864e+01
8.747760788884119165e+01
1.034351900553556476e+02
1.213687682284282516e+02
1.367615278225588611e+02
1.411336804820298596e+02
1.285848693968381156e+02
1.018768128980957215e+02
7.034676245119051430e+01
4.114194540171610015e+01
1.381077652108192844e+01
-1.549706488764257806e+01
-4.588100157653804700e+01
-7.001057272655712893e+01
-8.079729051030282960e+01
-7.774632548397157450e+01
-6.540652119992877545e+01
-4.701760535982622002e+01
-2.225184531827073542e+01
8.393333906352570040e+00
3.934843918080451175e+01
6.249180194919144071e+01
7.404272150839886990e+01
7.767966674154901341e+01
8.031780075487912995e+01
8.549615279637190213e+01
9.131267589997705159e+01
9.395317471666790254e+01
2.405164707608273034e+02
2.206647488472270311e+02
1.978445695459032265e+02
1.738001990237746099e+02
1.512616418946199417e+02
1.321659375610980476e+02
1.162126154816582755e+02
1.012901086613321411e+02
8.498220590626117144e+01
6.523222877318825397e+01
3.974514918248699047e+01
6.109373539049376411e+00
-3.546879340807065972e+01
-7.845848444716628478e+01
-1.101182888800024955e+02
-1.180350102799399536e+02
-9.891460211713629747e+01
-6.154701089592082752e+01
-2.057392423302152196e+01
1.323468513681009640e+01
3.741484384160356313e+01
5.473506549321805181e+01
6.832213171643411442e+01
8.036621945583934234e+01
9.299370627636096742e+01
1.069946269118844100e+02
1.190527933070697912e+02
1.227081387735889564e+02
1.142803621321909873e+02
9.719412267524121773e+01
7.841803126654353662e+01
6.048517863157782415e+01
3.911743298026303961e+01
1.003898226145948591e+01
-2.327158805331853131e+01
-5.070234031827628485e+01
-6.416428812879206589e+01
-6.318474563568921099e+01
-5.152126357972004911e+01
-3.080064927283785536e+01
-2.987845836180557102e-01
3.732155262214426017e+01
7.310499782598986940e+01
9.695144223625953828e+01
1.055290039603058148e+02
1.041247104981828642e+02
1.009190391335398687e+02
1.003535368661019049e+02
1.017416009874304876e+02
1.024578264048215885e+02
2.290979980137593657e+02
2.016967062742030805e+02
1.718929585551749142e+02
1.416320179536335786e+02
1.145587373406320353e+02
9.358987951144506212e+01
7.901913626873907504e+01
6.845406044972614268e+01
5.813804221385506565e+01
4.432416223294605118e+01
2.391456566905171854e+01
-4.958900652820299015e+00
-4.121085161315480860e+01
-7.859784795478317676e+01
-1.061450028931081562e+02
-1.133097307888688192e+02
-9.697237439374735857e+01
-6.389248826792251634e+01
-2.576756725242193724e+01
8.475858280512420961e+00
3.598094276794634538e+01
5.738341752142228103e+01
7.344817409374005024e+01
8.501475673817225243e+01
9.413409335747714124e+01
1.024873269008986512e+02
1.084634063303528251e+02
1.080449204868800877e+02
9.995211153208423127e+01
8.840186100697620475e+01
7.853498753293931145e+01
6.938948210919883763e+01
5.393435026009142064e+01
2.749143814794100038e+01
-5.177645951299608029e+00
-3.283480736475581807e+01
-4.719006447936985182e+01
-4.763530107093964006e+01
-3.701848881305610206e+01
-1.585713678304312779e+01
1.669002044797301210e+01
5.699087476858085211e+01
9.511422442695956647e+01
1.205943308496619863e+02
1.296636707798528505e+02
1.264472590684544002e+02
1.181222030185908807e+02
1.099196680774145420e+02
1.037697874091526842e+02
9.928773927391112863e+01
2.217652535870340671e+02
1.898970489104682997e+02
1.559634156294551417e+02
1.211336023930337262e+02
8.872775466626906393e+01
6.239254033547576483e+01
4.417010365552314965e+01
3.310932906407985854e+01
2.521350427265768701e+01
1.508593183701275464e+01
-1.656980828627173219e+00
-2.652981075256596455e+01
-5.718922310198382775e+01
-8.720651946378708885e+01
-1.075219023797916549e+02
-1.104550792009578117e+02
-9.433939149400465851e+01
-6.458267537357312449e+01
-2.958372125939093777e+01
4.566327465798010188e+00
3.541616229009996175e+01
6.156592141991236389e+01
8.101229441780802176e+01
9.292254872407984578e+01
9.936265384615700214e+01
1.031187292399151687e+02
1.039991765557197709e+02
9.940416407847210678e+01
8.934603389314710853e+01
7.886357012977681791e+01
7.307893629053832285e+01
7.022415313504326662e+01
6.206857623125098655e+01
4.258135446313860939e+01
1.505481367525269398e+01
-1.051921560038773684e+01
-2.612844106366216579e+01
-3.011874787137070442e+01
-2.366635767935742862e+01
-6.096149672257266339e+00
2.392106685896391483e+01
6.324781887740781627e+01
1.026449186855217874e+02
1.313572678986545554e+02
1.432292023553110312e+02
1.389895984897004553e+02
1.244123800354361862e+02
1.071128954489328038e+02
9.337538367216687618e+01
8.522749381772140964e+01
2.244006114983864677e+02
1.910331399141411737e+02
1.562133515207846415e+02
1.192625243865103499e+02
8.207031530542937503e+01
4.892520389329349939e+01
2.438753122442806998e+01
9.772289027097970759e+00
1.304908225832288160e+00
-7.789306370461065221e+00
-2.288176387527420985e+01
-4.489572538429363391e+01
-7.021018192079525022e+01
-9.234917644264614012e+01
-1.043156348945745009e+02
-1.015130749639905190e+02
-8.425046487870299927e+01
-5.740435321845898642e+01
-2.675300041019563579e+01
4.465140205789915662e+00
3.503249548313667816e+01
6.266038355938798077e+01
8.337431115899009626e+01
9.486886061845312668e+01
9.911561045034012807e+01
9.991739555634705994e+01
9.831073853500105031e+01
9.242784242046565168e+01
8.246325465117405429e+01
7.357207462059844261e+01
7.138365438939419505e+01
7.480624820622958282e+01
7.544494739014284335e+01
6.533978573338663409e+01
4.451300671486827554e+01
2.029432597467074118e+01
5.404392645911610948e-01
-1.077797667490413680e+01
-1.198638081214304485e+01
-7.830486657308882714e-01
2.463950819811553217e+01
6.155220753972230341e+01
1.010548034216971018e+02
1.313227121035850189e+02
1.432527160323115822e+02
1.348197886105386658e+02
1.122113344855892763e+02
8.703452506772811148e+01
6.995399890857716230e+01
6.397071520519642007e+01
2.326748281871061295e+02
2.000557039269308746e+02
1.674464565872254695e+02
1.316034571721225461e+02
9.240826339494708463e+01
5.448437914197691612e+01
2.444046115775241290e+01
5.331410772823021560e+00
-6.182336054764372868e+00
-1.693039085879463101e+01
-3.170558435370139350e+01
-5.039996854909507817e+01
-6.916025366001038321e+01
-8.287963009198796271e+01
-8.701857870270846718e+01
-7.927543274938700790e+01
-6.116451436721838775e+01
-3.747953137081278641e+01
-1.287555584249308716e+01
1.116152505185999999e+01
3.521411506902704502e+01
5.812696874410750780e+01
7.593500342005064851e+01
8.549052260345007426e+01
8.803752311913352457e+01
8.766057272084053409e+01
8.659801290703192933e+01
8.396423706934925235e+01
7.962712713387655583e+01
7.731708735288968626e+01
8.154261200842638857e+01
9.136889765019689946e+01
9.904715084289384208e+01
9.596075944042566164e+01
7.961827062947196509e+01
5.471461304492753897e+01
2.873931265901376264e+01
8.048039480186087502e+00
-2.432732124840111698e+00
1.547601187440411641e+00
2.198016856016220544e+01
5.546285035572986288e+01
9.218013195740336130e+01
1.190339275309824529e+02
1.256170678417195461e+02
1.099059978447484127e+02
8.032249879139439486e+01
5.180631231289919469e+01
3.688151371137785617e+01
3.743502370125470691e+01
2.350489243194680569e+02
2.055808819463408099e+02
1.774849256705952030e+02
1.452126716822008348e+02
1.073304231111427640e+02
6.871146155996737548e+01
3.666838989276023142e+01
1.452804675649992383e+01
-5.984396779502819674e-01
-1.391242910146085343e+01
-2.788340945224733147e+01
-4.130343749877260962e+01
-5.173089305575641106e+01
-5.711053193588389121e+01
-5.544749372420960754e+01
-4.526052872607606048e+01
-2.782602538950302673e+01
-7.963232118697051831e+00
9.197821410841479306e+00
2.244043416967202020e+01
3.439514771835992946e+01
4.707933520171132358e+01
5.877655496972994342e+01
6.620699325773298938e+01
6.884157579021872664e+01
6.961940225546979377e+01
7.159979473197986977e+01
7.549557917260946738e+01
8.107828487855941546e+01
8.942700369680450478e+01
1.018163343412840760e+02
1.162435232629953532e+02
1.265070534842547687e+02
1.258132724600046970e+02
1.113400620896379962e+02
8.549564689960473629e+01
5.399834969992385680e+01
2.390622287897597076e+01
2.842919471952568333e+00
-2.357348744894280479e+00
1.117377843166859641e+01
3.922494332306280285e+01
7.060367719888191118e+01
9.148526152408183520e+01
9.205235750964064323e+01
7.193160556770250480e+01
4.106657182415626295e+01
1.449151603003397781e+01
3.288880795878025509e+00
7.732977642317974798e+00
2.247275162982842858e+02
1.994621139977072914e+02
1.749059873870787101e+02
1.451848094200050241e+02
1.098161833135942800e+02
7.445673076915943511e+01
4.576065579820446061e+01
2.564609621138612283e+01
1.105926239499855512e+01
-1.311449056938412738e+00
-1.161045960139250610e+01
-1.829603648313391773e+01
-2.117729125703310800e+01
-2.116830341779363422e+01
-1.764301264702362460e+01
-8.440364329102726160e+00
6.275671626818266624e+00
2.150443221212681877e+01
3.076451976210307393e+01
3.226642963438105483e+01
3.060778453581426817e+01
3.182983978692990590e+01
3.761223323824656006e+01
4.495642635158322520e+01
5.073239065578616902e+01
5.523945295165096070e+01
6.136448653394222674e+01
7.155145382970481194e+01
8.623134159300425949e+01
1.041995851113537270e+02
1.231176193952473881e+02
1.395011776764811202e+02
1.492177627867714591e+02
1.487820896303557561e+02
1.363088576786230419e+02
1.116362450586746320e+02
7.678007373209283060e+01
3.732801637889959068e+01
2.864659936514660110e+00
-1.606546616142780337e+01
-1.377203288020087157e+01
6.233914560966113960e+00
3.220519304237954827e+01
5.018070230426574341e+01
5.117040079170329392e+01
3.529846152648847379e+01
1.092602123993261465e+01
-1.050828507964899572e+01
-2.101538419617349618e+01
-2.014718019745507149e+01
2.054728845409738085e+02
1.820867321556417551e+02
1.564178156328623288e+02
1.254167554249610248e+02
9.194720990565943453e+01
6.278250535975411850e+01
4.294622076995760551e+01
3.195916301582309416e+01
2.569746264582336792e+01
2.114774742792215179e+01
1.828138497942028451e+01
1.761490130311083391e+01
1.791755674599754045e+01
1.783138520995338894e+01
1.887391197987348335e+01
2.448909006246319819e+01
3.501300738736828322e+01
4.481811050204536429e+01
4.636838753081177344e+01
3.766149152477208162e+01
2.491383110133948620e+01
1.735877644755428761e+01
1.962205448812173003e+01
2.921456049930096555e+01
4.059744111014532564e+01
5.075455123689385317e+01
6.103108218741877522e+01
7.471074247209334374e+01
9.347043807767464330e+01
1.156662579655681071e+02
1.371987205289980238e+02
1.538708298497003284e+02
1.632805668382072497e+02
1.645795339008680287e+02
1.563716192577864490e+02
1.354947970211868267e+02
9.938471339174623154e+01
5.095636819954972196e+01
1.035638204457340450e+00
-3.564337872355608994e+01
-4.896647761224380702e+01
-3.976196309597829526e+01
-1.876977778476284087e+01
4.849828287547137684e-01
9.014128450500860978e+00
5.166094031192454139e+00
-7.173151511492243060e+00
-2.204913839904937589e+01
-3.425841406963702696e+01
-4.119066440197227763e+01
1.816470741344739110e+02
1.567754699515676862e+02
1.267525901006055449e+02
9.331339805587647618e+01
6.273094606353160430e+01
4.180013870936974030e+01
3.347971953377987120e+01
3.556287663976800673e+01
4.305420314435665574e+01
5.149752901569074481e+01
5.817891084381060551e+01
6.133974679915364447e+01
6.004294074615504684e+01
5.564751864470549236e+01
5.231716868083233152e+01
5.402102370319470737e+01
5.994665314991290472e+01
6.354211559916226548e+01
5.754433055251427476e+01
4.088517163051483294e+01
2.075140327827635645e+01
7.584828233309635515e+00
7.583776399302602833e+00
1.920767659089168689e+01
3.592457829335645414e+01
5.192941836883662887e+01
6.588354436103435319e+01
8.031029301641908091e+01
9.801609175432449206e+01
1.188838911811561303e+02
1.396535915650395623e+02
1.565527286086715719e+02
1.678776653209847041e+02
1.734780240039789021e+02
1.714285114989808108e+02
1.560322609378205527e+02
1.210309235080444239e+02
6.659993792576443639e+01
3.563462919568344045e+00
-5.051272716424313813e+01
-8.134071603306277609e+01
-8.594460936825068131e+01
-7.239022195542750637e+01
-5.270179470324750071e+01
-3.595794970562030102e+01
-2.641890103471789431e+01
-2.527189670548310119e+01
-3.181731639630180553e+01
-4.306091998101307894e+01
-5.448982875209985366e+01
1.475534135576485824e+02
1.220851977287140357e+02
9.145263663062679882e+01
6.102975400241244586e+01
3.766732324896295125e+01
2.608173908205217018e+01
2.765994888305455390e+01
4.086423556770616727e+01
6.162635726375666678e+01
8.366392487343290441e+01
9.995139204830839219e+01
1.057343180449973801e+02
1.013450662098813098e+02
9.219909943681103925e+01
8.514088968667464030e+01
8.343546554199997445e+01
8.425173096900441294e+01
8.079980434487389118e+01
6.766056084836658613e+01
4.535084562902684269e+01
2.080500841267465262e+01
3.506501564439957530e+00
-5.741795711628411639e-03
1.037292094753738070e+01
2.896371054925171151e+01
4.846183324164458384e+01
6.462093675790583802e+01
7.812835374501557339e+01
9.249364793981378341e+01
1.100555488748742761e+02
1.297859492632572085e+02
1.486302518196834228e+02
1.642782291612174390e+02
1.756114653488716044e+02
1.799179859788497424e+02
1.705528530487027012e+02
1.395462018626217855e+02
8.474190225119335196e+01
1.517181397366248596e+01
-5.151943246455397230e+01
-9.870803111986187162e+01
-1.196382450806717799e+02
-1.184693062559528727e+02
-1.043359483173080662e+02
-8.532437223367030299e+01
-6.714246181448206130e+01
-5.448524703025956484e+01
-5.058463004257131956e+01
-5.491238481122204718e+01
-6.349774335278470261e+01
9.353439708855594859e+01
7.405845821138900931e+01
5.219166073828912289e+01
3.363866939773016185e+01
2.256680670863191196e+01
2.056703476146197218e+01
2.898458945101501172e+01
4.946963567434618625e+01
8.056643365615545349e+01
1.145837265810868359e+02
1.401074307442311522e+02
1.493727381958707667e+02
1.436716047657274089e+02
1.314335661354392073e+02
1.209405718588525929e+02
1.144938298298789476e+02
1.084240551407704913e+02
9.736300718807841292e+01
7.839986351747231197e+01
5.275963298111681610e+01
2.547104079606407012e+01
3.812668113345706988e+00
-5.576881497193743265e+00
-3.343504130902993920e-01
1.573415005301080072e+01
3.486456431772612063e+01
5.069758087583839057e+01
6.249183095166081614e+01
7.450050640887955922e+01
9.126619482871166156e+01
1.133839480473332486e+02
1.374360899943781931e+02
1.592086500432770038e+02
1.759187503521216627e+02
1.847966099941494917e+02
1.803151091475969849e+02
1.549302515049593012e+02
1.048003038506319058e+02
3.575030429303977542e+01
-3.708849435399230288e+01
-9.699803900089617059e+01
-1.343971453358776387e+02
-1.493271771152847407e+02
-1.472183711585273898e+02
-1.339098188748838254e+02
-1.146259674094813334e+02
-9.516291164963755023e+01
-8.096458188126834443e+01
-7.428591344226124704e+01
-7.408211787770234480e+01
2.003933197063306437e+01
1.424320357909462054e+01
9.274749975793833201e+00
8.438286743722947847e+00
1.218951817543790561e+01
2.005417691392293378e+01
3.495325755001002932e+01
6.227382920015440249e+01
1.027446033695336212e+02
1.472828903951583470e+02
1.812235464586938463e+02
1.948906765486825634e+02
1.900106145021914870e+02
1.760416752804026146e+02
1.612789175914926716e+02
1.477929157068826669e+02
1.332124000226673104e+02
1.148446138976954529e+02
9.143877212542257382e+01
6.308543797159562416e+01
3.204531650770381646e+01
4.089471898147047924e+00
-1.297739196913732407e+01
-1.436174066130528004e+01
-2.549031249614810424e+00
1.415121221220083036e+01
2.826880887842041545e+01
3.901916408655933566e+01
5.193389025949347371e+01
7.291451534662741096e+01
1.024591203605577050e+02
1.351002936576799129e+02
1.637129715503345153e+02
1.837854933007117211e+02
1.934139420644289373e+02
1.899087400934691345e+02
1.680793560021931512e+02
1.236543438181215606e+02
5.916340503860622846e+01
-1.418245069453712937e+01
-8.158375129911351564e+01
-1.323844951437043846e+02
-1.635014691409606087e+02
-1.768187859963235837e+02
-1.752687739097555664e+02
-1.620989921263947053e+02
-1.421413398403086035e+02
-1.212036090217973907e+02
-1.035841862579229087e+02
-9.168764935962479967e+01
-6.039552001019740857e+01
-4.915590651319688931e+01
-3.484376990348718550e+01
-1.726516959870243184e+01
1.315086930212933103e+00
2.006646963436291387e+01
4.385635615466905790e+01
8.011251753767817263e+01
1.296583641552496999e+02
1.818660667622866640e+02
2.209206428021245472e+02
2.374935146013019107e+02
2.340502290765299733e+02
2.196392807673925631e+02
2.013936057315443406e+02
1.814354216974835197e+02
1.594409078495857557e+02
1.349511601592085412e+02
1.067700150732945588e+02
7.293369240571865930e+01
3.411864409272909171e+01
-2.948095680096224136e+00
-2.777407955972202558e+01
-3.374756986012253890e+01
-2.379343274735275671e+01
-7.793805381466728299e+00
6.128920228641137946e+00
1.820201403218404934e+01
3.559181381321491955e+01
6.485147433015487195e+01
1.052398844696945019e+02
1.483741332928367171e+02
1.837730403361025537e+02
2.049731553761954501e+02
2.109748778354714034e+02
2.026158972714534912e+02
1.786250606048304235e+02
1.362738442308185540e+02
7.613654273674180217e+01
5.371207515342799610e+00
-6.468173696357949609e+01
-1.243239237965174340e+02
-1.688624081713638532e+02
-1.972295251270956271e+02
-2.093378990760701299e+02
-2.059492726117459824e+02
-1.900753330687986704e+02
-1.666234693140687000e+02
-1.404423813509778824e+02
-1.161650605812940853e+02
-1.330574798383077564e+02
-1.071433453766252200e+02
-7.616245616446391864e+01
-4.243475134236975777e+01
-1.008798120634271811e+01
2.003647071599513652e+01
5.374833010929979338e+01
9.852967265125781182e+01
1.539518101159059142e+02
2.084686369089531013e+02
2.473168777404378034e+02
2.635678458991289403e+02
2.610810582000756881e+02
2.480042231240503554e+02
2.295805048020879156e+02
2.072200104868811081e+02
1.813628361291464728e+02
1.520871800339785125e+02
1.173876216613110728e+02
7.437664032414049586e+01
2.477630088652764684e+01
-2.158198367885884039e+01
-5.140953629634985589e+01
-5.786698891854904048e+01
-4.595544058226629858e+01
-2.766505972534190150e+01
-1.148846288697511753e+01
3.976561688331741173e+00
2.724983940994196985e+01
6.532105307350754231e+01
1.165517938816115731e+02
1.702774573093161621e+02
2.128085605955328106e+02
2.349714862365505610e+02
2.354757270478507110e+02
2.180892250006144764e+02
1.861977609609376429e+02
1.404696930655870801e+02
8.142833593821214322e+01
1.302806950080951331e+01
-5.735546060064908858e+01
-1.221974264625860656e+02
-1.762168067713043058e+02
-2.158801284202384636e+02
-2.383921736327696124e+02
-2.426037941698377836e+02
-2.303947548592257419e+02
-2.058822885064206218e+02
-1.734923044475768279e+02
-1.383885592432276042e+02
-1.879452575253442035e+02
-1.533489121986642942e+02
-1.110806254836393663e+02
-6.511216395469391216e+01
-2.161480112702488299e+01
1.753007821686869505e+01
5.793708354940339689e+01
1.067669475692782441e+02
1.630336476178103169e+02
2.154408512354065124e+02
2.509657381127260010e+02
2.649952349329395815e+02
2.625697416554738766e+02
2.512396060760916043e+02
2.347939467212078455e+02
2.134372605904491991e+02
1.867257607597681499e+02
1.538171766283274735e+02
1.122592705226875012e+02
6.034873469455079231e+01
2.703379027595210538e+00
-4.803040002013104726e+01
-7.791729043867391624e+01
-8.181254339088245331e+01
-6.690305250873558407e+01
-4.607116969770693515e+01
-2.734803962966655888e+01
-8.586710043551551763e+00
1.918100127270364297e+01
6.333799086476999918e+01
1.225181270257481856e+02
1.852600630711198448e+02
2.353249896969901158e+02
2.602710268384370238e+02
2.572095548870947255e+02
2.315814329505169553e+02
1.908485433580046902e+02
1.394084276683891801e+02
7.879190281759956349e+01
1.102817177839633800e+01
-5.952102699442875888e+01
-1.271575937147233049e+02
-1.862012813427364222e+02
-2.311920178082553150e+02
-2.574662201306018119e+02
-2.631574586964588889e+02
-2.504302848398171761e+02
-2.237405451289982636e+02
-1.872605505610320051e+02
-1.456237016897948422e+02
-2.203254589779416222e+02
-1.836532886042909638e+02
-1.368344219730834368e+02
-8.453400079666926104e+01
-3.508138684135330720e+01
7.812594914315736716e+00
4.927461557317445084e+01
9.711420599429666822e+01
1.513905105992364781e+02
2.016727948011626097e+02
2.353650036874462614e+02
2.478664520390464361e+02
2.441564456211385163e+02
2.320479813399300326e+02
2.157611037900626627e+02
1.952830249653394787e+02
1.688176225990444550e+02
1.339537762818421811e+02
8.824127036866141793e+01
3.216803258015728062e+01
-2.697305898686467174e+01
-7.588291748125070058e+01
-1.025602635625062504e+02
-1.043101762850421892e+02
-8.890425956668208585e+01
-6.784796200567140545e+01
-4.779512453970060193e+01
-2.665741685466799638e+01
3.727284673241131774e+00
5.073821910508929278e+01
1.139539489890263440e+02
1.822824481948220807e+02
2.380841087799848310e+02
2.665328388682260083e+02
2.634158631417762422e+02
2.350622702604374581e+02
1.912116030245626064e+02
1.381015947426966761e+02
7.754905977217985935e+01
1.062185305125387380e+01
-5.941690925335395690e+01
-1.272133284441734844e+02
-1.865346043191094623e+02
-2.309729420063474095e+02
-2.552387257607994968e+02
-2.576464312994503416e+02
-2.413157377398735832e+02
-2.118654998425838585e+02
-1.740356197304225248e+02
-1.319212991961935586e+02
-2.318725858718024710e+02
-1.973753284374081431e+02
-1.519274363061782935e+02
-9.985507936207636703e+01
-5.062126492522592969e+01
-9.292202690072338456e+00
2.898800956541241192e+01
7.322411108186371109e+01
1.252605325192392343e+02
1.754896412517072122e+02
2.102421968459443917e+02
2.226961596052869083e+02
2.164982006313530576e+02
2.004274813895022191e+02
1.811282248745691277e+02
1.600642681827353897e+02
1.345873046646294426e+02
1.003455626821457400e+02
5.426562194400486305e+01
-1.823093856058449758e+00
-5.924197094846892497e+01
-1.053385280243065552e+02
-1.303473867984753269e+02
-1.328775460774868407e+02
-1.195119383114722211e+02
-9.932838266277242667e+01
-7.782568180192521368e+01
-5.390189328814405201e+01
-2.105429289254595204e+01
2.751810721542754123e+01
9.196932572277535201e+01
1.617579286230291586e+02
2.191740404018666482e+02
2.493426458432092261e+02
2.487150715089331925e+02
2.245460022651842280e+02
1.866218720652958325e+02
1.399699509093612448e+02
8.487939998059695768e+01
2.184321409354038579e+01
-4.520389314492694410e+01
-1.098404899877789518e+02
-1.653625099206334426e+02
-2.056587896359882848e+02
-2.259320354431950477e+02
-2.247580423614451490e+02
-2.055898820199952581e+02
-1.749892822804788182e+02
-1.389566269004730827e+02
-1.018168009814958168e+02
-2.310306735524293060e+02
-1.986002757890965142e+02
-1.568687398260076691e+02
-1.092020437293468831e+02
-6.435343701599308019e+01
-2.736414541833210379e+01
6.330295315934569622e+00
4.605873057200270182e+01
9.490623366236657432e+01
1.443305249117378253e+02
1.800424627869632275e+02
1.929181974564749567e+02
1.846420053135489923e+02
1.644506554088142707e+02
1.416164847944619396e+02
1.199070115620654349e+02
9.655987357585689779e+01
6.514691953700290128e+01
2.074029422477934759e+01
-3.513627971228281410e+01
-9.321901321834903342e+01
-1.406021600611854865e+02
-1.676349006026962911e+02
-1.724936946841878296e+02
-1.605222816321408743e+02
-1.397218616186223414e+02
-1.156742147658559787e+02
-8.834450226760236546e+01
-5.233594003765057323e+01
-1.507438033049442572e+00
6.387226777560101709e+01
1.330949331656527477e+02
1.892268052147662445e+02
2.195145151078119454e+02
2.228956835721156722e+02
2.075771383361773985e+02
1.817468853175510048e+02
1.472927958573004048e+02
1.020283028341294909e+02
4.608604661018138415e+01
-1.527344235341729473e+01
-7.429093787386021575e+01
-1.242033868264593366e+02
-1.599395127672957813e+02
-1.775745770455301056e+02
-1.754928281239591570e+02
-1.564279753789113840e+02
-1.270734138022781252e+02
-9.480086618657203701e+01
-6.495526442667362232e+01
-2.271365846931027761e+02
-1.930726055255099993e+02
-1.534523028065631536e+02
-1.108181344962626582e+02
-7.159519527784327408e+01
-3.935111532883229302e+01
-1.006395713622643839e+01
2.435425284945639746e+01
6.718284284943960927e+01
1.117742692880583490e+02
1.454194795699958433e+02
1.583904470982695614e+02
1.501676316334346382e+02
1.285913475785061735e+02
1.038013890124466201e+02
8.161677408021822089e+01
6.021519702103428529e+01
3.196059739158420498e+01
-1.035370838825538087e+01
-6.667274372092511214e+01
-1.274165192435661140e+02
-1.780222227809588844e+02
-2.070716789709736929e+02
-2.119709046746993408e+02
-1.985942859214661667e+02
-1.760585156778120961e+02
-1.504723795769784829e+02
-1.212809704023549671e+02
-8.240656224702478028e+01
-2.817505216803217394e+01
3.950616833715475451e+01
1.087939640813723656e+02
1.638024927100302932e+02
1.946892877930914949e+02
2.029353091531095004e+02
1.969513190184734697e+02
1.828868020249778965e+02
1.600984796251201487e+02
1.249345509302737298e+02
7.734753489623408029e+01
2.295681244144127220e+01
-3.033967880705729314e+01
-7.612435808135099080e+01
-1.098927611832904461e+02
-1.278953411650948766e+02
-1.278311117643511068e+02
-1.112368270149793545e+02
-8.423432974931290573e+01
-5.495493433274377537e+01
-2.989743271553180648e+01
-2.236719963088629015e+02
-1.842369496147918255e+02
-1.437821668910063124e+02
-1.046506618484139892e+02
-7.037145152821997840e+01
-4.222291152059420938e+01
-1.676076608985800931e+01
1.190830835610446492e+01
4.649090606942989012e+01
8.280489921278105214e+01
1.115360512013219960e+02
1.239709228462837558e+02
1.173224677575826576e+02
9.624181159933421270e+01
6.976999500519379183e+01
4.536808649338577482e+01
2.356760595430706573e+01
-2.596704334572733863e+00
-4.177296846061591395e+01
-9.576717650469153398e+01
-1.553470590673622951e+02
-2.045891781484218370e+02
-2.307338432918114677e+02
-2.316841050597435867e+02
-2.154734045554003501e+02
-1.927991130127045381e+02
-1.688143855819561452e+02
-1.401715416947019719e+02
-9.905943974115584183e+01
-4.107793577422264519e+01
2.892121888055177337e+01
9.773505200890134859e+01
1.512305709458085801e+02
1.825923901077282778e+02
1.946705011665356153e+02
1.948720494251911930e+02
1.878227572492801869e+02
1.725504204515970912e+02
1.457725551716761458e+02
1.068630092656779880e+02
5.956028856094328461e+01
1.001650526685394915e+01
-3.558505257709281722e+01
-7.166593186402721471e+01
-9.321321729155401670e+01
-9.697192336516835098e+01
-8.352518340221031679e+01
-5.800808167817395855e+01
-2.818694334546071545e+01
-1.189260587415548853e+00
-2.187629149878016790e+02
-1.736249442887460646e+02
-1.307907642987830457e+02
-9.302030911131340929e+01
-6.174206570591285725e+01
-3.628148355891830334e+01
-1.361317737973807418e+01
1.010704548108493661e+01
3.677888052373729266e+01
6.432352236764015174e+01
8.687900477505505137e+01
9.731995924455458180e+01
9.109613212035226582e+01
6.949387725621190270e+01
3.977399933755395978e+01
1.075946819143848998e+01
-1.384997434982707354e+01
-3.875023574809059568e+01
-7.271648101882382775e+01
-1.192727496861427170e+02
-1.706786017738419901e+02
-2.115884557092858813e+02
-2.299082241092904155e+02
-2.252758427686525522e+02
-2.075972476130106372e+02
-1.873135164819377110e+02
-1.664406100552571957e+02
-1.380792102905410843e+02
-9.402707690046959499e+01
-3.329759206641876546e+01
3.549086811152440646e+01
9.899429277512825820e+01
1.466717426759822729e+02
1.752823513272267633e+02
1.880709012933068038e+02
1.905403118373873781e+02
1.863728326573306049e+02
1.758242753642265370e+02
1.566987064930360418e+02
1.266828305166200863e+02
8.569219980228588440e+01
3.723120296039595445e+01
-1.184206606993375210e+01
-5.315348493182595035e+01
-7.944412523245053137e+01
-8.674348680619084462e+01
-7.523872491148705421e+01
-4.884764113332739299e+01
-1.397693557046814661e+01
2.212610455548306021e+01
-2.089710568060324931e+02
-1.617236117054021634e+02
-1.173458808938349023e+02
-7.927932208134288317e+01
-4.851831414280432853e+01
-2.380436107540134927e+01
-2.566822199851921837e+00
1.772538274760121979e+01
3.833113087338908542e+01
5.835723223613092614e+01
7.430172130036497435e+01
8.063067399202100205e+01
7.228412241300740959e+01
4.852810172222560681e+01
1.508509163317144264e+01
-1.866892473950379383e+01
-4.655826494194501919e+01
-7.062439850339070802e+01
-9.859793339081259944e+01
-1.350227914974272494e+02
-1.744092379741901482e+02
-2.039211195037969162e+02
-2.138086098243203992e+02
-2.054388518554468988e+02
-1.887222186032403499e+02
-1.715274107343439880e+02
-1.519430014738734087e+02
-1.210771179217501725e+02
-7.305700884555972152e+01
-1.196649594298406427e+01
5.045443418334879482e+01
1.028494631102233399e+02
1.399997185497159649e+02
1.625525573648402826e+02
1.736306956814540285e+02
1.765723111274879500e+02
1.742853822586316710e+02
1.681215987959469373e+02
1.561417449704566707e+02
1.334904891337821766e+02
9.638043550219377664e+01
4.685131124445134532e+01
-6.312061587005242558e+00
-5.163315195151027126e+01
-8.028882769202751035e+01
-8.847475581532205524e+01
-7.635588643550912025e+01
-4.647650443871576442e+01
-3.685440032181869885e+00
4.443224196859203801e+01
-1.898355236454202100e+02
-1.455530964045083806e+02
-1.024419080134710924e+02
-6.435623173029314614e+01
-3.311504263580749807e+01
-8.213473806056507343e+00
1.218174968990963514e+01
2.982779540149968511e+01
4.556586575720081100e+01
5.900807276234547061e+01
6.816221022005633756e+01
6.927098937005314383e+01
5.815075075518684855e+01
3.337326512459384986e+01
-1.030467935231232035e+00
-3.679655560496897948e+01
-6.699274173382495690e+01
-9.129926487261681700e+01
-1.152399718042960757e+02
-1.431297647786872744e+02
-1.716768752666195894e+02
-1.915422904828822936e+02
-1.959376476809087535e+02
-1.870953668999357546e+02
-1.731049639706462813e+02
-1.582654859017272315e+02
-1.377986529525235539e+02
-1.031716333818235398e+02
-5.232187475385654096e+01
6.365058183949299675e+00
6.018638000490351914e+01
1.011596067190288437e+02
1.288698027083222541e+02
1.464131221613317564e+02
1.561429888031694304e+02
1.597097155654617211e+02
1.595684014159308219e+02
1.573282966052383642e+02
1.501207071136691695e+02
1.307854852405490931e+02
9.396728627163740555e+01
4.261966881043731092e+01
-1.201251884291803229e+01
-5.695859700698538575e+01
-8.391992108287762164e+01
-9.016048077382451709e+01
-7.555043869884072194e+01
-4.109186009011188645e+01
9.185529278034930911e+00
6.631427999721437061e+01
-1.574537291878242513e+02
-1.193860877448984326e+02
-8.078026624819024448e+01
-4.526749275961971364e+01
-1.538713856821802928e+01
8.372396974482498422e+00
2.689084431569021660e+01
4.111595760934388011e+01
5.146206107080735848e+01
5.796258864725280091e+01
6.022674659587999457e+01
5.684505563235255465e+01
4.532418440017087136e+01
2.377273428073142369e+01
-6.467062115829305569e+00
-4.011968780746929042e+01
-7.102743646534217703e+01
-9.666568220316968052e+01
-1.192601492182882907e+02
-1.416768042263462348e+02
-1.624268658971008392e+02
-1.759406070164919242e+02
-1.783665087344587334e+02
-1.719753169749411370e+02
-1.621445843099682804e+02
-1.498824831232534223e+02
-1.291161514673722763e+02
-9.298596182958523571e+01
-4.252682649512292556e+01
1.219460067355478650e+01
5.974958932013814916e+01
9.511364750982905036e+01
1.197845412787559525e+02
1.364405229814300071e+02
1.460037437202115314e+02
1.496652805526826739e+02
1.504948657132336223e+02
1.501247473836022266e+02
1.442590170250116728e+02
1.243090710331466511e+02
8.550506328738926243e+01
3.320542417215966680e+01
-1.959247222661650056e+01
-6.065587844083950841e+01
-8.389144241432146032e+01
-8.764468628899918201e+01
-7.075637439210494506e+01
-3.282373472879099552e+01
2.161823208585274969e+01
8.105806902261056734e+01
-1.143038723674514472e+02
-8.226197853924098524e+01
-4.973950820358040659e+01
-1.967816253024890827e+01
5.724565179337166576e+00
2.574150835527239067e+01
4.033957008099522312e+01
4.931526762265598052e+01
5.250598641839606273e+01
5.068570312675354472e+01
4.570902130016899179e+01
3.911132041134490578e+01
3.027682417033944517e+01
1.643767405266687121e+01
-4.685767045120930341e+00
-3.190751925133469413e+01
-6.065334940039560507e+01
-8.641845579355137374e+01
-1.078434121433453328e+02
-1.259023986789927960e+02
-1.406140475581965177e+02
-1.500015506676558914e+02
-1.528525651629451545e+02
-1.510435234850567667e+02
-1.470851837502318915e+02
-1.391961112386463526e+02
-1.208070715079025490e+02
-8.676889668859766402e+01
-3.981872354494592514e+01
1.035993101529505367e+01
5.454364402341797557e+01
8.936524376555124149e+01
1.155594003133802232e+02
1.333900822473380288e+02
1.422565975374709524e+02
1.440739137855202898e+02
1.435491459175602245e+02
1.426633659682068185e+02
1.359528263347930874e+02
1.141133482598411746e+02
7.359596830237083509e+01
2.183557436470729129e+01
-2.761930396904364926e+01
-6.420248155028379244e+01
-8.386019996955886313e+01
-8.532323302830867817e+01
-6.646261136745290798e+01
-2.670002312971400471e+01
2.756677985419880628e+01
8.220411247956737100e+01
-6.979279693684925689e+01
-4.182801911221722690e+01
-1.517568684222484521e+01
8.053779669568623234e+00
2.692263922437674140e+01
4.123437158043508077e+01
5.027568767740928735e+01
5.264286112419858910e+01
4.764369827599533380e+01
3.699539567306850785e+01
2.493370510199077117e+01
1.585136846821324319e+01
1.083754193547284572e+01
6.280385636059047982e+00
-3.411829153187998287e+00
-2.088463211153247556e+01
-4.339833629624576616e+01
-6.531056311689354743e+01
-8.263482932706131123e+01
-9.488698747566587599e+01
-1.032870540709026130e+02
-1.087857736082575570e+02
-1.123672391582829135e+02
-1.155709225992695792e+02
-1.184252726348535276e+02
-1.166767311775173823e+02
-1.032056851165847604e+02
-7.412470968629209267e+01
-3.331441061787159441e+01
1.018935262114880658e+01
4.918109977864877891e+01
8.161673328821527207e+01
1.074614827313250203e+02
1.249370876514119715e+02
1.321525334279812398e+02
1.314025354976184872e+02
1.284536510738564061e+02
1.256624671108364169e+02
1.172525647045164732e+02
9.398325950122736572e+01
5.317229024873871168e+01
3.053369111598006835e+00
-4.301865535759279879e+01
-7.535538162014159980e+01
-9.046773096117628654e+01
-8.723110244579052619e+01
-6.430990028427430616e+01
-2.326199581638612912e+01
2.704694929831670791e+01
7.166702762913081415e+01
-3.081668728739191820e+01
-6.986052155661469421e+00
1.299524523316258495e+01
2.835439328251761992e+01
3.974384043723004112e+01
4.759765350338064849e+01
5.075811309273062477e+01
4.709479426958324666e+01
3.567954321271913898e+01
1.877831410549214297e+01
1.909165847214481460e+00
-8.857849091301453370e+00
-1.112643193700304778e+01
-8.508463481200399414e+00
-8.207787602818955364e+00
-1.523374848727583952e+01
-2.847573613342565224e+01
-4.232922752446120995e+01
-5.178606350262611357e+01
-5.571642758286634489e+01
-5.613748852689944613e+01
-5.599582892440373882e+01
-5.807927321415094468e+01
-6.415189819967518758e+01
-7.272792300485650685e+01
-7.758593548400098427e+01
-7.079758494198068774e+01
-4.924764589322870734e+01
-1.797852052041502446e+01
1.404609862248406316e+01
4.137976287330648262e+01
6.432796546118086667e+01
8.426179105696182603e+01
9.918229060610485703e+01
1.057684958398590567e+02
1.045818733573694601e+02
1.002005548883461046e+02
9.491886681926494873e+01
8.406585918318975814e+01
5.990029058077543311e+01
2.046604818665149139e+01
-2.647102111193007445e+01
-6.833134157584962054e+01
-9.538204805144026466e+01
-1.035620178296994283e+02
-9.237177195097760318e+01
-6.335752470991570817e+01
-2.178883352003722607e+01
2.190992346105058175e+01
5.497839012552841353e+01
3.763633745139585152e+00
1.971315200225428299e+01
2.942319806382671743e+01
3.478592783828013069e+01
3.801889723807796173e+01
3.962741668220337488e+01
3.797350607843334558e+01
3.071731237983552987e+01
1.687174581555786546e+01
-1.632215457321755991e+00
-1.970137094258110011e+01
-3.111885625515135345e+01
-3.255808171029410403e+01
-2.656329708111373122e+01
-2.000400802787746457e+01
-1.851632503102691629e+01
-2.203230961035755442e+01
-2.570883497991718158e+01
-2.481280334071206539e+01
-1.839400904844805495e+01
-9.118546574676333449e+00
-1.219488863915246135e+00
1.089633004952181849e+00
-4.677954534934379183e+00
-1.662222358754103269e+01
-2.744761887066924189e+01
-2.852377257130756760e+01
-1.699927544239384503e+01
1.360978410199122246e+00
1.765169273598366217e+01
2.815998667752540996e+01
3.630650848094283134e+01
4.649658458276265804e+01
5.788819728744680759e+01
6.551719488966278959e+01
6.635796811028642139e+01
6.186533218763169373e+01
5.395685612875665527e+01
4.046509553658409430e+01
1.668325614198185392e+01
-1.847699876137820496e+01
-5.894321922498518518e+01
-9.425867045109532683e+01
-1.152038444431264992e+02
-1.171158223759323960e+02
-1.000466421548983078e+02
-6.814627608150411220e+01
-2.922751937887075968e+01
6.858240323329075849e+00
3.156094779170744857e+01
3.497110002676006246e+01
3.886229292770318722e+01
3.493169417711079205e+01
2.890667297220593568e+01
2.431045846381704933e+01
2.097251353214335623e+01
1.640543507579278781e+01
8.030367500857035878e+00
-5.427494980744556052e+00
-2.302695289031689896e+01
-4.087891870498537372e+01
-5.309196784631919286e+01
-5.537860094767442831e+01
-4.872126172068221450e+01
-3.884095330775747357e+01
-3.110975378996830898e+01
-2.589921472476353514e+01
-1.913593822220157037e+01
-6.984207210955974965e+00
1.051687316736131450e+01
2.965978155335433541e+01
4.525733688649897601e+01
5.241801239061336304e+01
4.834691934511419475e+01
3.490256045728232692e+01
1.939354183409420074e+01
1.043203480959077289e+01
1.097508939361368618e+01
1.573270341893821467e+01
1.678624090339737052e+01
1.196737660311554308e+01
6.760264149543057322e+00
7.729250853391426368e+00
1.520458709584106849e+01
2.323625774932902033e+01
2.576985668053771050e+01
2.125649781917625347e+01
1.122687656719712201e+01
-3.730584825237306834e+00
-2.489279428137394490e+01
-5.252490095038417195e+01
-8.321970982754076829e+01
-1.104264302004170446e+02
-1.272085906337692052e+02
-1.288687852300805048e+02
-1.145445744533052590e+02
-8.779227133566601537e+01
-5.561011068790818257e+01
-2.563723971286898973e+01
-3.031550506869861383e+00
5.638480673390760955e+01
4.887249376770520826e+01
3.268987842817512757e+01
1.697130407551255615e+01
6.243984443152443831e+00
-3.829175594946216954e-01
-6.373361051577382419e+00
-1.501921488214813039e+01
-2.839928068816249151e+01
-4.653444050005339250e+01
-6.603575497613853429e+01
-8.051606006015551031e+01
-8.446410953978862324e+01
-7.768791827921128856e+01
-6.526750310462368532e+01
-5.238606554599410003e+01
-3.947479884435825426e+01
-2.288216927290077507e+01
1.562491070845932750e-01
2.793911758240522758e+01
5.515702032871588756e+01
7.592531980389060209e+01
8.581695498061615979e+01
8.292416320126781670e+01
6.923388975956386560e+01
5.101345924568870061e+01
3.566960055639026450e+01
2.635317608719612892e+01
1.980013485999386447e+01
1.061640002135358607e+01
-2.113243492776066823e+00
-1.326245965973186358e+01
-1.697963929310488851e+01
-1.289518688689375203e+01
-6.608455405240380109e+00
-4.689960978992124829e+00
-1.003245064388252672e+01
-2.163968570029904370e+01
-3.737344284608676048e+01
-5.590817931912926753e+01
-7.655796226253688985e+01
-9.828466068058506266e+01
-1.190631110449350984e+02
-1.356369861797084013e+02
-1.438602723712439229e+02
-1.402743706755412063e+02
-1.244287611845903569e+02
-9.986549971560313566e+01
-7.237266672462702388e+01
-4.679438058710551473e+01
6.222294072641696516e+01
4.985114749381289556e+01
2.709075650215644515e+01
4.663400035818590972e+00
-1.151287007815063923e+01
-2.161287532757713592e+01
-2.928945948341357308e+01
-3.885931859222537099e+01
-5.365009491476665460e+01
-7.425322653804967388e+01
-9.676306925710267137e+01
-1.136831791122940984e+02
-1.186522577799997009e+02
-1.112207417804318510e+02
-9.644353743121521916e+01
-7.929251847651710250e+01
-5.992796455287091817e+01
-3.494676967631860265e+01
-2.768699254334903603e+00
3.305970478746072416e+01
6.569675507814183391e+01
8.908672783031853726e+01
1.001400989018488303e+02
9.854417797413688618e+01
8.633542228119273432e+01
6.778844778881598643e+01
4.808573409094015005e+01
3.060856368735206701e+01
1.548326541936643608e+01
1.406605293902028597e+00
-1.117718777383222140e+01
-1.945609414129442527e+01
-2.111356533544040204e+01
-1.738831959720754128e+01
-1.293496630901240607e+01
-1.286116453567859175e+01
-1.998224533195377717e+01
-3.416353057030079299e+01
-5.315527640585705171e+01
-7.384144425896650432e+01
-9.373146037129347974e+01
-1.123221918547995841e+02
-1.308844416121753795e+02
-1.499384428158258515e+02
-1.664707781383301324e+02
-1.742828509389041756e+02
-1.681345651706410820e+02
-1.481125786552489103e+02
-1.199251743421469740e+02
-9.072536271273443731e+01
5.782899312601613673e+01
4.818259321459013478e+01
2.365842763492626233e+01
-4.816299452191890040e+00
-2.854182995758746699e+01
-4.473898020325282943e+01
-5.604322774392871764e+01
-6.771071629711474316e+01
-8.426854248747235943e+01
-1.064066845365851464e+02
-1.295512089943671867e+02
-1.459969530507272850e+02
-1.499975622806171884e+02
-1.416154892921838382e+02
-1.254172303440483489e+02
-1.052532771753994325e+02
-8.075580070325067084e+01
-4.927861247902211517e+01
-1.080317385277105657e+01
2.978941157546688956e+01
6.527737861568827782e+01
9.032014377208363953e+01
1.031908544207456657e+02
1.045159939570238521e+02
9.562653636964614634e+01
7.835592705304769368e+01
5.559401237432172138e+01
3.121405471945716670e+01
9.277885664586126069e+00
-6.764234694343659093e+00
-1.472280643029380620e+01
-1.441869075805708533e+01
-8.149853109306373966e+00
-9.971062918382234130e-02
5.164136354526888795e+00
3.953142042974706616e+00
-6.074861109968169082e+00
-2.547919559502845033e+01
-5.213851673287488353e+01
-8.120075417025780951e+01
-1.074926612366988792e+02
-1.292303325936078124e+02
-1.491268148286411872e+02
-1.706242172802593586e+02
-1.923274911584152846e+02
-2.067240861029887355e+02
-2.055635217885780150e+02
-1.871599503241760374e+02
-1.582611562286614344e+02
-1.283759429530440741e+02
5.326123479475877787e+01
4.954985929227544261e+01
2.435008519739616517e+01
-1.107515568703491304e+01
-4.412075408521803155e+01
-6.823570029855781627e+01
-8.492089307023503864e+01
-1.001422046163820312e+02
-1.186630263052853422e+02
-1.403026002427561139e+02
-1.601756088313492796e+02
-1.722117622432438111e+02
-1.731069277542904672e+02
-1.636451162264959294e+02
-1.465964695148882413e+02
-1.235315000525455673e+02
-9.385835026730218544e+01
-5.696020855708090380e+01
-1.496231171539090710e+01
2.694033105989499788e+01
6.293714299556580016e+01
8.931626385200071638e+01
1.050119822627053168e+02
1.101234815543724181e+02
1.045179747664057288e+02
8.813659705275512124e+01
6.265374044118547658e+01
3.279651612972571684e+01
5.829518402063780691e+00
-1.101517191328735024e+01
-1.388324656990250006e+01
-4.283408275546465305e+00
1.178320995055375064e+01
2.694561928619598845e+01
3.538970836052777003e+01
3.363656669157358436e+01
1.980144756559821673e+01
-6.379102341631445405e+00
-4.205753622439789297e+01
-8.068866143127280566e+01
-1.149179859925637999e+02
-1.415850148882592237e+02
-1.637636510253834956e+02
-1.865835476332351561e+02
-2.101806055566075599e+02
-2.272731113999391255e+02
-2.288706129180902167e+02
-2.128644242893975900e+02
-1.864269171151259741e+02
-1.593304597906066533e+02
4.871581968583832634e+01
4.943950139331299454e+01
2.351513171953024539e+01
-1.679401087512590962e+01
-5.588415468456597068e+01
-8.539771763616312228e+01
-1.071433798673945574e+02
-1.274238502160682600e+02
-1.493947685030430250e+02
-1.704270126422379690e+02
-1.853886173724494597e+02
-1.911791818253839210e+02
-1.879574737761999188e+02
-1.769547622538843825e+02
-1.582054558972899940e+02
-1.307587741882626347e+02
-9.471755840491638878e+01
-5.263367998811083481e+01
-8.895837983301767338e+00
3.205472500560729543e+01
6.701096980744175369e+01
9.404204648478054196e+01
1.117763774023036945e+02
1.187889601588234427e+02
1.136544196041023298e+02
9.586516176814957646e+01
6.738734756717674657e+01
3.389634276378698985e+01
4.223909313498371176e+00
-1.270426699259719427e+01
-1.215210223207664519e+01
3.772482916135430742e+00
2.717470941818811525e+01
4.838900237780660518e+01
5.990928335229991575e+01
5.778887887351784514e+01
4.091488563654347388e+01
1.045767427067186262e+01
-2.946980946467720130e+01
-7.172469629061997409e+01
-1.088753795591694313e+02
-1.377572227631871442e+02
-1.613854868813355097e+02
-1.850898232623417243e+02
-2.097218227016234948e+02
-2.290082892794789586e+02
-2.346989235132416809e+02
-2.246455209761421088e+02
-2.049311586648365733e+02
-1.833246314557003700e+02
3.444704107288229267e+01
3.722769500501032525e+01
1.280180075588145527e+01
-2.588050417609759535e+01
-6.310552673149536673e+01
-9.198845950074003497e+01
-1.160679626159385407e+02
-1.411064297978945490e+02
-1.669355140071669723e+02
-1.875972339271084763e+02
-1.979363392777568436e+02
-1.981404272215217759e+02
-1.914607859198972335e+02
-1.789275794522831404e+02
-1.578506819704155077e+02
-1.255729320622526899e+02
-8.361031687329712270e+01
-3.746467732398065209e+01
7.108477327716735239e+00
4.692497981775836280e+01
8.081965040598319661e+01
1.074527591092638659e+02
1.243955729489431548e+02
1.290909426892854412e+02
1.201952465478089636e+02
9.830600165279975045e+01
6.650153940484716486e+01
3.095518005485308421e+01
5.201692170022335082e-01
-1.593012765525417507e+01
-1.364425069505293031e+01
5.132316620756633085e+00
3.188584978066600684e+01
5.584451348017452688e+01
6.853142191601467914e+01
6.611406165281559311e+01
4.899362338957588037e+01
2.023838243230503053e+01
-1.545878621214921722e+01
-5.241594279451894778e+01
-8.554069740082920248e+01
-1.129043432254420338e+02
-1.368783381865782189e+02
-1.614521880167912116e+02
-1.872381658341232367e+02
-2.093016165066698306e+02
-2.209825380649895408e+02
-2.201597104139030137e+02
-2.107682221942855278e+02
-1.974178878761277645e+02
4.468169231289115473e+00
8.755433563108844908e+00
-1.010322696074239168e+01
-3.991843494441375384e+01
-6.782347865011654164e+01
-9.032357572545831204e+01
-1.124009774067914691e+02
-1.380126949748592438e+02
-1.634568820702191374e+02
-1.807636118682756887e+02
-1.860522964706520952e+02
-1.824630696859880175e+02
-1.746686547708438013e+02
-1.623213587059247516e+02
-1.404355401918120378e+02
-1.057371076469012223e+02
-6.112428528242966763e+01
-1.354878464090841028e+01
3.122598784653118642e+01
7.077533849006375988e+01
1.038183546349372790e+02
1.277471773864263298e+02
1.391935640461868502e+02
1.363720309072975851e+02
1.200853021667538343e+02
9.287223105875142437e+01
5.841206519875036207e+01
2.229483088136305824e+01
-7.541295484393301329e+00
-2.287067790296111625e+01
-1.927686989310925014e+01
7.247971597451551284e-01
2.821574801110755715e+01
5.201548123677800106e+01
6.381854810890647656e+01
6.116040913631706388e+01
4.673466245918197615e+01
2.526197699165547661e+01
6.704846866785004744e-01
-2.466096106051459458e+01
-4.935556936162001307e+01
-7.297029363438790028e+01
-9.646823617508218263e+01
-1.214735350407703294e+02
-1.478426121552336099e+02
-1.721728593175202775e+02
-1.898890403782646388e+02
-1.991869403084102430e+02
-2.018727538568365674e+02
-1.994619604954040994e+02
-3.611730916699506366e+01
-2.974855329041409746e+01
-3.980041463352702635e+01
-5.645114561687486798e+01
-7.126003517235247386e+01
-8.397803665409861651e+01
-9.946349464739544999e+01
-1.189811459855488636e+02
-1.366871911214264230e+02
-1.454460399887311723e+02
-1.444491613637990213e+02
-1.390278221671999859e+02
-1.330193630343395625e+02
-1.232663783603436798e+02
-1.028371779242117583e+02
-6.872043046601642402e+01
-2.495139078347554218e+01
2.136272627086398046e+01
6.511756993222979872e+01
1.035514493702338825e+02
1.333096596304622778e+02
1.497240697032761148e+02
1.498265903154432408e+02
1.350101126885722351e+02
1.097673021561687250e+02
7.830472799464452294e+01
4.344386105428232270e+01
8.839132849874058451e+00
-1.900902957098336898e+01
-3.241541337663966260e+01
-2.713796044931719820e+01
-6.024410959057605375e+00
2.152330292840008141e+01
4.417771546426818929e+01
5.445710590262958561e+01
5.191258645674813721e+01
4.165392768176022997e+01
2.950928069937560139e+01
1.783134754975281666e+01
5.206168244170376269e+00
-1.063773258284966516e+01
-3.036662040780903737e+01
-5.320766162940939381e+01
-7.821319110036978373e+01
-1.042396875748137575e+02
-1.291242459599226606e+02
-1.503495958433436499e+02
-1.670204206515290650e+02
-1.799715149830818461e+02
-1.887580651176126310e+02
-7.637051167695265974e+01
-6.763630229101723046e+01
-6.752401270838802816e+01
-6.962233573981121992e+01
-7.039395027115699577e+01
-7.218606897969024772e+01
-7.865118886218347427e+01
-8.817969812137980057e+01
-9.401325690076933483e+01
-9.150123207841531325e+01
-8.349395340483714278e+01
-7.665031595208425585e+01
-7.273188208531414034e+01
-6.541060835616318059e+01
-4.641683199512537072e+01
-1.365416110507797853e+01
2.764911021035865346e+01
7.041690387924640504e+01
1.100024316754867897e+02
1.428716949927591031e+02
1.637933504514424499e+02
1.673158714695577203e+02
1.525418388964230019e+02
1.249063559453834245e+02
9.212515644222708033e+01
5.881501792782704285e+01
2.579531513093593986e+01
-5.805647004197996175e+00
-3.107367200365498761e+01
-4.277121325170786292e+01
-3.650332079200706659e+01
-1.486571707654623431e+01
1.290238608674613552e+01
3.565445837632687898e+01
4.644063786168894126e+01
4.593149617330679035e+01
4.055481634557124693e+01
3.658305880277205091e+01
3.504790697665669086e+01
3.181204799568073938e+01
2.211517061344703805e+01
4.660543200865959967e+00
-1.832103763681145026e+01
-4.362949577427716008e+01
-6.874618962558456303e+01
-9.180067657244165957e+01
-1.118006418198305170e+02
-1.295376445166034216e+02
-1.468164826257142863e+02
-1.631739401116735166e+02
-1.058807401059541888e+02
-9.437319969793276186e+01
-8.374203809728069814e+01
-7.140432845168284359e+01
-5.886026731541102919e+01
-5.112083615585057572e+01
-5.073277499253445200e+01
-5.309953568739492624e+01
-4.982673004660092175e+01
-3.742252308435558206e+01
-2.120489356135428238e+01
-9.121526962437842556e+00
-2.266827855798508207e+00
6.892618638732382230e+00
2.673820142048895221e+01
5.837082518581464541e+01
9.566555951370388300e+01
1.314579920358957565e+02
1.613974006711429752e+02
1.821363656750307030e+02
1.889522774274269068e+02
1.779972029863363332e+02
1.508610408399787275e+02
1.150027981168858275e+02
7.852571935378233547e+01
4.490522969872903047e+01
1.329658365133817277e+01
-1.659482120646095993e+01
-4.089431572919276192e+01
-5.293840402743637696e+01
-4.808578245785780325e+01
-2.775700864128097933e+01
2.455199013257649554e-01
2.547183175269563549e+01
4.059392474727868461e+01
4.544656208399897679e+01
4.592448065736898855e+01
4.810969426467858767e+01
5.262908594040045074e+01
5.442502375559892869e+01
4.774415424816104547e+01
3.102152532433455079e+01
7.356723493440063599e+00
-1.836895790641763426e+01
-4.200299119043560125e+01
-6.101600614196356531e+01
-7.525400918169137299e+01
-8.763897407282163954e+01
-1.024912723724339685e+02
-1.210989210213848253e+02
-1.168706023895652351e+02
-1.010677206329509943e+02
-7.992512362846800045e+01
-5.455440968245453348e+01
-3.123683618457412692e+01
-1.791698313250714492e+01
-1.650351446299890412e+01
-1.892907130593641440e+01
-1.299000130526573038e+01
6.672510051905059747e+00
3.400972475226843983e+01
5.858300455242753912e+01
7.636401836630409434e+01
9.256109365543207446e+01
1.144090459138554081e+02
1.430235158901403167e+02
1.728549384533262980e+02
1.972264439736961208e+02
2.123169575549063097e+02
2.162772444383641073e+02
2.073346302028816126e+02
1.849010291069267851e+02
1.519825606711179660e+02
1.145809775979952292e+02
7.782504669339407144e+01
4.315805162103664827e+01
9.711750947354884644e+00
-2.197709437001503829e+01
-4.798800758739144356e+01
-6.244084782950795187e+01
-6.084495571617920717e+01
-4.317624267746109012e+01
-1.509013133147860763e+01
1.395707828547635110e+01
3.562339467859807485e+01
4.762883643951063561e+01
5.424027265655733032e+01
6.116942466533022582e+01
6.950183493200670171e+01
7.460794420871162913e+01
7.071422443302492411e+01
5.602701349220628657e+01
3.373589870912793742e+01
9.438034922625458734e+00
-1.159243352932329429e+01
-2.598614078463654664e+01
-3.376204536854782390e+01
-3.928204022660158756e+01
-4.912467561393045656e+01
-6.672414093495113718e+01
-1.066214584906276741e+02
-8.458483377904029510e+01
-5.363452647578227328e+01
-1.791524923277108172e+01
1.255194757703568875e+01
2.742444471828273223e+01
2.535812404469226422e+01
1.801039540371776582e+01
2.250554000117241316e+01
4.785047421939995616e+01
8.823242332088626938e+01
1.295961869318427659e+02
1.621735941342000444e+02
1.863655903015670106e+02
2.079008006253550889e+02
2.295973528202306966e+02
2.485199850148393352e+02
2.593929926748136268e+02
2.587834561606987904e+02
2.461920681736954464e+02
2.231161899713292769e+02
1.923482341357451446e+02
1.574175131668789618e+02
1.211926471594478443e+02
8.454861749463272247e+01
4.695120967092402964e+01
8.740847476823422113e+00
-2.723820453503303085e+01
-5.611363357264416152e+01
-7.268143986172830751e+01
-7.310864059452389085e+01
-5.674074341881603800e+01
-2.785679179751543089e+01
4.696802602031675988e+00
3.170828835646830868e+01
4.927505432522205098e+01
6.056502397280311811e+01
7.135026556204692838e+01
8.358311843431108912e+01
9.347302226757534527e+01
9.542909289988199362e+01
8.711203646215300012e+01
7.083930986965653176e+01
5.153233398253811970e+01
3.428988055544550662e+01
2.279081678706670644e+01
1.757108618108017595e+01
1.467538549601547970e+01
7.286614767931045122e+00
-9.197797663752622199e+00
-7.912027563143975328e+01
-5.040072242553318915e+01
-1.160643158968233557e+01
3.106317684668644930e+01
6.555920381897486493e+01
8.065384625049506440e+01
7.585600697989644914e+01
6.524498623052637925e+01
6.910949118011374992e+01
9.899718419359153643e+01
1.493938867771187518e+02
2.033670965208947905e+02
2.460576258083061418e+02
2.734397934735784474e+02
2.902792250801952605e+02
3.021087535480429551e+02
3.097125951734678893e+02
3.095865912644113109e+02
2.977758326648733487e+02
2.732022856602046659e+02
2.386740388666133867e+02
1.994877529237329270e+02
1.603861287136263627e+02
1.227914315586503307e+02
8.473161953069094920e+01
4.387489272377973037e+01
9.784488338145018727e-01
-3.937036603817818303e+01
-7.083628993857760747e+01
-8.780655116237096536e+01
-8.681571028967364612e+01
-6.779566273666445397e+01
-3.556378044907861380e+01
5.720248423543261573e-01
3.103420511608005583e+01
5.171736093545172963e+01
6.585659907781746369e+01
7.969915420966151487e+01
9.608908345643290261e+01
1.121747002395083399e+02
1.226652435180715912e+02
1.243877624539264986e+02
1.178592760276820997e+02
1.059870021033426184e+02
9.250652767089209760e+01
8.099267514294800208e+01
7.330211188104622977e+01
6.768680353848631626e+01
5.907957987856298843e+01
4.275942222700590634e+01
-4.089701211975854278e+01
-7.618522003314254221e+00
3.529274828426819965e+01
8.059064963033380025e+01
1.161143635641465437e+02
1.317522260853294540e+02
1.283375360728120995e+02
1.202930083305135014e+02
1.272814902447124581e+02
1.602636468771707428e+02
2.136412644556203588e+02
2.700826272231982443e+02
3.131580794971179103e+02
3.368621317652825269e+02
3.456097435046714850e+02
3.472245181812605779e+02
3.458660761967828989e+02
3.396545134036481954e+02
3.232596879049049221e+02
2.928459801171066488e+02
2.498970847080054511e+02
2.010976504605475554e+02
1.540129964650222973e+02
1.118936825383114382e+02
7.220863603752839310e+01
3.034470987806292186e+01
-1.492829898641795516e+01
-5.900587311653774236e+01
-9.348700212350206584e+01
-1.103307151429732471e+02
-1.053041509097859887e+02
-7.982171035402905090e+01
-4.110685131313364593e+01
6.829945796596018082e-02
3.420004224988362296e+01
5.786514496832005250e+01
7.459415246833300728e+01
9.074221150707454342e+01
1.099430668360500789e+02
1.308382388233979157e+02
1.490811722715167775e+02
1.606448782450437420e+02
1.635392598616025737e+02
1.579409972762552457e+02
1.460893790798627094e+02
1.318961256175132064e+02
1.191580872074721356e+02
1.088316002935207081e+02
9.791470484483313896e+01
8.169981831705048592e+01
4.397347181831044338e+00
3.774946427964589901e+01
7.900718009893707006e+01
1.208785542960155368e+02
1.528078459834298428e+02
1.675721666195566684e+02
1.678361199411745304e+02
1.666810690499620193e+02
1.798450134085545074e+02
2.147939333382861378e+02
2.653212802902577323e+02
3.159217251404854210e+02
3.519958121976412713e+02
3.679239636374671250e+02
3.680291927448258207e+02
3.612954136319207805e+02
3.542374208478180435e+02
3.463629603726948858e+02
3.308195522009355045e+02
2.999771107977759357e+02
2.522687249363055741e+02
1.948057415124773399e+02
1.389161107635885060e+02
9.186426291738470695e+01
5.199709983484250131e+01
1.183150016102401914e+01
-3.365629719386183183e+01
-8.090617312658096694e+01
-1.188314084974414868e+02
-1.356522322644914027e+02
-1.259371444983121080e+02
-9.330317559620056045e+01
-4.807826131909875755e+01
-2.174978246842126595e+00
3.588139949547817764e+01
6.357467438874662236e+01
8.381929297765341857e+01
1.019328712369922556e+02
1.220919240752018453e+02
1.451179811585347181e+02
1.682560785631775957e+02
1.865323293184608531e+02
1.950283155220826359e+02
1.913944374487718960e+02
1.774821373562198232e+02
1.587439832361557137e+02
1.411495249660916613e+02
1.274164157789086147e+02
1.153702627566065644e+02
9.987790225881403217e+01
5.497894925327341298e+01
8.240926328757814190e+01
1.151020744013205928e+02
1.467978004190798629e+02
1.696175154152745392e+02
1.798492854726051178e+02
1.819654526278727928e+02
1.870922757780418522e+02
2.060969581099926700e+02
2.420875628022491242e+02
2.879390215104692174e+02
3.304954992519972166e+02
3.581412872199363164e+02
3.667241244373604445e+02
3.607460539450844976e+02
3.496682188244766394e+02
3.413190989840664997e+02
3.359469746299624262e+02
3.251086175941231318e+02
2.974423488849197383e+02
2.480866596541814317e+02
1.841413355499278737e+02
1.205326275749046374e+02
6.887113766024255312e+01
2.898364640304166429e+01
-8.927231506734363720e+00
-5.327743450358472899e+01
-1.014032668111061071e+02
-1.399733980163578622e+02
-1.547337133209285014e+02
-1.406340707310896221e+02
-1.041909319415973840e+02
-5.781159038166325104e+01
-1.231961136677229796e+01
2.660337152708334330e+01
5.765466922699510377e+01
8.208030938168496959e+01
1.028886845295510710e+02
1.241013427026474290e+02
1.484393449771481528e+02
1.743913213888671407e+02
1.956998588293055548e+02
2.048370527145258109e+02
1.982509873463732220e+02
1.791366353136035343e+02
1.554332230022386057e+02
1.346991412074540335e+02
1.197347840597935971e+02
1.077568230899916699e+02
9.315903982345705003e+01
1.073597829603599081e+02
1.230911098754619957e+02
1.416706750735090452e+02
1.588062475402349776e+02
1.692822683277286160e+02
1.718461201992480767e+02
1.717384098696711021e+02
1.782779364268270683e+02
1.988573158808692085e+02
2.337006481777520435e+02
2.751108372396338950e+02
3.114950570781576857e+02
3.333926983430496307e+02
3.381244955049922964e+02
3.308758046042308365e+02
3.214977178087823972e+02
3.179568079346075251e+02
3.197315564811304966e+02
3.161693575122713469e+02
2.928372586935736308e+02
2.426689726046816418e+02
1.730963906907979322e+02
1.019716917719383815e+02
4.450257482434486889e+01
2.402308883750663426e+00
-3.463696031327670966e+01
-7.643558330633791797e+01
-1.208509295641166403e+02
-1.543510279372607954e+02
-1.635798887496038674e+02
-1.462837510351085655e+02
-1.116934350605202013e+02
-7.183704899629883300e+01
-3.356866633671092615e+01
1.919759768438424885e+00
3.470624970866693104e+01
6.382640808792251619e+01
8.926266342934798104e+01
1.138105006772762806e+02
1.405288138542400134e+02
1.678052675915764098e+02
1.881236504705471759e+02
1.930782689898819342e+02
1.802673691188262239e+02
1.555327202882346569e+02
1.287384016299315874e+02
1.072379578684190307e+02
9.229412900040018997e+01
8.011371741565471893e+01
6.550633079465673347e+01
1.576113076309231076e+02
1.587639624325706791e+02
1.615870743768894613e+02
1.640224104750366507e+02
1.625082396724939997e+02
1.563095083643841292e+02
1.500421775879390225e+02
1.517672443900365238e+02
1.677720320072155573e+02
1.978717792706754040e+02
2.346269229104478882e+02
2.670376498735392943e+02
2.864355837012345205e+02
2.911761395907776091e+02
2.874443507408660139e+02
2.852991225350564832e+02
2.914965393516978338e+02
3.031078132799536320e+02
3.068916801511336985e+02
2.867029835473264257e+02
2.351333043838743890e+02
1.605653469902061943e+02
8.270631663141308820e+01
1.896544634501161042e+01
-2.699666345141961088e+01
-6.420972628791591319e+01
-1.020746152324238096e+02
-1.391535352268194856e+02
-1.641560363925006811e+02
-1.673401281859497089e+02
-1.498686699798156496e+02
-1.217753868167725813e+02
-9.211713278028693708e+01
-6.265626475576596732e+01
-3.075427323288684889e+01
4.083807624536507141e+00
3.865007702459042349e+01
7.029543051663156916e+01
1.000110197159571186e+02
1.294260875587863779e+02
1.554934614234867354e+02
1.702807682812392045e+02
1.672599944770384752e+02
1.475768661938251967e+02
1.196905781846775483e+02
9.307326653983007247e+01
7.233852663475184386e+01
5.639388583549420275e+01
4.153268796829183174e+01
2.470137291111106137e+01
