4.900288139434464882e-03
9.800576278868929764e-03
1.470086441830339465e-02
1.960115255773785953e-02
2.450144069717232614e-02
2.940172883660678929e-02
3.430201697604125244e-02
3.920230511547571906e-02
4.410259325491018567e-02
4.900288139434465229e-02
5.390316953377911197e-02
5.880345767321357858e-02
6.370374581264803826e-02
6.860403395208250488e-02
7.350432209151697149e-02
7.840461023095143811e-02
8.330489837038590473e-02
8.820518650982037134e-02
9.310547464925483796e-02
9.800576278868930458e-02
1.029060509281237573e-01
1.078063390675582239e-01
1.127066272069926905e-01
1.176069153464271572e-01
1.225072034858616238e-01
1.274074916252960765e-01
1.323077797647305431e-01
1.372080679041650098e-01
1.421083560435994764e-01
0.000000000000000000e+00
0.000000000000000000e+00
2.769632522050639818e+04
0.000000000000000000e+00
2.609692181802299456e+04
0.000000000000000000e+00
2.259308251349841157e+04
1.916335308958433598e+04
0.000000000000000000e+00
0.000000000000000000e+00
1.759863449922141081e+04
2.399995881440760058e+04
0.000000000000000000e+00
5.401902355008351878e+04
1.511745960462373623e+05
9.285149991965113441e+04
2.373078087911376497e+04
0.000000000000000000e+00
6.292530297765461000e+03
1.118231867316657372e+04
2.300605469658677976e+03
9.883754154895098054e+02
6.697260955594432744e+03
1.411708702853036584e+03
2.172873816036598669e+02
8.108158918142864877e+02
3.460544020858405474e+03
5.708828383704685621e+02
5.950898318492622820e+02
