1.089086414214488741e+03
1.109213852400709811e+03
1.113773368513170226e+03
1.098759037710078474e+03
1.132301267519042540e+03
1.159831241188483773e+03
1.165353147322532550e+03
1.178235888611654445e+03
1.178867425113388208e+03
1.088914928797161792e+03
1.094562020546032500e+03
1.136913888434518185e+03
1.091758759202464034e+03
1.073318774685934613e+03
1.175197830948094406e+03
1.174289111918951448e+03
1.191893914839759418e+03
1.074440490441520978e+03
1.132576970074237579e+03
1.159681700322831148e+03
1.142295072738430008e+03
1.180435966753135972e+03
1.133049341322685677e+03
1.168621453718203611e+03
1.116052629144059210e+03
1.159203100336543685e+03
1.050138967530612945e+03
1.128798751669811054e+03
1.132440280940866387e+03
1.194768256576680642e+03
1.161181856208346517e+03
1.130862977238467465e+03
1.173228988865692145e+03
1.144320482472364802e+03
1.076570842306422264e+03
1.058884589692718919e+03
1.103913936328530326e+03
1.134330873825272874e+03
1.147987816688112162e+03
1.112191881544330727e+03
1.162995297657176707e+03
1.161066270516803115e+03
1.100896159386260933e+03
1.156215594128672819e+03
1.120886688682393469e+03
1.168085230229258059e+03
1.068612763166082686e+03
1.136639276409232252e+03
1.144461003976294705e+03
1.146028302696827723e+03
1.173879884446009328e+03
1.159185722983535697e+03
1.139815657002757689e+03
1.146091001757193453e+03
1.195674868203510869e+03
1.065840795701044044e+03
1.178953541573155690e+03
1.042222960825408336e+03
1.100489442593887588e+03
1.138252711006069376e+03
1.185735739191638231e+03
1.111585728223668639e+03
1.044694491448482722e+03
1.153943229818973577e+03
1.117580369076417583e+03
1.208297134002218627e+03
1.102349986520958055e+03
1.131189292861618924e+03
1.140262061611181025e+03
1.216353479875033599e+03
1.137097285809094956e+03
1.149648172017406068e+03
1.167942214531462241e+03
1.237221470546778164e+03
1.176784991229056232e+03
1.082684954394218494e+03
1.102210025776081011e+03
1.201907009237008424e+03
1.057693725531115206e+03
1.135246944367137985e+03
1.115545271616540731e+03
1.063943372874180341e+03
1.167497612882197018e+03
1.090045035609133265e+03
1.113035280600463238e+03
1.142878002097689205e+03
1.162895689043773245e+03
1.095339364303970115e+03
1.229581150281324653e+03
1.145606087603871174e+03
1.145908657870564639e+03
1.084065027089084879e+03
1.153437432715232944e+03
1.109121152783317029e+03
1.135387614810438436e+03
1.085593618743567959e+03
1.176346577659531249e+03
1.115525874844477130e+03
1.167642839443151388e+03
1.098705181857985281e+03
1.149228515036696081e+03
1.138366231157729771e+03
1.160205377163300000e+03
1.200594515581121186e+03
1.142412623067613595e+03
1.138597446843910802e+03
1.085581293692163626e+03
1.216084924777009746e+03
1.163456378339933053e+03
1.173330870400670392e+03
1.092693009807968110e+03
1.097043706290781074e+03
1.165118142887622071e+03
1.093398521407181079e+03
1.116807448286552244e+03
1.140439334839227740e+03
1.152858416553859797e+03
1.143443543189625188e+03
1.108210758943869450e+03
1.136692199985277057e+03
1.071928515772622632e+03
1.196332265962962083e+03
1.100131868568758819e+03
1.051507577602014862e+03
1.060530820538954003e+03
1.204195264503394128e+03
1.140315100299765390e+03
1.094799001856759332e+03
1.067191328132564422e+03
1.196745827369069502e+03
1.079677440542683144e+03
1.151095203244079585e+03
1.172701030515788261e+03
1.170712574116613041e+03
1.120556739928269508e+03
1.109262314649784912e+03
1.133699266718356284e+03
1.155936535510646536e+03
1.065945628962704859e+03
1.159904342687998906e+03
1.178414369146206582e+03
1.162735558656693229e+03
1.077169505792961900e+03
1.110538061497343733e+03
1.127892586582952845e+03
1.089796619122454786e+03
1.148134452912031293e+03
1.161442335626639988e+03
1.088111554773257467e+03
1.114578840530750085e+03
1.138312566198588911e+03
1.214559486643130640e+03
1.158786061303320366e+03
1.140717569550114604e+03
1.125906752219905457e+03
1.170541199612892342e+03
1.105738331819191217e+03
1.171100417151932106e+03
1.177275707884268513e+03
1.128323760525291391e+03
1.148729611357212889e+03
1.201452215818379727e+03
1.140677496090490649e+03
1.103885518964251332e+03
1.247769440942557367e+03
1.054782011781192523e+03
1.146832763022953259e+03
1.093326058946332296e+03
1.096755098183891505e+03
1.136606195029445644e+03
1.188307996574133085e+03
1.128521055129866909e+03
1.165443146394868108e+03
1.139778925627218314e+03
1.170616454156274131e+03
1.194643176404119458e+03
1.066628036463506305e+03
1.107556437181617866e+03
1.101711935760683218e+03
1.177865711891648743e+03
1.130715774290126774e+03
1.186524518976023955e+03
1.158941214062453128e+03
1.089766440449030142e+03
1.144340697144750266e+03
1.057460857484251392e+03
1.112167678073012212e+03
1.162212448528833193e+03
1.181564866934870679e+03
1.200175693118406116e+03
1.140063620779451867e+03
1.134113569550272132e+03
1.197902715075848391e+03
1.204682344902657405e+03
1.153369549393169109e+03
1.163304451887980804e+03
1.135272871496303878e+03
1.146531891825570710e+03
1.181895156424647894e+03
1.083021548555999516e+03
1.173052255421686823e+03
1.112939755803649859e+03
1.151910822644194468e+03
1.164741580297559722e+03
1.158394981392234058e+03
1.152746422865878912e+03
1.115300171957857401e+03
1.118356403431906074e+03
1.116020492615546800e+03
1.085196913141600817e+03
1.190769206724468177e+03
1.080397312440803034e+03
1.153936564433875901e+03
1.157911195295792595e+03
1.129608714039452025e+03
1.109381280011357603e+03
1.186442513684871528e+03
1.055683090294938893e+03
1.178439277582823479e+03
1.237984562721314433e+03
1.217377162287923966e+03
1.128986033384580423e+03
1.082588529582029878e+03
1.129373241830706775e+03
1.190611972974769515e+03
1.200926751507318386e+03
1.124372184946092830e+03
1.164665478104835756e+03
1.118132984535789546e+03
1.135803858951677512e+03
1.170385271281211772e+03
1.126157777432363901e+03
1.108391601685734258e+03
1.136668960393094721e+03
1.143511953615935454e+03
1.132199018420901439e+03
1.174365103079861910e+03
1.180657000794489250e+03
1.159033262561354832e+03
1.151829118795876639e+03
1.164523200483101618e+03
1.148646105011617465e+03
1.185744954356824337e+03
1.181627923167722429e+03
1.199707269998602442e+03
1.092287700615451968e+03
1.104759860298329158e+03
1.174349055653744017e+03
1.079285671652211931e+03
1.132647832747941493e+03
1.199613030341026160e+03
1.186913087624209993e+03
1.155417875751613110e+03
1.124152286036015767e+03
1.217301576794026687e+03
1.190581937035963165e+03
1.155989850076487301e+03
1.123402836569414376e+03
1.174443078102886830e+03
1.153393538786929184e+03
1.117979537730239826e+03
1.135998764855720310e+03
1.123695257902561480e+03
1.181095358682866390e+03
1.138453757618313375e+03
1.190588403392073360e+03
1.132475712738984612e+03
1.162167051048137864e+03
1.127131737713447137e+03
1.164266044457283897e+03
1.113196923280548617e+03
1.073147175647722861e+03
1.171627659381078274e+03
1.103823601733559599e+03
1.177017558271344114e+03
1.233674368065887847e+03
1.136537606656062280e+03
1.127529356882657567e+03
1.136543425756847228e+03
1.141941753729330230e+03
1.193641485320530137e+03
1.185438386223412181e+03
1.163764185772460223e+03
1.179554927827014581e+03
1.187762062681116277e+03
1.102523622503009619e+03
1.115554466865411769e+03
1.145177611643427099e+03
1.137425851773632758e+03
1.183039181372622807e+03
1.161252035285506508e+03
1.215041019929419008e+03
1.136891681678066789e+03
1.207841352130483074e+03
1.055891455462852036e+03
1.082512020161618693e+03
1.123311933517405123e+03
1.157008194758533364e+03
1.121256108752169439e+03
1.199389845784072804e+03
1.210157620597533878e+03
1.070092470978664323e+03
1.139661148396070757e+03
1.161329474729006279e+03
1.050952660111169052e+03
1.171633561424552454e+03
1.107752156855729481e+03
1.183356492904027618e+03
1.078934965360009983e+03
1.094211909071413402e+03
1.052716586585456071e+03
1.163017581049973842e+03
1.129842135302947099e+03
1.178711339078995479e+03
1.229496282632553857e+03
1.112114688085330954e+03
1.127536857500736687e+03
1.138819405394901423e+03
1.227575924951718662e+03
1.137058584084209770e+03
1.158053173579227177e+03
1.151976360634919502e+03
1.159151868478111737e+03
1.172467921341444935e+03
1.190001179068673537e+03
1.086215660161441747e+03
1.093199900021097164e+03
1.150749685680668790e+03
1.105783811071697301e+03
1.143248746612821151e+03
1.048317097827681664e+03
1.171649460005778792e+03
1.134335748075934362e+03
1.103077915669877484e+03
1.134725847889282477e+03
1.157971377833633596e+03
1.157440310688954469e+03
1.083554485994156494e+03
1.177025093292944121e+03
1.153675043898710101e+03
1.134479869746671739e+03
1.113938752361153547e+03
1.169916162803520137e+03
1.286442297125689038e+03
1.176779526857895462e+03
1.215818158631483811e+03
1.144736092842400012e+03
1.147498411866129800e+03
1.145153619582321653e+03
1.171020327846486452e+03
1.159973819228202728e+03
1.174393350349427237e+03
1.192267560732297852e+03
1.151567469686241566e+03
1.156209833248332416e+03
1.054415840245649406e+03
1.207627644920288049e+03
1.136273218703944167e+03
1.175141351895358184e+03
1.191561747753206646e+03
1.199014221271531142e+03
1.194012461770018945e+03
1.059175915698838025e+03
1.078666399788862009e+03
1.086360268720708746e+03
1.053835526264503187e+03
1.093122775346164644e+03
1.144374205198840855e+03
1.183598704797916980e+03
1.067121752596374790e+03
1.106286511701080144e+03
1.145279925629574791e+03
1.230365171347801152e+03
1.118956843303598362e+03
1.106954201158031765e+03
1.160103444732004846e+03
1.194496287200162442e+03
1.120057814626311711e+03
1.223045407268759845e+03
1.181791718954035787e+03
1.120658361250760890e+03
1.106635574164647551e+03
1.178514567497869848e+03
1.152244614539054965e+03
1.138263131436930053e+03
1.258024568941101961e+03
1.144906471269286158e+03
1.057147708652021265e+03
1.161252592178992245e+03
1.159967393718637140e+03
1.149514673101797371e+03
1.136623300403449548e+03
1.101043712967928059e+03
1.141661632955203231e+03
1.109008104680543966e+03
1.180610873880236113e+03
1.179745872429506107e+03
1.107641712668984610e+03
1.099401718611819888e+03
1.187923098157527647e+03
1.102212894448177394e+03
1.134914002149324233e+03
1.071464570742391970e+03
1.124326759548821883e+03
1.114241080156674798e+03
1.076819898018006143e+03
1.113146576692569170e+03
1.095446928217962977e+03
1.114091338373111739e+03
1.197228098837101470e+03
1.147944073945227728e+03
1.137479042875480218e+03
1.146896669391040859e+03
1.224876523578765045e+03
1.087984383700325225e+03
1.107902242820163792e+03
1.107838205719561984e+03
1.129634510756848613e+03
1.262250500474827732e+03
1.133109683866242449e+03
1.110121744099465104e+03
1.199804565388468745e+03
1.158515746098569707e+03
1.182080072064121396e+03
1.114029798982016018e+03
1.138329650559534457e+03
1.124002274651442576e+03
1.123132208169264914e+03
1.185100385359945903e+03
1.197473057266095793e+03
1.130686783013445392e+03
1.163219514368661748e+03
1.176355104690815779e+03
1.098970440516495501e+03
1.092482995399032689e+03
1.136787274436080679e+03
1.139782160401914780e+03
1.096112537619529348e+03
1.222264298664169928e+03
1.198153682677724646e+03
1.170612922091223254e+03
1.144871387804715596e+03
1.217247004846218942e+03
1.155229283214466250e+03
1.072944500744773677e+03
1.146505203281935110e+03
1.140303609695942896e+03
1.165821417193833668e+03
1.112432830815100942e+03
1.126214457345274695e+03
1.242827525115738354e+03
1.137417867655278314e+03
1.125047684571380614e+03
1.085520172610308464e+03
1.129032088495252538e+03
1.150466475930764318e+03
1.144894466808855668e+03
1.077049271617027898e+03
1.146801314908741688e+03
1.109077993287798336e+03
1.039443562734394391e+03
1.164335471330272640e+03
1.146231069994580139e+03
1.143779495569998289e+03
1.094633801740190847e+03
1.167598776863625972e+03
1.167881827691471699e+03
1.092040095805146848e+03
1.090134790609945640e+03
1.129804796645938268e+03
1.192878081767957610e+03
1.104916575105869470e+03
1.093213590329669842e+03
1.084976397876850115e+03
1.119928802550028195e+03
1.239662172546734382e+03
1.146732959969038802e+03
1.066341702750566583e+03
1.120436291926264630e+03
1.163554685599913228e+03
1.157375591602763052e+03
1.105882008336483068e+03
1.134831969343878654e+03
1.108127275845186887e+03
1.112255700637680548e+03
1.103701430960110429e+03
1.182611434473512873e+03
1.212923029297013045e+03
1.087184899264905653e+03
1.042122245044288093e+03
1.284308310538407568e+03
1.150189519376529915e+03
1.140440522953354048e+03
1.048820336521390345e+03
1.226979004246622026e+03
1.191297453074665782e+03
1.084130311371725611e+03
1.169639528676110103e+03
1.072414860186083615e+03
1.143002722436627664e+03
1.192595202163763361e+03
1.131216768861730770e+03
1.113702927165522851e+03
1.213554287652924586e+03
1.109651361449640035e+03
1.084790190093188130e+03
1.054904653669163736e+03
1.124567068373556594e+03
1.166359544030825191e+03
1.155418125119708520e+03
1.112594746794008643e+03
1.134222884106503898e+03
1.095406252308380317e+03
1.104194144930613675e+03
1.197469322562704519e+03
1.192420006900707676e+03
1.141732106329324779e+03
1.133384729728996945e+03
1.134432430706674950e+03
1.135258171332587153e+03
1.070535514469679811e+03
1.081605045235525267e+03
1.116558551976304443e+03
1.214631860911939839e+03
1.138685776022824939e+03
1.178073215451379838e+03
1.125703033029524249e+03
1.191976710536326209e+03
1.085388354820524910e+03
1.116223648689018091e+03
1.074326048016016330e+03
1.094797551597787560e+03
1.172199347407244204e+03
1.074555548584326743e+03
1.098272054925967268e+03
1.082585834327620432e+03
1.190948913727039780e+03
1.057188363366850353e+03
1.137786219271572691e+03
1.168315226541416678e+03
1.150253983554738625e+03
1.107154478284381412e+03
1.234664693463373624e+03
1.109363643698525948e+03
1.085838398758807216e+03
1.109894044299863708e+03
1.130685602417631571e+03
1.105680464612933292e+03
1.115745130814232880e+03
1.129898807931788269e+03
1.089294982841635147e+03
1.125086159336929541e+03
1.162317261038034985e+03
1.070357065694784296e+03
1.064516368521099139e+03
1.144833392432229402e+03
1.100098311019280118e+03
1.197225132709865420e+03
1.152898523674421995e+03
1.207845190966923838e+03
1.146939376711445675e+03
1.165206181063548911e+03
1.145759450791131712e+03
1.116171976684268202e+03
1.186444068494117346e+03
1.153560965067546476e+03
1.086333287586072856e+03
1.128693624611712949e+03
1.149903336852226403e+03
1.187474644332751041e+03
1.166002881470055399e+03
1.045706223749026549e+03
1.190654548573800184e+03
1.205820144862933830e+03
1.108899020270256642e+03
1.054368989912118877e+03
1.148717876848306332e+03
1.133014590961869771e+03
1.126062571546644904e+03
1.135813533055253856e+03
1.144577848799326148e+03
1.130099212400263241e+03
1.206308515664480183e+03
1.200100660297327067e+03
1.113639486879795186e+03
1.150627636812664605e+03
1.138638252432910122e+03
1.103443670141689381e+03
1.125407757617750804e+03
1.052708753670636952e+03
1.076767247548587648e+03
1.213657017847637917e+03
1.167148563653679275e+03
1.080604857060592849e+03
1.158351046173615259e+03
1.093656551261095046e+03
1.108529836018508831e+03
1.111546189116371124e+03
1.112865204219488987e+03
1.143457998586832218e+03
1.101432730914434615e+03
1.106134230988340732e+03
1.192931874696918385e+03
1.104181759071314445e+03
1.212200393497911136e+03
1.185384012717748192e+03
1.111845256615415337e+03
1.147157852982247505e+03
1.190293963535619469e+03
1.186639747532903129e+03
1.214733361778840390e+03
1.102880778630245914e+03
1.110783642862532588e+03
1.191145503754064521e+03
1.134805841537732249e+03
1.147274508907345989e+03
1.154420267978405036e+03
1.143021015846324190e+03
1.123698737023281865e+03
1.186371839319836226e+03
1.110542951025485081e+03
1.148341875294987858e+03
1.218303231880101521e+03
1.083070073224063890e+03
1.253951999360579066e+03
1.153082242333694012e+03
1.141057354813278153e+03
1.159951925916112259e+03
1.080179164396299711e+03
1.185220925301531679e+03
1.211409562529954655e+03
1.142079140277324314e+03
1.225568560620317157e+03
1.099004551662163976e+03
1.115657720329869335e+03
1.123417686750758321e+03
1.063697335354023153e+03
1.082689572512424775e+03
1.138519240760432240e+03
1.198603006886118010e+03
1.074984263482956521e+03
1.161273424007558106e+03
1.132182994123597382e+03
1.108114474142711970e+03
1.131992420281284467e+03
1.196829710074288414e+03
1.095213485151597069e+03
1.128800977611725330e+03
1.061744897609444706e+03
1.161892464472899974e+03
1.169619763464307653e+03
1.144005942604384245e+03
1.113743545579013698e+03
1.154812105489171927e+03
1.180047766330535296e+03
1.130994505949353197e+03
1.106822032623131918e+03
1.117779964402711585e+03
1.101586018490691686e+03
1.077884230388839796e+03
1.036610217408298240e+03
1.107763477015024364e+03
1.113672532071956539e+03
1.152376788349663229e+03
1.116511369230807304e+03
1.114948282898318666e+03
1.121713800103190579e+03
1.153324031800910916e+03
1.125813975197516811e+03
1.126793582195597082e+03
1.176843929436895905e+03
1.145220235241978571e+03
1.125061629106823602e+03
1.159547034010375910e+03
1.064834655209883977e+03
1.175978027576112481e+03
1.166255176745755307e+03
1.112173313181092681e+03
1.165590784550909575e+03
1.114385569300424095e+03
1.008816523411801086e+03
1.182633979013113048e+03
1.138372351343907667e+03
1.230928497482275134e+03
1.142288680738070525e+03
1.143461859315281117e+03
1.104254344166863348e+03
1.176986797188882292e+03
1.097799059954214727e+03
1.136933673748943875e+03
1.142172347801402566e+03
1.121810899745648385e+03
1.147605657441592939e+03
1.104183641670170346e+03
1.165768799443866101e+03
1.218865474551932266e+03
1.153513779988080842e+03
1.183485083605614363e+03
1.125031655736658649e+03
1.125834741785007282e+03
1.115819854837906632e+03
1.094905701903833005e+03
1.208607155949372327e+03
1.144413200456795494e+03
1.181434328363784971e+03
1.098149786068637695e+03
1.212300472688503305e+03
1.191166906237477406e+03
1.150833674584442178e+03
1.184303555202011012e+03
1.144362754681985962e+03
1.164522034695472030e+03
1.149692907151257714e+03
1.158033415647977563e+03
1.183630754160309380e+03
1.199126843968297862e+03
1.157104755501939280e+03
1.176882426470996734e+03
1.179945372180668073e+03
1.167996460962169749e+03
1.114295062383326240e+03
1.174789881703214178e+03
1.108535836662988913e+03
1.148982463832188614e+03
1.177596768213290261e+03
1.082315231046006375e+03
1.135561685234191827e+03
1.093926319145846264e+03
1.148336470552938181e+03
1.105587477968608709e+03
1.098560836915793971e+03
1.102650716910465235e+03
1.123342747963943111e+03
1.153996431769944138e+03
1.062036268851961950e+03
1.091536069730051622e+03
1.184391016541405861e+03
1.202894858350183313e+03
1.127477826175817881e+03
1.148409488864232571e+03
1.061664177977660756e+03
1.206644891356431117e+03
1.103006450201835605e+03
1.160200132203418889e+03
1.139656215263808690e+03
1.121093032236277395e+03
1.125695520297224448e+03
1.120976625946104150e+03
1.267460820929713464e+03
1.146737749122680725e+03
1.154706467432110003e+03
1.191328606151520717e+03
1.139148131138816552e+03
1.131637764205134090e+03
1.107973108198909813e+03
1.103184520220319655e+03
1.079788459764221670e+03
1.168238463664510846e+03
1.152700412626634261e+03
1.113625240114499547e+03
1.113448697058033304e+03
1.153862490636614211e+03
1.080130748577388886e+03
1.149439717138699962e+03
1.120814164289451583e+03
1.106864306389411468e+03
1.155071251943040352e+03
1.193880978635213296e+03
1.154714578336118848e+03
1.178657266578779399e+03
1.119702529022044246e+03
1.221287004738430824e+03
1.109893942384101592e+03
1.166398829739316852e+03
1.203899322547434622e+03
1.128982311488368850e+03
1.162242181023935473e+03
1.175200223566583190e+03
1.182399673221662397e+03
1.130477360887312670e+03
1.120671321338260213e+03
1.130462997608143496e+03
1.116104981221642902e+03
1.079479613973177493e+03
1.169311575390908729e+03
1.138555005639858564e+03
1.117196728596089770e+03
1.184561734742385170e+03
1.035861128321708975e+03
1.189498754473936742e+03
1.152598292301101765e+03
1.098982924321361224e+03
1.087585550989897456e+03
1.153633692252134324e+03
1.173867721092673264e+03
1.140452760887560316e+03
1.114619383799789148e+03
1.082638436494059761e+03
1.223807930614047109e+03
1.096021374446948812e+03
1.167938447579190552e+03
1.235012368887193588e+03
1.110884615191182093e+03
1.150145228789724115e+03
1.165670459588901622e+03
1.086899322532632368e+03
1.136816423823445348e+03
1.110474272825260186e+03
1.205077281816916411e+03
1.113831704845876629e+03
1.110961490326056037e+03
1.180802468644995315e+03
1.140556753990010066e+03
1.119955267302171706e+03
1.204885499422094199e+03
1.094983251982383536e+03
1.094335206143887945e+03
1.083190496712527420e+03
1.107992030672682858e+03
1.147526399577001030e+03
1.154428147807402638e+03
1.114329399327937836e+03
1.150150246715196545e+03
1.199452905438163498e+03
1.064840849575543643e+03
1.141576737366247698e+03
1.136110251294973523e+03
1.128063347227224085e+03
1.161747258427267752e+03
1.088603784824114655e+03
1.146359476134007309e+03
1.140093656650306684e+03
1.225692660356465240e+03
1.077571815426902276e+03
1.209851649101923385e+03
1.182793111363474509e+03
1.174400129920679547e+03
1.143176409065205462e+03
1.025393022340449079e+03
1.114267568023271906e+03
1.108583406948852144e+03
1.161039346954903294e+03
1.081767573634610471e+03
1.164177239997275365e+03
1.137077303381318870e+03
1.101972267361717059e+03
1.112473075628096922e+03
1.139955226646919982e+03
1.170761443363790249e+03
1.167226290273630866e+03
1.221102611418902598e+03
1.160225836718484288e+03
1.145876842666010361e+03
1.154603627356058269e+03
1.141271892500456943e+03
1.186126799797345029e+03
1.075322018785848513e+03
1.117545098963835926e+03
1.110931827738572565e+03
1.202854110746262222e+03
1.031995536843196305e+03
1.127221478463938638e+03
1.171827862197169907e+03
1.091413107408490987e+03
1.143624472423402722e+03
1.112412683305674591e+03
1.176681764177849800e+03
1.112352722054048854e+03
1.118927104527760093e+03
1.090258365561667006e+03
1.157164213860181690e+03
1.148992998722988887e+03
1.140354426518776336e+03
1.210269260562537511e+03
1.105208413542587550e+03
1.139293902648876383e+03
1.086948454677195969e+03
1.077891163711551826e+03
1.090334230307332064e+03
1.179700139172681929e+03
1.091779734909109948e+03
1.124107375874313675e+03
1.126264045384966266e+03
1.145391358652263307e+03
1.054852748962345004e+03
1.132418469545597873e+03
1.130399757994854099e+03
1.124126272596866784e+03
1.140660105939535924e+03
1.114979256961631791e+03
1.218622135034848952e+03
1.180150243774944329e+03
1.121415104372252245e+03
1.177627455197238532e+03
1.144380815817697112e+03
1.183826828914161524e+03
1.121462667229793851e+03
1.088551886879897211e+03
1.101160303032551383e+03
1.132732035063316971e+03
1.173290678286675529e+03
1.143857113329951744e+03
1.069004989497860151e+03
1.149011633366620572e+03
1.200897984185932955e+03
1.131468627186395906e+03
1.154769536856160585e+03
1.134628231540604475e+03
1.111768481910861738e+03
1.075596163834108438e+03
1.107124403038125365e+03
1.027583310979468251e+03
1.105928846863208946e+03
1.158135484493913054e+03
1.147632670542780488e+03
1.096733404178109367e+03
1.197944448779282538e+03
1.152417002545299511e+03
1.140714667760871862e+03
1.187367943996090162e+03
1.101202030324237512e+03
1.148643011967133134e+03
1.146513301105435403e+03
1.031537940099583011e+03
1.124070769286082168e+03
1.092826920451442675e+03
1.088733583171687997e+03
1.170445579353237463e+03
1.139375102645329662e+03
1.212643313690696687e+03
1.096271300094131220e+03
1.119006340420275592e+03
1.185086988027102279e+03
1.107665211651713662e+03
1.105293724859632675e+03
1.102489824244927377e+03
1.130926273854705187e+03
1.101631641017055699e+03
1.151035553578017925e+03
1.089220392564298209e+03
1.081553921220438269e+03
1.104407267424792281e+03
1.139864001296427205e+03
1.148328131775862857e+03
1.155624243284060640e+03
1.095795805782081970e+03
1.143824466612896231e+03
1.144775241880171961e+03
1.117875145835290596e+03
1.088380493789542015e+03
1.129571395650072645e+03
1.090945598203572899e+03
1.095926933677750412e+03
1.174120873468314585e+03
1.152687057722096597e+03
1.167004424827687899e+03
1.177212498426794582e+03
1.085842856485736775e+03
1.124026751155788133e+03
1.136388683308244936e+03
1.162960043582451590e+03
1.135649130679600376e+03
1.147753969671163077e+03
1.207708977192072325e+03
1.177571382992772442e+03
1.149682524793109678e+03
1.196078158273280451e+03
1.091918224142829331e+03
1.140215299968279851e+03
1.170187759266032799e+03
1.131872584702507993e+03
1.168010806345724859e+03
1.155496504542223192e+03
1.156171245286416934e+03
1.086862717786686744e+03
1.195560747492332894e+03
1.132668712283464401e+03
1.110463530153854663e+03
1.162684191110843585e+03
1.102891594832724877e+03
1.006972222029155546e+03
1.222018422739506605e+03
1.199283046734243726e+03
1.099165342321409298e+03
1.171193104075899328e+03
1.173171694545034370e+03
1.151970228190092257e+03
1.077516125528020893e+03
1.123581056571107183e+03
1.160465285871343440e+03
1.133891711932292310e+03
1.183143426023728580e+03
1.132481959870098308e+03
1.169739269485010254e+03
1.142170389596164341e+03
1.274735083087022304e+03
1.163782901105216752e+03
1.107166672177390865e+03
1.144770215253810193e+03
1.155836164004393822e+03
1.157195120330960208e+03
1.207066291856203634e+03
1.138769524300671492e+03
1.103932343712323245e+03
1.129990174352555186e+03
1.092051673456410754e+03
1.178977066498396653e+03
1.105339289599350195e+03
1.127194675930819130e+03
1.160302477749632089e+03
1.083121087236077074e+03
1.109095586571773765e+03
1.120042447186953950e+03
1.136429365267013509e+03
1.111134184036259740e+03
1.185950411677737065e+03
1.127405611360208695e+03
1.142437217808228070e+03
1.084504520308173142e+03
1.061297969661288789e+03
1.156343181242694982e+03
1.156099039508797887e+03
1.139610564438646179e+03
1.113806259463005972e+03
1.073748325290956927e+03
1.135426649728233315e+03
1.166516304174110701e+03
1.182625522695576137e+03
1.131250281436897239e+03
1.070273843357244914e+03
1.174726925831611652e+03
1.126339525217534629e+03
1.085141322480662893e+03
1.150993529196072814e+03
1.164519355463400643e+03
1.101700129269793251e+03
1.134380472866945865e+03
1.077754691742708019e+03
1.112816150295886473e+03
1.105451438405455292e+03
1.103440906070956771e+03
1.088374822750655312e+03
1.146954086882257798e+03
1.143634323371011078e+03
1.149245558576446228e+03
1.115809376546305657e+03
1.136847215256378377e+03
1.181149716084946476e+03
1.112531443329895410e+03
1.122102784450660465e+03
1.134183355988967833e+03
1.189449657112246769e+03
1.033604468831607846e+03
1.124275622156689906e+03
1.148319147849164438e+03
1.116232259480775156e+03
1.095065052262119252e+03
1.100622446886992975e+03
1.115784843773388502e+03
1.088337866831147494e+03
1.099944260087537032e+03
1.132509432149413897e+03
1.107217232379755160e+03
1.134838797053731014e+03
1.123063845539258864e+03
1.207591202130810643e+03
1.152382819503289056e+03
1.176934769409386718e+03
1.165519864277070610e+03
1.197110019860500643e+03
1.172438944965052087e+03
1.096051861461745830e+03
1.157501998765412282e+03
1.195701824185838177e+03
1.089517796645711087e+03
1.165339106347899133e+03
1.223647004039225294e+03
1.156521331960720318e+03
1.146908600139597411e+03
1.073499558761410299e+03
1.169378516410173916e+03
1.153827053454544057e+03
1.133104226607339342e+03
1.148338566570823787e+03
1.057038522894297103e+03
1.141925350034135136e+03
1.147039796637274094e+03
1.189171113980701421e+03
1.043506090400968787e+03
1.160200746837862880e+03
1.176030749818789445e+03
1.097550231289927297e+03
1.172147589498447815e+03
1.201700312663363093e+03
1.118645380159761771e+03
1.078216209234410826e+03
1.099162589931186631e+03
1.105460741052010007e+03
1.125486224854111697e+03
1.153807694866850397e+03
1.184252508943612838e+03
1.184316884213495996e+03
1.139242350897418646e+03
1.110430829447806445e+03
1.083005428121145314e+03
1.179425068741930090e+03
1.124702611652620817e+03
1.173719083861134095e+03
1.127323515782439472e+03
1.183380601204454479e+03
1.144297279482102567e+03
1.121380171649109570e+03
1.067473203939029418e+03
1.130749988509397099e+03
1.196198346148136125e+03
1.147116277831408297e+03
1.191690323783000849e+03
1.080960849698867833e+03
1.154668811439974206e+03
1.128502251391769278e+03
1.095774980445763958e+03
1.194077629778711525e+03
1.075847491071066088e+03
1.168066569311740523e+03
1.136124608050064353e+03
1.130395678998152334e+03
1.165275514502647866e+03
1.173353251518980642e+03
1.133503091259886332e+03
1.095123023065243842e+03
1.114692053387692795e+03
1.098269982987403864e+03
1.104326138380605926e+03
1.115081024469028534e+03
1.202521072481365991e+03
1.272316355591635784e+03
1.107794458285326527e+03
1.174746495979999736e+03
1.129201746817076582e+03
1.151072584414583389e+03
1.198858218472041926e+03
1.136063196346131008e+03
1.131882037611324449e+03
1.092791539280980032e+03
1.248886972746531001e+03
1.181731542730650062e+03
1.116732263677538867e+03
1.140350384650126443e+03
1.209608266433114750e+03
1.144687699036116555e+03
1.160234209000866258e+03
1.163116475593059931e+03
1.180614688010005466e+03
1.256441492908038526e+03
1.135762623211146320e+03
1.163482916020087032e+03
1.168719869414924688e+03
1.099164340676261190e+03
1.118672207458038429e+03
1.179874035810391888e+03
1.193477666621348362e+03
1.124361329406016694e+03
1.215954852025054151e+03
1.133262197817949527e+03
1.192711221355645876e+03
1.060872688399755816e+03
1.224323011516881024e+03
1.106727449318485924e+03
1.106485767064502625e+03
1.135409333053300315e+03
1.163657824498206082e+03
1.168862231843613245e+03
1.248820717905306310e+03
1.167143347303326436e+03
1.117979101072224694e+03
1.159646209269566953e+03
1.223181720984967342e+03
1.112093977709516594e+03
1.160097835373317594e+03
1.170530117347719170e+03
1.158444076794413604e+03
1.145658834927107819e+03
1.096761752055211446e+03
1.122641669786624334e+03
1.174164021913023589e+03
1.211072111942846277e+03
1.154575507006809175e+03
1.134319738838408057e+03
1.214952536478858747e+03
1.116002541621873206e+03
1.116217960782403225e+03
1.046173137606954697e+03
1.120619065675949969e+03
1.135136522623128258e+03
1.097102508090545143e+03
1.203778067637449112e+03
1.216446645605918548e+03
1.062708896265279691e+03
1.211416481588863462e+03
1.212600873867316977e+03
1.070929732801049795e+03
1.273407249194434144e+03
1.083500456286085864e+03
1.093873645338856932e+03
1.115221467494649460e+03
1.215879253156666664e+03
1.153561299582096353e+03
1.098502644792536330e+03
1.186461620282309468e+03
1.126208493306291530e+03
1.125393549984351694e+03
1.117808493504777516e+03
1.025454019539687124e+03
1.140332885640941186e+03
1.265658401682305794e+03
1.211083185122794248e+03
1.170022451476690776e+03
1.207421466462391891e+03
1.138405655432361755e+03
1.119389864143631257e+03
1.149712038154558059e+03
1.056666695997579836e+03
1.083199881776889470e+03
1.133011905418982678e+03
1.101296630357669301e+03
1.054717027055457720e+03
1.140628488324954560e+03
1.161434041581276233e+03
1.110795047847384467e+03
1.081641532520923874e+03
1.103034736567750997e+03
1.055832840073084753e+03
1.156844523085565015e+03
1.096504311224144658e+03
1.161334626790261837e+03
1.143484653780182725e+03
1.132445264266965751e+03
1.139924610140900541e+03
1.171832582019218535e+03
1.188372020922011643e+03
1.136910535957436878e+03
1.121446754687881139e+03
1.136605921485504496e+03
1.157106668729522426e+03
1.124505465962840162e+03
1.129744025174847820e+03
1.097427932663975525e+03
1.151428079926112105e+03
1.190287133509433261e+03
1.134276975899850868e+03
1.096087519320618640e+03
1.129018524893811446e+03
1.112317594933628243e+03
1.118359090464231940e+03
1.164468957592772540e+03
1.110272536668534258e+03
1.112396688728997105e+03
1.187831641052759551e+03
1.188700763854431671e+03
1.153087346737619328e+03
1.170977599110588471e+03
1.214355821852564077e+03
1.101689403372551169e+03
1.177830493131425328e+03
1.187846514153387261e+03
1.169642348959399442e+03
1.132927976813802161e+03
1.142524641700861366e+03
1.137672710569898072e+03
1.089715564658088169e+03
1.165181384691566109e+03
1.182973888527149938e+03
1.168583440770650668e+03
1.164203339572228515e+03
1.122415861632114911e+03
1.133060955054123724e+03
1.122108389153114331e+03
1.145446103679785438e+03
1.107360333340178386e+03
1.180884834272288117e+03
1.176012568404266858e+03
1.212756060961698722e+03
1.097639651739686087e+03
1.143370818448779119e+03
1.047803497862277482e+03
1.200184786276711975e+03
1.205878584421190681e+03
1.145157405088584710e+03
1.139541660388433456e+03
1.160218291858867815e+03
1.173847428703603327e+03
1.163198461046839839e+03
1.159039084951575660e+03
1.130402773551297969e+03
1.101641069059538040e+03
1.133360170067553781e+03
1.205007252040415096e+03
1.070838033800907624e+03
1.107860535942329079e+03
1.196175628962651672e+03
1.106457177021469306e+03
1.051404130585596249e+03
1.111895459993972736e+03
1.131178466073700974e+03
1.188827471439690044e+03
1.086915438749379973e+03
1.197618969179316309e+03
1.137657918065129707e+03
1.202570351139602963e+03
1.124724076143880666e+03
1.110041727802964033e+03
1.178796919246916104e+03
1.239832246404229863e+03
1.158831393099490469e+03
1.176693527726352386e+03
1.087424362565217962e+03
1.102523071791481470e+03
1.118467681011137756e+03
1.168555524304480514e+03
1.140319324228202049e+03
1.094503546660032953e+03
1.166860418932579250e+03
1.106446960964280606e+03
1.134616622610494460e+03
1.176189895744285195e+03
1.119355345589985063e+03
1.276769297572335972e+03
1.135060400993403618e+03
1.128978410774767099e+03
1.070926724648376648e+03
1.143554979411684826e+03
1.178218814131301770e+03
1.141842586003640918e+03
1.202110145220729009e+03
1.179476179653617237e+03
1.052162471061156566e+03
1.169613588341422428e+03
1.093519759569610414e+03
1.200276405762519062e+03
1.165827588624196778e+03
1.130759431302853955e+03
1.181391817846379354e+03
1.166537463251644567e+03
1.153939784352528932e+03
1.180543844949200093e+03
1.129186154578499554e+03
1.203352966228454306e+03
1.189812696400564846e+03
1.142814038236312399e+03
1.170589655121815213e+03
1.201098923868907150e+03
1.106269648489409292e+03
1.124270497492510913e+03
1.151837416957307369e+03
1.156807993756349560e+03
1.042376541248603189e+03
1.175831410412049536e+03
1.101950080417676418e+03
1.035237925059644112e+03
1.179323314063551607e+03
1.097804579163863764e+03
1.063096969152469228e+03
1.179666677152426018e+03
1.108639411317784834e+03
1.175584470473752617e+03
1.101207831955038273e+03
1.104049524210302025e+03
1.136448502380836544e+03
1.173922927769513763e+03
1.193026572941588483e+03
1.124275569385665676e+03
1.102430358149836820e+03
1.113865896687867007e+03
1.134352977485548308e+03
1.090296454496904971e+03
1.114146951462675815e+03
1.088756922620766090e+03
1.118368997933165701e+03
1.142335081616447042e+03
1.120142633828301086e+03
1.164993264517369653e+03
1.137133837908009127e+03
1.088383833097752131e+03
1.076437031537578378e+03
1.095774576050357382e+03
1.103584751573439689e+03
1.131317674365797075e+03
1.188669601444464433e+03
1.080327299436592057e+03
1.105961800631939695e+03
1.170252825731256962e+03
1.182248339610056064e+03
1.128980018776625911e+03
1.132931135853543083e+03
1.105347050708999859e+03
1.153676727420859379e+03
1.119387668090206944e+03
1.117401984455861339e+03
1.164326679686774924e+03
1.115179538706271160e+03
1.109740807306915485e+03
1.186899255610388082e+03
1.109067720674091561e+03
1.162225095593763399e+03
1.131541565899627130e+03
1.116078577040667597e+03
1.153955406187724520e+03
1.078564780313690790e+03
1.141988915119397461e+03
1.152898966418930286e+03
1.127804900655159599e+03
1.107412361201010526e+03
1.109845625523834769e+03
1.151523791301672645e+03
1.140920050037470673e+03
1.182439699598469815e+03
1.185889855244134196e+03
1.124556043314654289e+03
1.185590733442254987e+03
1.116672236125568816e+03
1.169823769475812242e+03
1.080537752937855657e+03
1.135550046439587277e+03
1.152759208848580329e+03
1.188537900288218680e+03
1.196045503505255510e+03
1.170753883217420253e+03
1.141818322502917681e+03
1.108507707053987133e+03
1.138972892486053070e+03
1.114984719570721381e+03
1.176112464310858513e+03
1.129482781435406423e+03
1.135364558269597637e+03
1.112933159414879583e+03
1.099667627735853330e+03
1.177177591074333804e+03
1.199495622095131466e+03
1.108160750656653818e+03
1.135029485555753581e+03
1.134693338749962550e+03
1.179189490891560581e+03
1.069542142915614249e+03
1.142694062893544697e+03
1.053122684626775936e+03
1.180106931890097258e+03
1.118114053096586758e+03
1.150380263327308285e+03
1.146935433359749368e+03
1.136235960515969737e+03
1.045434395257294227e+03
1.138631464471517575e+03
1.063587474424399943e+03
1.100270430182987411e+03
1.219896971410850938e+03
1.196979149131511804e+03
1.165100348451048603e+03
1.152162700484725974e+03
1.205283391642851711e+03
1.105176253124730010e+03
1.118352362458425887e+03
1.128189211340195925e+03
1.181340304041699710e+03
1.075669402754574776e+03
1.134689887588113152e+03
1.239255416344541800e+03
1.154892450617222039e+03
1.135772018057347623e+03
1.123126752661744376e+03
1.141118174521812534e+03
1.079945536062116844e+03
1.183763238666456118e+03
1.129718096400036075e+03
1.093200953799429954e+03
1.139650755927760883e+03
1.121915498489476477e+03
1.136928891421727258e+03
1.057272880456176608e+03
1.144432997284950261e+03
1.078473937738052882e+03
1.052932095878631799e+03
1.108800821141995129e+03
1.118076298116230873e+03
1.118767585150465038e+03
1.218340331394932718e+03
1.130531969953012094e+03
1.139098156732005236e+03
1.082843917393830907e+03
1.167462800250740884e+03
1.161371893022164841e+03
1.162392891284189773e+03
1.079045568403428661e+03
1.159649093115238429e+03
1.125745763254774374e+03
1.187917653558587972e+03
1.143009947346596618e+03
1.138732070105317007e+03
1.158046998793263583e+03
1.120765074337219176e+03
1.110327620256443424e+03
