4.929119999999999709e+04
4.929119999999999709e+04
4.929119999999999709e+04
4.929119999999999709e+04
9.858239999999999418e+04
9.858239999999999418e+04
9.858239999999999418e+04
1.971647999999999884e+05
1.971647999999999884e+05
1.971647999999999884e+05
3.450383999999999651e+05
3.450383999999999651e+05
3.450383999999999651e+05
4.929119999999999709e+04
4.929119999999999709e+04
4.929119999999999709e+04
2.957471999999999534e+05
2.957471999999999534e+05
2.957471999999999534e+05
4.929119999999999709e+04
4.929119999999999709e+04
4.929119999999999709e+04
9.858239999999999418e+04
9.858239999999999418e+04
9.858239999999999418e+04
4.929119999999999709e+04
4.929119999999999709e+04
4.929119999999999709e+04
4.929119999999999709e+04
4.929119999999999709e+04
4.929119999999999709e+04
5.914943999999999069e+05
5.914943999999999069e+05
5.914943999999999069e+05
3.450383999999999651e+05
3.450383999999999651e+05
3.450383999999999651e+05
1.971647999999999884e+05
1.971647999999999884e+05
1.971647999999999884e+05
2.957471999999999534e+05
2.957471999999999534e+05
2.957471999999999534e+05
4.929119999999999709e+04
4.929119999999999709e+04
4.929119999999999709e+04
4.929119999999999709e+04
4.929119999999999709e+04
4.929119999999999709e+04
9.858239999999999418e+04
9.858239999999999418e+04
9.858239999999999418e+04
9.858239999999999418e+04
9.858239999999999418e+04
9.858239999999999418e+04
9.858239999999999418e+04
9.858239999999999418e+04
9.858239999999999418e+04
4.929119999999999709e+04
4.929119999999999709e+04
4.929119999999999709e+04
4.929119999999999709e+04
4.929119999999999709e+04
4.929119999999999709e+04
4.929119999999999709e+04
4.929119999999999709e+04
4.929119999999999709e+04
4.929119999999999709e+04
4.929119999999999709e+04
4.929119999999999709e+04
4.929119999999999709e+04
4.929119999999999709e+04
4.929119999999999709e+04
9.858239999999999418e+04
9.858239999999999418e+04
9.858239999999999418e+04
4.929119999999999709e+04
4.929119999999999709e+04
4.929119999999999709e+04
