8.379503999999999069e+05
2.464560000000000000e+05
2.464560000000000000e+05
2.464560000000000000e+05
3.943295999999999767e+05
3.943295999999999767e+05
3.943295999999999767e+05
2.464560000000000000e+05
2.464560000000000000e+05
2.464560000000000000e+05
1.478735999999999767e+05
1.478735999999999767e+05
1.478735999999999767e+05
1.478735999999999767e+05
1.478735999999999767e+05
1.478735999999999767e+05
4.929119999999999709e+04
4.929119999999999709e+04
4.929119999999999709e+04
4.929119999999999709e+04
4.929119999999999709e+04
4.929119999999999709e+04
9.858239999999999418e+04
9.858239999999999418e+04
9.858239999999999418e+04
4.929119999999999709e+04
4.929119999999999709e+04
4.929119999999999709e+04
9.858239999999999418e+04
9.858239999999999418e+04
9.858239999999999418e+04
9.858239999999999418e+04
9.858239999999999418e+04
9.858239999999999418e+04
4.929119999999999709e+04
4.929119999999999709e+04
4.929119999999999709e+04
1.478735999999999767e+05
1.478735999999999767e+05
1.478735999999999767e+05
4.929119999999999709e+04
4.929119999999999709e+04
4.929119999999999709e+04
4.929119999999999709e+04
4.929119999999999709e+04
4.929119999999999709e+04
4.929119999999999709e+04
4.929119999999999709e+04
4.929119999999999709e+04
4.929119999999999709e+04
4.929119999999999709e+04
4.929119999999999709e+04
4.929119999999999709e+04
4.929119999999999709e+04
4.929119999999999709e+04
4.929119999999999709e+04
4.929119999999999709e+04
4.929119999999999709e+04
9.858239999999999418e+04
9.858239999999999418e+04
9.858239999999999418e+04
9.858239999999999418e+04
9.858239999999999418e+04
9.858239999999999418e+04
9.858239999999999418e+04
9.858239999999999418e+04
9.858239999999999418e+04
9.858239999999999418e+04
9.858239999999999418e+04
9.858239999999999418e+04
4.929119999999999709e+04
4.929119999999999709e+04
4.929119999999999709e+04
4.929119999999999709e+04
4.929119999999999709e+04
4.929119999999999709e+04
4.436207999999999884e+05
4.436207999999999884e+05
4.436207999999999884e+05
