4.929119999999999709e+04
4.929119999999999709e+04
4.929119999999999709e+04
4.929119999999999709e+04
4.929119999999999709e+04
4.929119999999999709e+04
4.929119999999999709e+04
4.929119999999999709e+04
4.929119999999999709e+04
4.929119999999999709e+04
4.929119999999999709e+04
4.929119999999999709e+04
4.929119999999999709e+04
4.929119999999999709e+04
4.929119999999999709e+04
4.929119999999999709e+04
4.929119999999999709e+04
4.929119999999999709e+04
4.929119999999999709e+04
4.929119999999999709e+04
4.929119999999999709e+04
4.929119999999999709e+04
4.929119999999999709e+04
4.929119999999999709e+04
4.929119999999999709e+04
4.929119999999999709e+04
4.929119999999999709e+04
4.929119999999999709e+04
4.929119999999999709e+04
4.929119999999999709e+04
4.929119999999999709e+04
4.929119999999999709e+04
4.929119999999999709e+04
4.929119999999999709e+04
4.929119999999999709e+04
4.929119999999999709e+04
4.929119999999999709e+04
4.929119999999999709e+04
4.929119999999999709e+04
4.929119999999999709e+04
4.929119999999999709e+04
4.929119999999999709e+04
4.929119999999999709e+04
4.929119999999999709e+04
4.929119999999999709e+04
4.929119999999999709e+04
4.929119999999999709e+04
4.929119999999999709e+04
4.929119999999999709e+04
4.929119999999999709e+04
4.929119999999999709e+04
4.929119999999999709e+04
4.929119999999999709e+04
4.929119999999999709e+04
4.929119999999999709e+04
4.929119999999999709e+04
4.929119999999999709e+04
4.929119999999999709e+04
4.929119999999999709e+04
4.929119999999999709e+04
4.929119999999999709e+04
4.929119999999999709e+04
4.929119999999999709e+04
9.858239999999999418e+04
9.858239999999999418e+04
9.858239999999999418e+04
4.929119999999999709e+04
4.929119999999999709e+04
4.929119999999999709e+04
4.929119999999999709e+04
4.929119999999999709e+04
4.929119999999999709e+04
4.929119999999999709e+04
4.929119999999999709e+04
4.929119999999999709e+04
4.929119999999999709e+04
4.929119999999999709e+04
4.929119999999999709e+04
4.929119999999999709e+04
