4.929119999999999709e+04
4.929119999999999709e+04
4.929119999999999709e+04
4.929119999999999709e+04
4.929119999999999709e+04
4.929119999999999709e+04
4.929119999999999709e+04
4.929119999999999709e+04
4.929119999999999709e+04
4.929119999999999709e+04
4.929119999999999709e+04
4.929119999999999709e+04
4.929119999999999709e+04
4.929119999999999709e+04
4.929119999999999709e+04
4.929119999999999709e+04
9.858239999999999418e+04
9.858239999999999418e+04
9.858239999999999418e+04
1.478735999999999767e+05
1.478735999999999767e+05
1.478735999999999767e+05
9.858239999999999418e+04
9.858239999999999418e+04
9.858239999999999418e+04
4.929119999999999709e+04
4.929119999999999709e+04
4.929119999999999709e+04
4.929119999999999709e+04
4.929119999999999709e+04
4.929119999999999709e+04
1.478735999999999767e+05
1.478735999999999767e+05
1.478735999999999767e+05
3.450383999999999651e+05
3.450383999999999651e+05
3.450383999999999651e+05
1.478735999999999767e+05
1.478735999999999767e+05
1.478735999999999767e+05
4.929119999999999709e+04
4.929119999999999709e+04
4.929119999999999709e+04
4.929119999999999709e+04
4.929119999999999709e+04
4.929119999999999709e+04
4.929119999999999709e+04
4.929119999999999709e+04
4.929119999999999709e+04
4.929119999999999709e+04
4.929119999999999709e+04
4.929119999999999709e+04
4.929119999999999709e+04
4.929119999999999709e+04
4.929119999999999709e+04
4.929119999999999709e+04
4.929119999999999709e+04
4.929119999999999709e+04
4.929119999999999709e+04
4.929119999999999709e+04
4.929119999999999709e+04
4.929119999999999709e+04
4.929119999999999709e+04
4.929119999999999709e+04
4.929119999999999709e+04
4.929119999999999709e+04
4.929119999999999709e+04
9.858239999999999418e+04
9.858239999999999418e+04
9.858239999999999418e+04
4.929119999999999709e+04
4.929119999999999709e+04
4.929119999999999709e+04
4.929119999999999709e+04
4.929119999999999709e+04
4.929119999999999709e+04
4.929119999999999709e+04
4.929119999999999709e+04
4.929119999999999709e+04
