-1.465849978770255857e-01 -1.468406851873350627e-01 1.000000000000000000e+00
-1.199689084348753293e-01 -1.200922589358084241e-01 1.000000000000000000e+00
-4.002924590304187541e-02 -4.016374953111453983e-02 1.000000000000000000e+00
-1.383887839418717625e-01 -1.382772420426968130e-01 1.000000000000000222e+00
1.718908338305339401e-01 1.721116192496233432e-01 1.000000000000000222e+00
-6.133853904185088829e-02 -6.093493805088292387e-02 1.000000000000000000e+00
-2.151078983282856405e-01 -2.149486582055645245e-01 1.000000000000000222e+00
-1.250150889107040919e-01 -1.245035579211808546e-01 1.000000000000000222e+00
1.179966393398680508e-01 1.183565655945043871e-01 1.000000000000000000e+00
6.359796799018627329e-03 6.665908562729729037e-03 1.000000000000000222e+00
2.833276194186625241e-01 2.832505686686929147e-01 1.000000000000000000e+00
-1.037369617175027403e-01 -1.036129961416381307e-01 1.000000000000000000e+00
6.997147499663620984e-02 7.008174254457462393e-02 1.000000000000000222e+00
-1.117401596925344381e-01 -1.117810892662860350e-01 1.000000000000000222e+00
-4.575355340071372845e-02 -4.564452588514824466e-02 9.999999999999997780e-01
2.421656393318621092e-01 2.421511613029559973e-01 1.000000000000000000e+00
1.618122593153671074e-01 1.615870095962934627e-01 1.000000000000000222e+00
5.973746908044731685e-03 6.114000412515803277e-03 1.000000000000000000e+00
-1.632955275350109481e-01 -1.630703153711754727e-01 1.000000000000000000e+00
8.037052245836735775e-02 8.024860390609962757e-02 1.000000000000000000e+00
-4.473926562938580764e-02 -4.497462471600315037e-02 1.000000000000000000e+00
-2.675838468362126688e-01 -2.674274704758088927e-01 1.000000000000000000e+00
-1.786029695051332689e-01 -1.788346093640010848e-01 9.999999999999998890e-01
-6.468269729288675385e-02 -6.455674715544099107e-02 1.000000000000000000e+00
-1.970015923321861984e-01 -1.973018536019328084e-01 1.000000000000000000e+00
-8.796278734854491577e-02 -8.763253028118700438e-02 1.000000000000000000e+00
2.243152207924001829e-01 2.243234865257800748e-01 1.000000000000000000e+00
5.649241197175327439e-02 5.615669539410803740e-02 1.000000000000000222e+00
5.985552204357274392e-02 6.002181023508908891e-02 9.999999999999998890e-01
-1.020696717537036557e-01 -1.021301104564795587e-01 1.000000000000000222e+00
-6.694147697899580085e-02 -6.728309117327058164e-02 1.000000000000000222e+00
-4.759194634721691797e-02 -4.755056833296666952e-02 1.000000000000000000e+00
-5.888285866257365192e-02 -5.879279167984804294e-02 1.000000000000000000e+00
2.132015738338553235e-01 2.130434047578494416e-01 1.000000000000000222e+00
-1.853494068603884354e-02 -1.863834919944820645e-02 1.000000000000000222e+00
2.740341898062903514e-02 2.740549290410641131e-02 1.000000000000000222e+00
-2.002274304222384227e-01 -2.005594637855050155e-01 9.999999999999997780e-01
1.176654223618073258e-01 1.178722508791950618e-01 1.000000000000000000e+00
8.825150808095223731e-02 8.796213033148449212e-02 9.999999999999998890e-01
1.584551431514043610e-02 1.595383513193538577e-02 1.000000000000000222e+00
1.049173933732045483e-01 1.049882653910480107e-01 9.999999999999998890e-01
-7.546572926000393033e-02 -7.550553692185965615e-02 1.000000000000000000e+00
-2.770283465370093623e-02 -2.817778746118149158e-02 1.000000000000000000e+00
3.783456261709738921e-02 3.808973577052220810e-02 9.999999999999998890e-01
4.320797248610036556e-02 4.310077630360455853e-02 9.999999999999997780e-01
-7.589830527554013162e-02 -7.574380472304759193e-02 1.000000000000000000e+00
-4.381036078607271345e-02 -4.371017758748021315e-02 1.000000000000000000e+00
-1.146882174871235172e-01 -1.146562691898173753e-01 1.000000000000000000e+00
1.170572572088915270e-01 1.168937140925617735e-01 1.000000000000000222e+00
1.028120757074778152e-01 1.022322323818558309e-01 1.000000000000000000e+00
9.010175865964246966e-02 9.034703112867234487e-02 1.000000000000000000e+00
-7.198989943707995165e-02 -7.203496491150647441e-02 1.000000000000000000e+00
1.777236092843227644e-01 1.778450344024973262e-01 1.000000000000000000e+00
1.144058857124000128e-01 1.140485429345710205e-01 1.000000000000000222e+00
3.992189667695641986e-02 4.022888421300543221e-02 1.000000000000000222e+00
-1.165295270029013952e-02 -1.124693620264070534e-02 1.000000000000000222e+00
1.358888762922167148e-01 1.361016552990618744e-01 1.000000000000000000e+00
-5.517794848074142333e-02 -5.499532549127209707e-02 1.000000000000000000e+00
-1.677783472742040358e-02 -1.685465245768389200e-02 1.000000000000000000e+00
-7.228307057769631228e-02 -7.216771938232136030e-02 1.000000000000000222e+00
9.739034756893196268e-03 1.002876921311541755e-02 1.000000000000000000e+00
-1.305143327493843708e-01 -1.305483541703634787e-01 9.999999999999997780e-01
-7.503297213551977929e-02 -7.500860619396378104e-02 1.000000000000000000e+00
-7.070407530199131207e-02 -7.070610427002110843e-02 9.999999999999998890e-01
2.285711429105503067e-01 2.286861498946594073e-01 1.000000000000000000e+00
2.080127097809671421e-01 2.082621830450607225e-01 1.000000000000000000e+00
-1.500896215796002908e-01 -1.501833546422093324e-01 1.000000000000000000e+00
-3.391243973947146717e-01 -3.390612629358093488e-01 1.000000000000000222e+00
-1.211904575504266918e-01 -1.216530029585278228e-01 1.000000000000000000e+00
-1.188163007789157927e-01 -1.195362864054458629e-01 1.000000000000000000e+00
1.386167258417735915e-01 1.385538463810444543e-01 1.000000000000000000e+00
-1.024974476886033881e-01 -1.026406323844022556e-01 1.000000000000000000e+00
-7.173888807109479737e-02 -7.157326727868273952e-02 1.000000000000000000e+00
1.765705972390425524e-02 1.753140485322845013e-02 1.000000000000000222e+00
-1.687836166615251099e-01 -1.686889818360956250e-01 1.000000000000000000e+00
-1.617145434356898059e-02 -1.614329658546699575e-02 1.000000000000000000e+00
-3.743554097801417291e-02 -3.731580941436677540e-02 1.000000000000000000e+00
5.551462945985863318e-02 5.546519884949994983e-02 1.000000000000000000e+00
7.862663002241936094e-02 7.881794192458016490e-02 1.000000000000000000e+00
-1.271612760001065157e-01 -1.267228350040317253e-01 1.000000000000000000e+00
-5.001000549881878809e-02 -4.994221853260007171e-02 1.000000000000000222e+00
8.104137157539295644e-02 8.102665948924560324e-02 9.999999999999997780e-01
1.958752114589513982e-02 1.963735719769923657e-02 9.999999999999998890e-01
-1.411485931646487280e-01 -1.409871278261584093e-01 9.999999999999997780e-01
-1.946578379784150714e-01 -1.944437691401755541e-01 1.000000000000000000e+00
-1.609534385220714736e-01 -1.610731259667273485e-01 1.000000000000000222e+00
-2.770422449273426263e-02 -2.804366937751897465e-02 9.999999999999998890e-01
5.020243004557657651e-02 5.029980823271512635e-02 1.000000000000000222e+00
-2.781404388029440899e-01 -2.780335457026774648e-01 9.999999999999998890e-01
-8.823746953357390621e-02 -8.782582359724991350e-02 9.999999999999998890e-01
-1.793930953966158537e-01 -1.794259915921148640e-01 1.000000000000000000e+00
-2.751427167649011518e-01 -2.749329898206424594e-01 1.000000000000000000e+00
7.252573873271016269e-02 7.271517621997250491e-02 1.000000000000000222e+00
-7.886882752875874758e-02 -7.902406516128610003e-02 1.000000000000000222e+00
-9.155599488875990066e-02 -9.153572272475760108e-02 9.999999999999997780e-01
1.355464650073512078e-01 1.357941603875057468e-01 1.000000000000000000e+00
1.949807884563917529e-02 1.949857227175672350e-02 9.999999999999998890e-01
-1.068879585393663484e-01 -1.068811871466724822e-01 9.999999999999997780e-01
2.016320068816576661e-02 2.020111750987920590e-02 9.999999999999998890e-01
2.118759394297433929e-01 2.117693417641335896e-01 1.000000000000000000e+00
-1.513356195130736992e-01 -1.514791405719543571e-01 9.999999999999998890e-01
-1.787415511080170105e-01 -1.789512441541398768e-01 1.000000000000000222e+00
1.780279315582804500e-01 1.782593162855746483e-01 1.000000000000000222e+00
-1.317498212727615248e-01 -1.318318965025564171e-01 1.000000000000000000e+00
2.494717963799733540e-02 2.493892493930362914e-02 1.000000000000000000e+00
-6.373099170096267925e-03 -6.285581430834819364e-03 9.999999999999998890e-01
-2.159319823483698067e-02 -2.185347883663868798e-02 1.000000000000000222e+00
-1.538884097817077856e-01 -1.539143278195759523e-01 9.999999999999998890e-01
-9.440538233238272500e-03 -9.163206022067365425e-03 1.000000000000000222e+00
-1.245421906442141374e-01 -1.247957808506205829e-01 1.000000000000000000e+00
8.783682955893952482e-02 8.824666027854140282e-02 1.000000000000000000e+00
2.929412352135439893e-02 2.926266222233286224e-02 9.999999999999997780e-01
4.457523194234316866e-02 4.450131357360726653e-02 1.000000000000000000e+00
4.348342657041148751e-02 4.319755686111838300e-02 9.999999999999997780e-01
3.171272978721944025e-01 3.169868674644641393e-01 1.000000000000000000e+00
-1.216561076760521304e-01 -1.214959663313508326e-01 1.000000000000000000e+00
1.845109852388998883e-01 1.844938413575425706e-01 1.000000000000000000e+00
-1.665768720142942194e-01 -1.663181736304835678e-01 1.000000000000000000e+00
-1.188229859427614166e-01 -1.191311279675013463e-01 1.000000000000000222e+00
2.156610437300579830e-01 2.153880187303702232e-01 1.000000000000000222e+00
-9.056506121075766358e-02 -9.057775231538189864e-02 1.000000000000000222e+00
4.630290370560146557e-02 4.643718337209974678e-02 1.000000000000000222e+00
-5.889743406998267788e-03 -6.009260449050033044e-03 1.000000000000000000e+00
6.552649244680192053e-02 6.580629659912035079e-02 1.000000000000000000e+00
-2.181760695883296908e-01 -2.182488767423563236e-01 9.999999999999997780e-01
6.491397035233369139e-02 6.490318816177306771e-02 1.000000000000000000e+00
1.570044587073477216e-01 1.569381783131262031e-01 1.000000000000000000e+00
-1.880869942767669223e-01 -1.879495478348098270e-01 9.999999999999997780e-01
2.603499282573287221e-01 2.601438277244744746e-01 1.000000000000000000e+00
9.943066763805748220e-02 9.928988511216511881e-02 1.000000000000000222e+00
-5.232396595585847576e-02 -5.244811045821858031e-02 1.000000000000000000e+00
-2.109499089052717380e-02 -2.110878436812413037e-02 1.000000000000000222e+00
-3.787845330012358513e-02 -3.760316690957324348e-02 9.999999999999998890e-01
1.183105321843669622e-01 1.181777305873066841e-01 1.000000000000000000e+00
-5.331532847424329431e-03 -5.459658582416837026e-03 1.000000000000000222e+00
4.085343026331644811e-02 4.042868039561342552e-02 1.000000000000000000e+00
1.316527989711162652e-02 1.298479468558301486e-02 1.000000000000000000e+00
-1.515182482687227328e-01 -1.517204193886269870e-01 1.000000000000000000e+00
-1.601888596378208962e-01 -1.605344381344664950e-01 9.999999999999998890e-01
9.176366605303019897e-02 9.204929761845903613e-02 1.000000000000000222e+00
9.965989422916624041e-02 9.940841554238469269e-02 1.000000000000000000e+00
-8.854206738693834455e-02 -8.863986118761360555e-02 1.000000000000000000e+00
-3.351183663541020506e-03 -3.415899835956529278e-03 1.000000000000000000e+00
1.701719951571359635e-01 1.700309814818647403e-01 1.000000000000000000e+00
7.538329518136456520e-02 7.566024440441451726e-02 1.000000000000000222e+00
-9.059036448861661206e-02 -9.070578589536013037e-02 1.000000000000000222e+00
2.404916613166573069e-01 2.405323442336975426e-01 1.000000000000000222e+00
1.373481899713827406e-02 1.390843897311776212e-02 1.000000000000000222e+00
-2.879236870852970309e-01 -2.877976242274072893e-01 1.000000000000000000e+00
8.368766577271888329e-02 8.380165037070679002e-02 1.000000000000000000e+00
1.604938933891197350e-01 1.604067735720585419e-01 1.000000000000000000e+00
-1.496860185291324363e-01 -1.497878103979272679e-01 9.999999999999997780e-01
-7.698110425771460819e-02 -7.701250133377089691e-02 1.000000000000000000e+00
1.565678321629611347e-01 1.565242838657429358e-01 1.000000000000000222e+00
1.034429539804303522e-01 1.033659712055222252e-01 1.000000000000000000e+00
-5.960411350422762516e-04 -1.316582421293882815e-04 1.000000000000000000e+00
1.573438163755195851e-01 1.574839210962005742e-01 1.000000000000000000e+00
-8.774424368076647789e-04 -9.246862009166396381e-04 1.000000000000000000e+00
-2.414695332565749628e-02 -2.425812609352038379e-02 9.999999999999997780e-01
1.918476598799942756e-01 1.917446425460187787e-01 1.000000000000000222e+00
-1.205526724294268548e-01 -1.204069604882357369e-01 1.000000000000000000e+00
9.835751503781055283e-03 1.003077266209915878e-02 1.000000000000000000e+00
2.877026871042888123e-01 2.873691393173158359e-01 9.999999999999997780e-01
2.475891423111741263e-01 2.474259421556058436e-01 1.000000000000000000e+00
-2.151817944765207768e-01 -2.152408650910856702e-01 1.000000000000000000e+00
-5.164714663973358350e-02 -5.173977701053297101e-02 1.000000000000000222e+00
9.227734486760975907e-02 9.258769433401324578e-02 1.000000000000000000e+00
-9.673907596930537978e-02 -9.694090358427971676e-02 1.000000000000000000e+00
6.719998261235280400e-03 6.726332089096636983e-03 1.000000000000000000e+00
1.404297569465195183e-01 1.401663951097800176e-01 1.000000000000000000e+00
5.191561400388643860e-02 5.166706597447803806e-02 9.999999999999997780e-01
5.197772602628574021e-04 7.666438030386466592e-04 1.000000000000000000e+00
3.531635836446222337e-02 3.523874823220228547e-02 9.999999999999998890e-01
1.310292418925503022e-02 1.298021538447722938e-02 1.000000000000000222e+00
-1.560664405763834139e-01 -1.560923582118249886e-01 1.000000000000000000e+00
-2.626625474290004286e-02 -2.634712415663411494e-02 1.000000000000000222e+00
-2.018872072281581720e-01 -2.019337635673791598e-01 9.999999999999998890e-01
2.159020746183940020e-01 2.157837430233240927e-01 1.000000000000000222e+00
8.213457908941221297e-02 8.208164533007208941e-02 9.999999999999998890e-01
2.410305454794293145e-01 2.414862948038741519e-01 9.999999999999997780e-01
-1.459401623137226711e-01 -1.460220942097777697e-01 9.999999999999998890e-01
-2.777538085861471634e-02 -2.815003490727094326e-02 1.000000000000000000e+00
-4.866300735253324683e-02 -4.841543193833649367e-02 1.000000000000000222e+00
-2.557526088854076840e-01 -2.558654660979071682e-01 9.999999999999998890e-01
-1.996979796877104696e-02 -2.008693251390792842e-02 1.000000000000000000e+00
-4.079053251131490865e-01 -4.077476893501570943e-01 9.999999999999998890e-01
1.734495589025256967e-01 1.732263271821098682e-01 1.000000000000000000e+00
1.234549682401259868e-01 1.236610536995503412e-01 1.000000000000000222e+00
-3.732746260654260517e-01 -3.730300082359374603e-01 1.000000000000000000e+00
-2.285205348534997960e-01 -2.282781608075074575e-01 9.999999999999997780e-01
8.864031915280953799e-02 8.865278127331435720e-02 1.000000000000000000e+00
7.451525433273639698e-03 7.859911913539954428e-03 1.000000000000000000e+00
1.148002792469123880e-02 1.186887243696662167e-02 9.999999999999997780e-01
-2.563084037315945668e-02 -2.527899052623212503e-02 1.000000000000000000e+00
2.400747615758472842e-01 2.404566540193477930e-01 1.000000000000000000e+00
4.124906563027804646e-02 4.116505362366259385e-02 1.000000000000000000e+00
-2.208765685414448288e-01 -2.207877865253199956e-01 1.000000000000000000e+00
5.899776098558479065e-02 5.884686903611970055e-02 1.000000000000000000e+00
7.475389353606164133e-02 7.472936602642119008e-02 9.999999999999998890e-01
-1.285117321335199070e-01 -1.286495235841356999e-01 1.000000000000000000e+00
