-1.355703740136527627e-04 -1.357736865681292288e-04 9.258718495132947646e-04
-1.261219571490038616e-04 -1.262353478213069263e-04 1.013150424187922406e-03
-3.636910644010420466e-05 -3.649992140065101242e-05 8.804631463115783615e-04
-1.212205071451363597e-04 -1.211099054340351703e-04 7.992134411746135581e-04
1.739047105458251473e-04 1.741188261228428387e-04 8.101260406429356201e-04
-5.195089763189753864e-05 -5.160524965361264091e-05 7.255305000058670604e-04
-2.093183623871550645e-04 -2.090660746650196576e-04 1.011552300019905818e-03
-1.038257453073390278e-04 -1.033609238830969517e-04 8.154598480064664118e-04
1.350171294107687747e-04 1.354382840977876804e-04 1.094387255197302577e-03
6.603048561507566287e-06 6.919622847924887315e-06 1.140280413047204755e-03
2.318808486921373829e-04 2.318231557484833169e-04 8.320647784246209665e-04
-1.003363252177022112e-04 -1.002361300834852506e-04 1.094342532987123071e-03
7.240251488609064786e-05 7.251266947570028599e-05 9.767564552920601946e-04
-1.035270133995555266e-04 -1.035415493660793646e-04 8.057735582005366541e-04
-3.892082042226380320e-05 -3.882942271947416774e-05 1.009414724407885385e-03
2.140988348444271727e-04 2.140851195455006494e-04 8.364805397281352460e-04
1.347016766332950581e-04 1.344819167894336915e-04 9.628411253497328511e-04
4.889294288712120463e-06 5.002781041260306703e-06 8.495749450611896460e-04
-1.587360245081629207e-04 -1.585330939720807763e-04 1.073113788110458726e-03
6.053706201508086889e-05 6.043281982147107224e-05 7.523630332447249318e-04
-3.482176280635639423e-05 -3.499494666346453459e-05 6.061432690557538730e-04
-2.354989429218152543e-04 -2.353172847368916680e-04 7.952740767001294318e-04
-1.561582377094397156e-04 -1.563708121340514647e-04 7.274709402686004196e-04
-6.647218740906840368e-05 -6.634064520505956433e-05 8.060276460462056404e-04
-1.816097651960814948e-04 -1.818476893774074901e-04 9.089095885610028397e-04
-7.920964565087963683e-05 -7.891435779238824321e-05 8.146204541818110332e-04
1.905182941463421384e-04 1.904859611527475100e-04 8.857693531206931774e-04
5.707179597517330884e-05 5.673854751515606783e-05 8.998211804631532943e-04
5.312146246294475170e-05 5.327231115741296708e-05 9.431602556478231852e-04
-9.132289231503242823e-05 -9.138755183752865984e-05 1.034316999474977359e-03
-6.963435765584899265e-05 -6.999379480371027912e-05 1.089679991018343641e-03
-3.606309932160584785e-05 -3.601993551487121272e-05 7.864619427556927573e-04
-5.131676588086710975e-05 -5.122519431693962606e-05 7.985482722463754530e-04
2.053424443986804390e-04 2.051375228846884127e-04 7.884094442179216764e-04
-1.772609823381328826e-05 -1.782396592303080499e-05 1.003345377194738873e-03
2.780845904435747321e-05 2.781016448989675672e-05 1.331297393142067027e-03
-1.839116263058509669e-04 -1.841824095996296513e-04 1.133110937759065602e-03
1.070731026858246968e-04 1.072856326007134173e-04 8.015042018389854960e-04
6.253640748667410869e-05 6.229409094700866928e-05 6.727370587226870523e-04
1.331881991157157633e-05 1.341046391324211636e-05 8.424765915271167742e-04
9.969034924257221529e-05 9.973409916534344867e-05 9.204791588875710492e-04
-6.559876331681573829e-05 -6.562434245087846629e-05 1.002111683487653601e-03
-2.382712679310304601e-05 -2.423755152566667089e-05 7.918410116509877342e-04
3.749968995984283418e-05 3.776202525665617061e-05 8.808767977763595682e-04
4.015042626046145776e-05 4.003418979201875389e-05 1.069547158276557344e-03
-6.136062397751143344e-05 -6.121116758212503701e-05 7.877178000611812121e-04
-4.486208193623708368e-05 -4.476471786322440389e-05 1.078189783953492631e-03
-1.029747770394189813e-04 -1.029277587402278041e-04 8.519576357375218453e-04
9.433852288982088263e-05 9.419219673464624234e-05 8.140373498171731524e-04
8.625227950607037490e-05 8.576690735132437007e-05 7.261983168946722347e-04
7.135733022079636032e-05 7.156959662847856094e-05 8.852550214507285027e-04
-6.561798102422982022e-05 -6.567122384751817373e-05 9.009250313954998181e-04
1.649764003261723047e-04 1.650792272599543409e-04 7.857891095325066078e-04
1.054936924000369379e-04 1.051315541083168681e-04 9.723501889437889721e-04
3.410195953248865239e-05 3.436602790198264759e-05 6.591962162804533131e-04
-1.162171690249281536e-05 -1.121225151996151050e-05 9.131132865158994496e-04
1.287749299817737294e-04 1.289564039666686048e-04 9.797517987827559279e-04
-5.575949475511387095e-05 -5.557304107802597495e-05 1.057882376826295651e-03
-1.444752431404780829e-05 -1.451139647139567545e-05 6.754703816974074685e-04
-6.328586979523530894e-05 -6.319232801138891160e-05 1.034616345851785716e-03
1.182281766669001002e-05 1.217325266296943302e-05 1.424616072575058236e-03
-1.021410903935668552e-04 -1.021907313025228201e-04 9.936430791233795065e-04
-5.416140258908283761e-05 -5.413929117969617008e-05 8.111224308699667169e-04
-5.778289003960275234e-05 -5.778734727245425634e-05 7.493617534927107544e-04
2.118224946258985271e-04 2.119554711601880667e-04 1.020979830246416305e-03
1.901788922799162347e-04 1.904182416886332236e-04 9.144818172162400742e-04
-1.491302038750399008e-04 -1.492641793148410782e-04 1.101897418570240220e-03
-3.768724184912411652e-04 -3.768090969813102744e-04 9.650427818831788015e-04
-9.236541915543979573e-05 -9.270199003904886306e-05 8.016284705334670918e-04
-8.390623194694317140e-05 -8.442839939044572241e-05 5.999143269304967833e-04
1.151849421346277323e-04 1.151212059164651648e-04 8.910273110096633004e-04
-9.248002321689134978e-05 -9.258942584907150478e-05 8.975068272821680720e-04
-6.349416353307930254e-05 -6.333014546314690409e-05 9.525256503685388277e-04
1.704590230127187334e-05 1.692738551240119957e-05 9.200640267837061721e-04
-1.264922247459641296e-04 -1.264106781653778625e-04 8.860186941985506671e-04
-1.524600539020738043e-05 -1.521726993452012521e-05 9.534226980691266938e-04
-3.599060769661260786e-05 -3.587855497521664529e-05 8.134981033351370606e-04
4.784554336215085990e-05 4.780267597482456459e-05 1.083148791300342882e-03
5.868043665750867472e-05 5.882329208876361951e-05 7.521440437840804741e-04
-1.048825300301151514e-04 -1.045272366124747277e-04 8.449561479261043142e-04
-4.792293245530322379e-05 -4.784428752323335594e-05 1.097052611417970343e-03
7.184445316809662024e-05 7.182154888459379798e-05 1.080693122443758232e-03
2.060465121702384294e-05 2.065827069853872679e-05 9.515585720886923088e-04
-1.312972507374410367e-04 -1.311621246029572811e-04 1.122841021842582504e-03
-1.464804007277839570e-04 -1.463286594694467556e-04 7.579967567138320419e-04
-1.725247184192634680e-04 -1.727171001097280092e-04 8.832913961417773914e-04
-2.269755860154543101e-05 -2.297984043131018220e-05 8.097164944660451870e-04
3.852322061287162964e-05 3.859488942085683284e-05 9.026541106812781831e-04
-2.689313793461416070e-04 -2.687860466792316855e-04 9.341964668022031048e-04
-9.071913391188740768e-05 -9.029600490723555146e-05 9.426522838341125582e-04
-1.319064633154280362e-04 -1.319484522711157452e-04 6.844692822689993480e-04
-2.804203154239440460e-04 -2.801301195974585266e-04 9.283385180907334153e-04
6.988431844124841071e-05 7.009341691502703230e-05 9.301602681297460248e-04
-9.078832842074278909e-05 -9.096977076254417780e-05 1.083698217102185965e-03
-9.142577555636618460e-05 -9.139579018682879947e-05 9.968894034632052713e-04
1.347774569860486532e-04 1.350031532027680392e-04 7.939631629832847063e-04
1.793337367143565446e-05 1.793116097463866331e-05 9.468581963639575039e-04
-1.018992196478477969e-04 -1.018278314381664430e-04 1.153601811651321432e-03
1.574326950233338138e-05 1.577015652791437860e-05 7.827491684097435173e-04
1.756746014100365571e-04 1.755063796194609169e-04 7.575368984547115134e-04
-1.172903141892745697e-04 -1.173900176273444211e-04 7.619414531333434850e-04
-1.766220729256952988e-04 -1.768364241381785841e-04 1.253436964373651598e-03
1.648989179219798734e-04 1.651052010096723391e-04 9.128718919029256418e-04
-1.076538691546225488e-04 -1.077134840858413352e-04 8.995943556680091298e-04
1.998616047540861806e-05 1.998361003942056126e-05 1.043116710943072607e-03
-4.884646180598868402e-06 -4.819537698557306529e-06 7.193673398647790597e-04
-1.804113008153360376e-05 -1.826087988320200203e-05 9.422935513094495615e-04
-1.325615575441016329e-04 -1.326050797093200856e-04 7.889603209900859738e-04
-8.668210303606464653e-06 -8.415147923568195207e-06 9.622064361423875688e-04
-1.145689102013329019e-04 -1.147897938547166652e-04 8.627533708930188372e-04
7.689179825156993982e-05 7.721586588646953890e-05 1.134792105711274505e-03
2.878669535427398965e-05 2.875699341469009230e-05 1.128364828662739095e-03
3.613673726837716857e-05 3.606671390689005548e-05 7.066850472996125511e-04
3.467629147189215229e-05 3.443940969539145653e-05 1.041804044626073794e-03
3.051194990424274081e-04 3.048560811424889374e-04 1.114560558795551831e-03
-1.319105000483256930e-04 -1.316942382968339694e-04 9.600425245655213723e-04
1.497958385262456024e-04 1.498073446262660662e-04 7.377657852583791899e-04
-1.562832520965910332e-04 -1.560372729720611168e-04 8.689631042443686114e-04
-9.662666206116013294e-05 -9.684813582258288149e-05 6.999968704686237607e-04
2.002612972247280374e-04 1.999927310005150216e-04 9.925436330221414603e-04
-8.691429728440061662e-05 -8.693318410782306508e-05 8.696389050251013535e-04
4.111719791954502392e-05 4.123057694561976143e-05 8.628547546727344903e-04
-5.569150044002782950e-06 -5.683180236436802981e-06 1.200559164489119722e-03
6.454283441223764831e-05 6.481454685953513329e-05 7.678349814056835074e-04
-2.400751750994016337e-04 -2.400737503763825478e-04 1.284083489906626000e-03
6.690615047548096554e-05 6.690443234536947500e-05 1.039171610742166017e-03
1.715375285918080547e-04 1.714649266198743605e-04 1.041193748878502549e-03
-1.915885522986770302e-04 -1.914711303626279160e-04 1.096623068552589298e-03
2.772235698814658005e-04 2.770183012241067165e-04 1.088667502987072542e-03
9.789240151915542534e-05 9.776324416117063035e-05 9.908648652011610870e-04
-3.639593771184951396e-05 -3.648659849903640500e-05 8.318351516958386776e-04
-2.277673031179412930e-05 -2.278543051628799347e-05 1.016466180169497101e-03
-2.996439030294223814e-05 -2.974686762065333729e-05 8.693034870921204169e-04
9.530928188912780852e-05 9.516605130919509584e-05 5.863736552688551861e-04
-5.472887791364071715e-06 -5.604538686131561391e-06 1.024852237647739519e-03
4.013981047969548542e-05 3.972255788912016500e-05 9.022946363204337270e-04
1.231299130005547969e-05 1.214286885404511903e-05 7.647718091718750397e-04
-1.547139746755278220e-04 -1.549812053630650127e-04 9.595413396328642116e-04
-1.357916835046715505e-04 -1.360826058459977620e-04 7.478927517371361912e-04
8.237203554648352545e-05 8.265041028301366177e-05 1.020805065514709606e-03
9.300516080855589197e-05 9.273224220104768934e-05 8.670998628745733069e-04
-6.701408781954967960e-05 -6.709392277387191128e-05 8.699869964514192087e-04
-2.968654770878088658e-06 -3.025613125214462766e-06 8.177640153935070112e-04
1.499218738866500721e-04 1.497422436174882605e-04 1.024585584050671273e-03
7.490257561048940327e-05 7.518352319577853232e-05 1.068576814941762194e-03
-7.054437109874999009e-05 -7.064431712384408113e-05 7.775599317476586695e-04
1.984101989368656984e-04 1.984646877196668613e-04 8.863573583558809373e-04
1.357519171808141414e-05 1.374575351438095169e-05 1.030147371637313508e-03
-3.162711646232445285e-04 -3.161554792242143863e-04 1.184892316010654166e-03
6.460816423627669378e-05 6.469689245457298948e-05 6.191204424479403948e-04
1.431148932027751018e-04 1.430470417459570748e-04 7.209930022427004509e-04
-1.153437698877794065e-04 -1.154293252593218994e-04 6.373639990719877401e-04
-5.859246157829736397e-05 -5.862449260910205541e-05 8.202965590674713347e-04
1.457070550444925839e-04 1.456273377398023864e-04 8.523712081820608794e-04
8.203255824176396193e-05 8.196763438971149446e-05 6.703773793071021074e-04
-5.972196485765985053e-07 -1.319305062130960989e-07 9.167455354327248016e-04
1.391560821900787791e-04 1.392111779186514973e-04 9.413620232953484558e-04
-9.300451415487773433e-07 -9.799501565470898658e-07 9.861454040918083124e-04
-2.589502116502396240e-05 -2.601448116566753299e-05 1.174806987478229205e-03
1.408407634061865866e-04 1.408274819486177317e-04 6.008925693084876197e-04
-9.724297056382638540e-05 -9.706814177344947941e-05 9.728325391525766141e-04
1.034469624528993860e-05 1.054861470323250692e-05 1.138568410164568718e-03
2.981250067955592284e-04 2.979320030205752650e-04 1.145404240202992953e-03
2.171390744829315776e-04 2.169846690292334429e-04 8.432932139702096650e-04
-1.849083642453113884e-04 -1.849880024784798490e-04 9.008524832678731480e-04
-5.239948914181876896e-05 -5.248807310715449518e-05 9.986264861323386650e-04
7.358628331181844623e-05 7.381340205658708557e-05 8.320289514771330407e-04
-7.836536869722396869e-05 -7.855657881266622442e-05 7.110477072322156323e-04
6.846935323179755592e-06 6.855958303972899636e-06 1.125042367250106770e-03
1.275126381403652654e-04 1.272493915013744111e-04 7.521034395333201731e-04
3.636428021451807894e-05 3.618325501892213317e-05 6.156219671221617668e-04
5.045350908629334696e-07 7.438506402609069787e-07 8.367446848158820042e-04
3.253674518199544329e-05 3.246508292773647042e-05 8.500375819230618140e-04
1.518809231939524092e-05 1.504550274558044912e-05 1.237221625967643325e-03
-1.408799016418102901e-04 -1.409327599854415746e-04 7.708958320913044532e-04
-2.135156730374351825e-05 -2.141512072808216810e-05 8.774567730069942261e-04
-1.660465087910336529e-04 -1.660524845046196403e-04 7.157994830017013876e-04
1.766392701755393850e-04 1.765340415954502837e-04 9.165857891339303275e-04
7.328769281674318912e-05 7.324258590697137845e-05 8.495272415869917172e-04
2.127563545676795320e-04 2.131826568196851408e-04 1.028983973220741867e-03
-1.209119961284998713e-04 -1.209932802564455718e-04 8.791605664809998364e-04
-2.754631355245627382e-05 -2.792125563933733123e-05 1.368513776550600971e-03
-4.769327163900873007e-05 -4.745243333439995106e-05 1.039467724926007109e-03
-2.379336593361853266e-04 -2.381168592152867235e-04 8.799356088303411606e-04
-1.855647208900659923e-05 -1.866774408042361455e-05 8.678955831221962921e-04
-4.077542690978143707e-04 -4.076163860974196828e-04 9.378159416244609588e-04
1.699123909896031162e-04 1.696877858621293758e-04 8.212078095898918840e-04
1.118332654808709546e-04 1.120324270308347932e-04 9.675688962776945621e-04
-3.602724944670676285e-04 -3.600264511126453383e-04 7.789952798824480466e-04
-2.188869042845031042e-04 -2.187417030202580819e-04 1.087738553012211964e-03
8.027293384729759296e-05 8.028396677958870718e-05 8.296120447225437816e-04
5.463388342747046983e-06 5.762126186890465597e-06 8.544442371350247176e-04
7.586157652553628790e-06 7.844160524237766971e-06 6.497979461130347313e-04
-2.205412440106641945e-05 -2.175497111362762834e-05 9.756113710545646044e-04
1.831242868762003161e-04 1.833771316535774741e-04 6.323628659669828286e-04
3.324348827561202048e-05 3.316592278646527417e-05 9.250634587091811564e-04
-2.268101576657048787e-04 -2.267042293498074731e-04 7.777689765620659926e-04
4.264056237568438320e-05 4.256296466698574740e-05 7.586353628377968256e-04
6.007530264170777938e-05 6.006455495047381189e-05 9.057064868382180053e-04
-1.458336996456968443e-04 -1.460137932999144600e-04 1.161199954195166585e-03
