7.114363105738177179e-03 1.981981018645627410e+04
2.787129627571217905e-02 7.532628155007725582e+04
-3.642054485169237549e-02 -9.487017781174262927e+04
-2.099427296226017217e-02 -5.726142142707003222e+04
6.833529581420030689e-03 1.912967047257121158e+04
-2.396323074887941884e-02 -6.485524017654232739e+04
-1.921169878681754789e-02 -5.349989080371781165e+04
-1.683250220008736253e-02 -4.463454607467821188e+04
3.315450602359631960e-02 8.592457849041343434e+04
2.733083577007254864e-02 7.420149273798005015e+04
-4.967307228399195362e-02 -1.357818905157659319e+05
-2.026567019436696648e-02 -5.457830792617819679e+04
-2.644530951179762529e-03 -7.385825966712393893e+03
4.059040347987106362e-02 1.099802115580835234e+05
4.161041075985874582e-02 1.088830469327031169e+05
-9.640658493462708062e-03 -2.703319655888134366e+04
-1.883345611088207971e-02 -4.870072636520763626e+04
8.672909755040902544e-03 2.409947537184396788e+04
1.556169423517954689e-02 4.242389776473889651e+04
-1.642676802882141532e-02 -4.519042818362105754e+04
-1.989281069308880892e-02 -5.608672314584231935e+04
1.756986620403853255e-02 4.860051351966603397e+04
-3.170476202131562726e-02 -8.505016695953786257e+04
2.571917649292215780e-02 6.972578820589641691e+04
1.716182792922921543e-02 4.660576034900613740e+04
-2.076984037146829137e-02 -5.643958440151328978e+04
-2.364643490276805305e-03 -6.577236906211141104e+03
3.825315836118047767e-03 1.024671070860627697e+04
4.769388740068640498e-02 1.296063885944774811e+05
-7.787188879376993542e-03 -2.127265752936018907e+04
-2.079486761789258592e-02 -5.863081399360945215e+04
3.972471007026774636e-02 1.088563847317816108e+05
-3.109933764315182467e-02 -8.967079593785460747e+04
-2.604390888405875432e-02 -7.033439305706035520e+04
3.230782574911190974e-02 8.923321796580850787e+04
-2.584236432133017475e-03 -7.472322690763970058e+03
1.089000280276722528e-02 2.987463168282117113e+04
9.884910985950333753e-03 2.724898948826820197e+04
-1.875430290879284007e-02 -4.950734842073672189e+04
-3.000594017976284181e-02 -8.317888381971290801e+04
2.769297276435576678e-03 7.833319435453474398e+03
4.255053832549149373e-02 1.170166615130436257e+05
2.130791839444943006e-02 5.621009675291254825e+04
2.190013306334697828e-03 6.029754385310448924e+03
5.246293955889961766e-03 1.414517780349398890e+04
-2.472318649255914264e-04 -6.743016573136897023e+02
2.459931541598711288e-02 6.721597583740293339e+04
-3.440586270779422140e-02 -9.439234193789337587e+04
1.901984742470646736e-02 5.094813399548600864e+04
-5.710137258879153035e-03 -1.594406387215667746e+04
-5.356486491189468152e-03 -1.437896914061531425e+04
-1.435590181018235947e-02 -4.017153423475856107e+04
2.540393814522492327e-02 7.525994969816220691e+04
2.391119066965875783e-02 6.586382705721429375e+04
-6.959451412595917680e-03 -1.984680803946612650e+04
-4.398158445176154896e-02 -1.173327173112349847e+05
-5.126235120623044358e-03 -1.384355860614989979e+04
-3.706326045179059864e-02 -1.006004995385585062e+05
1.283792902878251943e-02 3.433750758621448040e+04
-6.266780247966793983e-06 -1.634166069015094536e+01
2.147032375367212420e-02 6.027697263835012564e+04
-1.082121662432571074e-02 -2.864882835440776762e+04
-9.494350456703075022e-03 -2.623732433632668108e+04
3.601682892039534400e-03 9.608903924945076142e+03
3.950535114319837782e-02 1.109373087676352006e+05
-3.555071288681942859e-02 -9.901038470085411973e+04
-1.243523026688789918e-02 -3.422193148207958438e+04
1.716411045094810850e-02 4.801469320641001104e+04
-2.347986417265153503e-02 -6.392969815012794425e+04
-2.222216200442872491e-02 -5.483115059977056808e+04
2.273864089690343440e-02 6.256989772667225770e+04
1.566514080852528202e-03 4.207098980755864432e+03
8.507441808255094065e-03 2.269724458012283503e+04
-4.320354751833984513e-02 -1.171627878450507269e+05
-2.445414797692075162e-02 -6.583825866358446365e+04
2.783800370441838565e-03 7.520056232965725940e+03
-2.435047355930863508e-02 -6.760339532094917377e+04
-3.562847967650285136e-02 -1.013741111796229379e+05
1.616465032426999326e-03 4.786811096527528207e+03
-4.025696183465762856e-02 -1.081071606887342350e+05
-6.858441916331705669e-03 -1.843822067453910859e+04
3.022119946707256186e-02 8.073121123033648473e+04
-2.516092505002470725e-02 -6.577556078685005195e+04
1.711143483462437441e-03 4.509397927262739358e+03
-2.997072188987347230e-02 -8.021488186485265032e+04
-5.487455508693335482e-02 -1.471268775916629238e+05
3.993557658462161433e-04 1.093521107978780492e+03
2.844829144638490875e-02 7.691509020258215605e+04
-9.358333593119457991e-03 -2.500159273273151121e+04
1.389713150177518224e-02 3.763341263682416320e+04
1.391375235226682654e-02 3.915026304134402017e+04
3.602632927461273116e-02 9.610268334570068691e+04
3.684312818013891350e-03 1.026657710687861982e+04
3.124087474322229455e-02 8.579740246877606842e+04
-1.624650200196395625e-02 -4.522914624401431502e+04
4.926937034537300780e-02 1.324215984087773249e+05
3.909264593065655408e-02 1.115140559367692040e+05
-1.624921441810424014e-02 -4.479727112467748520e+04
-8.714010249736492408e-02 -2.270854398271894897e+05
1.935650283337202529e-02 5.265672476308109617e+04
-1.724414504237069962e-02 -4.603515644689868350e+04
3.194389603939000542e-03 8.713893752114232484e+03
-2.202010372456617709e-02 -5.794631545135184570e+04
-1.679586602031810788e-02 -4.732312121859175386e+04
2.170393884755041428e-02 5.893715659869654337e+04
5.361624722167478846e-02 1.471397916263946972e+05
-4.121981765926309438e-02 -1.140490311690867093e+05
9.165125836207314858e-03 2.547187493706882742e+04
4.901041059268767923e-03 1.331288129811275030e+04
-2.344519067636586726e-02 -6.403147888211836107e+04
-2.331565764080845843e-02 -6.409115673342902301e+04
5.475271820667299699e-02 1.507039386740890041e+05
-1.368536072577839413e-03 -3.719528059708323781e+03
-4.795505515267917997e-03 -1.338751755599639546e+04
4.064811811563238259e-03 1.120911247853744862e+04
-1.221114051383060360e-02 -3.482415200174874190e+04
2.290656349202133124e-02 6.143842868861247553e+04
1.907099623697187940e-02 5.257815548454700911e+04
1.167597725380910452e-02 3.141167681086912853e+04
1.403665967362323005e-02 3.923399219800014544e+04
4.070881467321884467e-02 1.069688466108068533e+05
-4.178714863415778150e-03 -1.137054043933011963e+04
-2.157856372081680060e-02 -6.152036062658437004e+04
3.613061751632152402e-02 9.759709733761809184e+04
8.686788793565099892e-03 2.446102566331648632e+04
-2.819140222336771317e-03 -7.597064366666519163e+03
-1.729712424236321336e-02 -4.703717751145044167e+04
2.134948479495923923e-02 5.944470990326041647e+04
-5.707168713075179943e-03 -1.512962925351891317e+04
3.113439037305918301e-03 8.541496666372444452e+03
-1.253671245546804369e-02 -3.405288617057864758e+04
-1.808555304308872430e-02 -4.864214453525321733e+04
-1.634584271714643964e-03 -4.722047441023417377e+03
-2.010732789187031494e-02 -5.566741034443454555e+04
-1.482175630786878445e-02 -3.926943662799182493e+04
3.033676584758507322e-02 8.315903476006367418e+04
-3.756275525959002631e-02 -1.048771658360153524e+05
1.001782851656300537e-02 2.599072026882909631e+04
2.169569676515390941e-02 5.865464451716043550e+04
-4.506475241082646271e-03 -1.272149804472020514e+04
8.779490507673340036e-03 2.446967379831174185e+04
-5.484778874030879839e-03 -1.424774687417206769e+04
8.063733337592547679e-03 2.132098402445442480e+04
-2.343052460663409484e-02 -6.650653497118005180e+04
1.088440866899251062e-02 2.991838573983541210e+04
3.459282747334456454e-02 9.675550304723180307e+04
-4.292737437148255036e-02 -1.117077494532471319e+05
-3.875625835139113323e-02 -1.071540405821373133e+05
-2.152254931607909538e-02 -5.967267215225269319e+04
1.849708854775207814e-02 5.270215375647124165e+04
-3.039477993761854901e-02 -8.448522945040687046e+04
1.846442975729135905e-02 4.750110997847143881e+04
-1.315955219784127779e-02 -3.468344970830434613e+04
-4.263882276102135688e-02 -1.219738744775668165e+05
3.663238132453646573e-02 1.007017268822612095e+05
-1.985828601502018578e-02 -5.343063917469223088e+04
3.103994239581419918e-03 8.332089016026073296e+03
-6.712856883998951849e-03 -1.870650791294915325e+04
1.306311789781020201e-02 3.367519752698744560e+04
3.553553096638528436e-03 9.591568609490248491e+03
1.648714371111173471e-02 4.606140902998395904e+04
-2.573430857018345341e-02 -6.970241440619985224e+04
-1.565044664278250966e-02 -4.250012381419960002e+04
-1.230601839536473070e-02 -3.304460806016952120e+04
-1.440566865372793458e-02 -3.712300674048809014e+04
-3.641714898984880350e-02 -9.828904829734477971e+04
-1.884121311740111215e-02 -5.217197921286393102e+04
4.453399314121152253e-02 1.202158707664972171e+05
1.098408348267392292e-03 2.913360728910927719e+03
4.222749284571633566e-02 1.149542640952223155e+05
-1.777500697286319223e-02 -4.826854442017281690e+04
-1.590152722302091287e-02 -4.348607622242176149e+04
-9.805603832692400684e-03 -2.695116087540211447e+04
4.865686339833419360e-02 1.321627071908492653e+05
7.822664266029310349e-04 2.079968565727750502e+03
-4.564911064560093351e-02 -1.260645871954795002e+05
-2.887857458476944528e-02 -7.598422627390686830e+04
1.835476475454219866e-02 5.067961918481195607e+04
-6.093197528451358910e-03 -1.603648773551693012e+04
-3.077448544301469770e-03 -8.398441476638745371e+03
-3.439341403023037785e-02 -9.007324904506398889e+04
2.257302938442088541e-02 6.021656685678786744e+04
3.912514130290346837e-02 1.087564566509598953e+05
-2.730413121117091987e-02 -7.425146258630596276e+04
2.619169962625044618e-02 6.902033434210611449e+04
-3.685005658450256349e-02 -1.053917098827985028e+05
-1.447643874826692358e-02 -3.934174952059170755e+04
-1.282427327521786127e-02 -3.529676017072036484e+04
-1.851585680987764652e-03 -4.968353873328225745e+03
-1.434492784777623674e-02 -4.206232106058829959e+04
-1.493464566898259661e-02 -4.191263405372514535e+04
-9.889957511695185791e-03 -2.740893253649698090e+04
-1.872618064514792319e-03 -5.289456999521822581e+03
3.022418923445839220e-02 7.820270007523133245e+04
2.162622045200010557e-02 5.905319969828887406e+04
-1.922699019324406941e-02 -5.202467745808576728e+04
-7.539785865147244012e-03 -2.020213579343840684e+04
2.129149691679062609e-02 5.636785923134749464e+04
-1.176682201377998206e-02 -3.205910963508767964e+04
-1.585056143143711779e-02 -4.344638481345598848e+04
